Device = VHR-0009
time_stamp = 1777346019467
sample_rate = 50
Data format = INT16
TYPE = 6-AXIS IMU RAW DATA
7
-3
1
-459
22
4256
1298560
5
-5
1
-468
35
4262
1299585
-2
-5
2
-461
22
4296
1300610
-1
0
5
-461
11
4272
1301635
4
-1
4
-465
22
4256
1302660
6
-6
0
-460
11
4257
1303685
5
-1
0
-467
11
4240
1304710
1
-3
-1
-470
39
4252
1305735
0
-7
-1
-458
26
4285
1306760
1
-4
3
-462
10
4278
1307785
1
-1
4
-462
17
4226
1308810
-3
-6
2
-459
25
4269
1309835
-2
-2
1
-461
33
4278
1310860
1
3
4
-467
25
4250
1311885
1
-5
1
-467
13
4254
1312910
-1
-4
2
-471
14
4254
1313935
1
-6
1
-465
33
4255
1306882
1
-5
1
-456
6
4280
1307907
11
3
-3
-455
-2
4271
1308932
22
8
-4
-468
22
4258
1309957
21
3
-7
-468
40
4257
1310982
16
-3
-10
-462
29
4272
1312007
13
0
-8
-472
34
4272
1313032
15
5
-4
-480
44
4247
1314057
16
5
1
-475
39
4252
1315082
15
4
2
-480
23
4251
1316107
18
1
0
-472
22
4244
1317132
16
1
-3
-477
41
4238
1318157
13
-2
-6
-478
61
4262
1319182
15
-2
-7
-472
43
4289
1320207
23
6
-3
-483
38
4252
1321232
25
2
-4
-485
37
4239
1322257
16
5
1
-475
39
4252
1315082
15
4
2
-480
23
4251
1316107
18
1
0
-472
22
4244
1317132
16
1
-3
-477
41
4238
1318157
13
-2
-6
-478
61
4262
1319182
15
-2
-7
-472
43
4289
1320207
23
6
-3
-483
38
4252
1321232
25
2
-4
-485
37
4239
1322257
21
-1
-2
-473
47
4251
1314944
16
1
0
-471
56
4269
1315969
21
2
0
-466
30
4275
1316994
23
13
4
-474
53
4254
1318019
8
8
2
-484
69
4259
1319044
-3
1
2
-469
67
4272
1320069
4
5
5
-480
69
4241
1321094
7
-3
5
-484
75
4263
1322119
6
-6
1
-474
33
4286
1323144
11
2
3
-485
37
4246
1324169
21
-2
0
-478
57
4247
1325194
35
2
1
-476
56
4286
1326219
56
12
-2
-473
5
4300
1327244
89
23
-11
-467
-50
4319
1328269
121
40
-25
-482
-83
4365
1329294
160
53
-41
-459
-82
4502
1330319
243
67
-66
-445
-148
4564
1323136
354
79
-81
-440
-62
4567
1324161
426
87
-71
-550
151
4484
1325186
393
76
-26
-521
295
4395
1326211
338
24
-10
-513
425
4334
1327236
259
5
13
-530
305
4132
1328261
200
65
80
-519
265
4023
1329286
183
119
93
-552
515
4070
1330311
103
68
53
-528
519
4104
1331336
55
51
46
-541
506
4039
1332361
33
19
47
-563
491
4025
1333386
59
-27
16
-593
402
4058
1334411
61
-82
-21
-587
412
4066
1335436
11
-125
-52
-556
396
4103
1336461
-30
-144
-73
-534
298
4215
1337486
-40
-154
-87
-528
258
4301
1338511
-32
-162
-91
-485
276
4330
1331327
-31
-148
-64
-416
316
4336
1332352
-54
-113
-36
-396
269
4325
1333377
-79
-97
-53
-418
188
4331
1334402
-100
-104
-54
-349
153
4393
1335427
-107
-89
-41
-298
165
4257
1336452
-113
-47
-44
-370
170
4083
1337477
-69
-29
-78
-437
96
4112
1338502
4
9
-83
-445
137
4105
1339527
61
85
-46
-549
300
3999
1340552
114
116
-18
-713
420
3970
1341577
128
87
5
-711
501
4084
1342602
50
29
20
-555
511
4250
1343627
10
-20
1
-493
400
4189
1344652
16
-36
-13
-492
434
4075
1345677
7
-34
-23
-471
455
4082
1346702
-5
-26
-37
-470
411
4103
1339520
-13
-18
-33
-488
375
4017
1340545
-27
-11
-23
-489
316
4038
1341570
-95
-8
-31
-479
147
4285
1342595
-66
-16
-46
-555
15
4336
1343620
41
-18
-57
-475
174
4191
1344645
7
61
-33
-469
279
4284
1345670
-45
42
-13
-398
187
4569
1346695
-21
62
20
-352
207
4475
1347720
8
199
63
-452
230
4345
1348745
39
256
76
-559
286
4227
1349770
42
235
84
-557
468
4227
1350795
-32
153
79
-577
370
4271
1351820
-63
43
19
-600
276
4187
1352845
-66
-32
-38
-597
378
4144
1353870
-106
-85
-41
-556
374
4136
1354895
-153
-56
-4
-540
262
4271
1347712
-159
-56
3
-546
187
4332
1348737
-125
-75
-9
-546
160
4288
1349762
-71
-55
-6
-534
161
4229
1350787
-36
-5
11
-516
172
4295
1351812
-32
19
25
-533
158
4286
1352837
-21
14
36
-553
200
4237
1353862
-9
-6
28
-551
229
4220
1354887
0
-38
1
-539
231
4202
1355912
11
-72
-25
-539
244
4239
1356937
10
-87
-35
-526
250
4238
1357962
-13
-72
-25
-509
200
4238
1358987
-36
-26
-1
-485
198
4299
1360012
-39
6
9
-499
215
4326
1361037
-23
1
7
-519
194
4275
1362062
-6
-1
8
-523
170
4242
1363087
14
11
7
-532
171
4231
1355904
19
17
11
-514
217
4235
1356929
10
13
6
-514
212
4265
1357954
10
13
2
-520
193
4251
1358979
15
22
2
-525
215
4238
1360004
17
17
6
-525
243
4245
1361029
17
9
3
-520
232
4279
1362054
14
10
2
-526
219
4270
1363079
15
10
1
-533
212
4223
1364104
17
15
0
-534
243
4215
1365129
5
7
-2
-524
254
4283
1366154
5
-8
-6
-528
204
4281
1367179
18
7
-2
-542
206
4213
1368204
24
17
-3
-551
222
4186
1369229
16
16
-1
-545
272
4218
1370254
-1
5
1
-539
267
4283
1371279
4
-12
-6
-526
184
4279
1364096
30
11
-3
-541
181
4171
1365121
47
30
-3
-539
242
4212
1366146
45
25
-4
-539
258
4295
1367171
45
46
-4
-546
166
4233
1368196
84
112
20
-587
239
4210
1369221
116
66
-8
-563
309
4221
1370246
101
10
-25
-565
284
4186
1371271
67
6
-16
-568
299
4204
1372296
32
4
-1
-568
348
4272
1373321
0
-14
-1
-545
354
4315
1374346
-20
-2
5
-558
303
4252
1375371
-25
-2
11
-578
289
4219
1376396
-21
-19
6
-570
277
4236
1377421
-24
-24
6
-560
260
4222
1378446
-24
-18
6
-563
244
4204
1379471
-13
-3
11
-570
273
4209
1372287
-10
0
9
-570
265
4247
1373312
2
-7
3
-559
255
4273
1374337
9
5
7
-569
299
4215
1375362
-4
-7
6
-572
308
4200
1376387
-17
-15
4
-555
258
4252
1377412
-16
-3
11
-564
262
4236
1378437
-9
-7
6
-575
260
4210
1379462
-4
-14
3
-559
281
4223
1380487
-3
-10
7
-558
270
4266
1381512
29
-7
8
-534
286
4327
1382537
90
52
27
-453
339
4503
1383562
221
395
140
-532
56
4277
1384587
97
195
81
-708
519
3907
1385612
-118
47
-27
-611
469
4297
1386637
-69
181
96
-620
444
4134
1387662
-47
288
149
-657
120
4094
1380481
-54
325
149
-684
-5
4251
1381506
-30
253
114
-703
239
4140
1382531
14
140
97
-819
231
4116
1383556
36
-50
41
-788
449
4193
1384581
10
-193
-31
-768
341
4133
1385606
37
-184
-44
-661
190
4207
1386631
130
-8
-30
-576
184
4509
1387656
211
299
-47
-524
430
4607
1388681
10
-32
-84
-773
873
4027
1389706
-190
-90
-30
-830
262
3907
1390731
-148
31
88
-703
135
4063
1391756
-86
70
123
-692
-77
4118
1392781
-32
40
162
-704
163
4356
1393806
47
-20
19
-740
443
4214
1394831
53
-165
-112
-771
371
4090
1395856
55
-269
-178
-725
306
4042
1388673
61
-222
-129
-620
301
4211
1389698
20
-145
-96
-585
347
4344
1390723
-24
-137
-85
-604
327
4351
1391748
-28
-90
-46
-619
381
4299
1392773
-38
-56
-20
-622
327
4209
1393798
-55
-19
6
-626
257
4210
1394823
-46
-11
8
-640
246
4171
1395848
-30
-26
-2
-626
273
4212
1396873
-8
-47
-10
-621
248
4233
1397898
5
-38
-9
-614
272
4228
1398923
3
-25
-14
-615
289
4262
1399948
1
-12
-10
-608
303
4204
1400973
-10
7
2
-645
263
4120
1401998
-13
-34
-11
-622
292
4212
1403023
0
-44
-16
-584
333
4337
1404048
4
-27
-8
-590
335
4284
1396863
-11
-7
8
-613
282
4194
1397888
-16
-5
9
-618
239
4195
1398913
-8
0
7
-628
253
4213
1399938
2
-11
2
-614
289
4215
1400963
8
-12
-2
-612
289
4188
1401988
0
-2
2
-605
311
4238
1403013
-18
4
6
-610
310
4268
1404038
-30
2
9
-605
275
4237
1405063
-26
-4
8
-611
260
4196
1406088
-18
-7
4
-614
253
4208
1407113
-10
-1
3
-602
264
4251
1408138
-2
5
5
-606
281
4250
1409163
0
7
9
-616
281
4218
1410188
-1
6
10
-616
289
4203
1411213
-12
5
11
-618
284
4223
1412238
-16
3
5
-614
260
4230
1405056
-10
-5
-2
-622
270
4217
1406081
-4
-21
-5
-610
295
4218
1407106
-18
-25
-5
-607
264
4214
1408131
-24
-18
-5
-609
229
4240
1409156
-1
-7
-3
-617
256
4223
1410181
16
-4
-3
-613
276
4227
1411206
19
-4
0
-609
282
4242
1412231
16
-8
1
-602
299
4266
1413256
4
7
12
-607
305
4231
1414281
-9
15
18
-620
266
4204
1415306
-13
6
17
-619
277
4210
1416331
-13
-10
7
-616
248
4201
1417356
-9
-27
-2
-609
266
4224
1418381
-3
-22
-3
-606
266
4227
1419406
9
-2
0
-599
239
4246
1420431
21
9
0
-596
291
4264
1413248
14
13
2
-615
314
4211
1414273
-5
-2
3
-622
285
4192
1415298
-17
-10
5
-621
279
4203
1416323
-11
-10
5
-605
261
4254
1417348
1
1
7
-593
281
4264
1418373
6
16
9
-606
261
4220
1419398
3
27
7
-610
264
4231
1420423
3
20
5
-625
307
4212
1421448
2
-3
-3
-640
285
4181
1422473
2
-33
-11
-635
258
4187
1423498
0
-38
-13
-614
266
4205
1424523
4
-18
-9
-595
262
4268
1425548
23
9
-2
-602
268
4280
1426573
34
24
2
-609
282
4245
1427598
37
21
1
-630
275
4192
1428623
24
13
5
-616
315
4218
1421439
11
4
6
-619
310
4221
1422464
0
-3
5
-627
290
4202
1423489
0
-7
1
-624
295
4215
1424514
4
-12
-1
-612
289
4227
1425539
3
-12
-2
-609
264
4246
1426564
10
1
-3
-608
266
4235
1427589
20
16
1
-622
313
4220
1428614
19
9
1
-634
314
4201
1429639
5
-2
5
-633
327
4224
1430664
-11
-17
6
-626
296
4213
1431689
-20
-18
12
-615
319
4225
1432714
-27
-13
15
-618
298
4228
1433739
-32
-8
19
-609
293
4244
1434764
-26
-1
20
-620
270
4224
1435789
-16
-4
15
-621
264
4197
1436814
-12
-10
4
-623
265
4178
1429632
-12
-14
-2
-618
276
4206
1430657
-11
-11
0
-611
310
4268
1431682
-10
-17
-1
-598
311
4274
1432707
-10
-3
4
-609
280
4240
1433732
-7
8
11
-622
297
4211
1434757
-5
1
6
-628
261
4199
1435782
3
-2
5
-618
268
4222
1436807
12
-3
-1
-620
279
4236
1437832
11
1
3
-616
304
4234
1438857
6
3
7
-615
301
4244
1439882
15
-4
11
-620
295
4231
1440907
29
-8
8
-610
288
4297
1441932
60
-9
8
-582
354
4310
1442957
80
88
31
-536
205
4115
1443982
48
316
109
-666
119
4214
1445007
-12
99
15
-671
544
4341
1437824
6
126
29
-710
427
4230
1438849
30
151
89
-649
399
4010
1439874
-32
228
114
-683
22
4092
1440899
-30
254
123
-694
175
4248
1441924
8
260
123
-757
283
4213
1442949
41
200
139
-824
336
4278
1443974
50
2
46
-867
441
4122
1444999
38
-139
-31
-819
258
3911
1446024
36
-118
-52
-704
328
4196
1447049
40
-138
-99
-684
312
4290
1448074
47
-120
-84
-683
320
4350
1449099
89
1
-29
-636
507
4560
1450124
166
243
-1
-582
454
4557
1451149
308
516
183
-832
12
4078
1452174
-8
-97
-53
-929
722
3601
1453199
-275
-360
-202
-858
398
4100
1446027
-151
-281
-15
-698
695
3865
1447052
-149
-8
72
-614
15
4320
1448077
-85
267
166
-609
-39
4816
1449102
38
295
101
-784
175
4228
1450127
58
108
30
-952
273
3857
1451152
47
-192
-31
-935
479
3810
1452177
39
-328
-119
-782
424
4022
1453202
34
-346
-159
-644
419
4328
1454227
17
-272
-178
-620
217
4362
1455252
-7
-118
-105
-584
398
4501
1456277
-3
6
-31
-630
470
4407
1457302
-2
46
9
-703
378
4111
1458327
-24
40
24
-720
253
4108
1459352
-19
0
22
-725
244
4134
1460377
13
-41
-40
-709
337
4097
1461402
24
-84
-66
-717
229
4021
1454208
31
-73
-55
-647
261
4286
1455233
91
-42
-54
-607
406
4451
1456258
133
59
-18
-662
412
4221
1457283
60
93
3
-725
404
4125
1458308
-2
-11
-23
-683
445
4236
1459333
-17
-30
-14
-687
400
4224
1460358
-17
-37
-4
-687
438
4184
1461383
-45
-37
3
-670
374
4207
1462408
-62
-12
15
-668
315
4227
1463433
-38
-8
7
-687
274
4217
1464458
6
-17
-2
-681
311
4226
1465483
29
-7
-4
-681
357
4182
1466508
20
1
1
-670
366
4192
1467533
9
17
4
-677
348
4214
1468558
14
11
5
-682
385
4221
1469583
1
-13
4
-684
415
4210
1462400
-19
-33
2
-674
334
4205
1463425
-29
-13
10
-666
366
4197
1464450
-35
-6
11
-672
365
4219
1465475
-27
-11
6
-680
326
4203
1466500
-15
-16
4
-674
325
4192
1467525
-6
-26
-4
-675
318
4209
1468550
-1
-13
-1
-661
352
4236
1469575
1
3
5
-677
370
4204
1470600
-3
-5
7
-682
362
4188
1471625
-9
-12
8
-678
349
4213
1472650
-15
-17
8
-674
348
4226
1473675
-27
-20
11
-664
349
4238
1474700
-32
-8
19
-661
368
4202
1475725
-26
-10
13
-677
316
4180
1476750
-12
-17
6
-671
305
4203
1477775
-1
-13
1
-672
302
4200
1470592
3
-11
-1
-663
336
4218
1471617
11
-2
-3
-669
362
4218
1472642
4
-1
2
-674
381
4208
1473667
-16
-15
8
-666
371
4210
1474692
-26
-25
12
-662
340
4209
1475717
-22
-27
9
-660
301
4217
1476742
-7
-10
10
-660
311
4260
1477767
-5
8
16
-672
370
4200
1478792
-24
-11
13
-665
343
4181
1479817
-35
-23
10
-655
328
4191
1480842
-29
-23
5
-661
298
4232
1481867
-7
-17
-2
-652
292
4225
1482892
2
3
4
-656
325
4206
1483917
-1
0
2
-654
347
4213
1484942
-8
-5
4
-664
345
4205
1485967
-17
-12
8
-663
351
4209
1478784
-36
-22
15
-654
359
4224
1479809
-52
-23
18
-649
323
4239
1480834
-32
-21
12
-651
269
4219
1481859
-8
-13
6
-659
270
4204
1482884
4
-8
2
-661
278
4212
1483909
14
3
2
-657
323
4199
1484934
13
3
-1
-667
328
4189
1485959
2
-3
0
-661
360
4217
1486984
-21
-10
6
-657
362
4237
1488009
-35
-22
10
-639
306
4254
1489034
-23
-12
8
-639
289
4221
1490059
-12
-5
9
-666
315
4180
1491084
-9
-9
7
-662
292
4190
1492109
-7
-5
10
-650
309
4219
1493134
4
-10
1
-633
304
4246
1494159
13
-3
-2
-640
329
4239
1486975
12
7
-2
-661
324
4189
1488000
5
3
1
-667
321
4174
1489025
-1
-5
2
-668
308
4198
1490050
-1
-16
1
-648
315
4231
1491075
-1
-10
5
-645
334
4204
1492100
-11
-5
10
-645
329
4202
1493125
-16
-10
8
-639
299
4261
1494150
-3
-7
7
-633
312
4277
1495175
6
-5
8
-656
326
4193
1496200
0
-13
6
-656
288
4169
1497225
3
-1
2
-656
291
4184
1498250
4
7
1
-668
334
4190
1499275
-3
-10
-6
-658
315
4204
1500300
-10
-17
-1
-642
339
4245
1501325
-9
-18
-1
-631
314
4258
1502350
-3
-2
3
-642
327
4228
1495168
-3
3
7
-654
324
4196
1496193
-6
-10
7
-656
319
4205
1497218
-4
-16
5
-644
315
4241
1498243
3
-15
3
-640
308
4226
1499268
14
-6
1
-649
306
4191
1500293
16
2
1
-654
330
4224
1501318
33
-6
-1
-640
366
4298
1502343
84
-7
2
-637
349
4316
1503368
155
-8
10
-606
376
4334
1504393
185
51
31
-610
230
4032
1505418
4
248
97
-696
353
4218
1506443
-110
95
19
-626
592
4431
1507468
-3
155
86
-773
512
3928
1508493
-19
209
120
-693
35
4042
1509518
-36
226
105
-723
62
4242
1510543
-7
146
81
-792
318
4076
1503360
-3
46
65
-803
398
4296
1504385
26
-133
-35
-801
546
4179
1505410
50
-211
-112
-750
355
4005
1506435
46
-162
-80
-652
323
4278
1507460
53
-114
-81
-657
257
4257
1508485
61
-39
-53
-676
384
4265
1509510
81
12
-8
-628
629
4511
1510535
167
122
16
-578
416
4470
1511560
326
489
182
-719
240
4075
1512585
3
119
60
-854
782
3909
1513610
-231
-78
-67
-860
253
4126
1514635
-113
-49
41
-735
507
3870
1515660
-126
80
103
-695
123
4226
1516685
-88
154
157
-722
194
4440
1517710
-22
140
109
-827
290
4199
1518735
-7
-39
2
-919
341
4048
1511551
39
-273
-131
-848
473
3801
1512576
19
-321
-151
-702
414
4221
1513601
25
-312
-167
-627
384
4396
1514626
26
-237
-159
-604
465
4302
1515651
-27
-74
-52
-617
413
4310
1516676
-46
6
1
-678
388
4263
1517701
-33
-5
8
-650
414
4242
1518726
-26
40
19
-696
274
4154
1519751
-27
13
18
-716
322
4098
1520776
-25
-37
-7
-698
344
4156
1521801
-19
-57
-6
-677
380
4244
1522826
-6
-58
-11
-644
407
4274
1523851
-10
-28
4
-644
330
4212
1524876
-5
23
7
-674
266
4163
1525901
1
20
1
-693
411
4158
1526926
-6
-29
-11
-696
374
4204
1520067
-3
-67
-15
-664
364
4224
1521092
-9
-42
-12
-640
364
4245
1522117
-18
6
11
-658
369
4229
1523142
-14
14
11
-681
322
4202
1524167
1
-14
3
-665
340
4215
1525192
13
-22
-2
-669
354
4186
1526217
7
-18
3
-663
361
4182
1527242
-6
4
3
-664
338
4180
1528267
-13
10
7
-665
373
4219
1529292
-15
-7
3
-668
377
4240
1530317
-8
-38
-4
-651
353
4247
1531342
-1
-18
0
-656
327
4212
1532367
0
10
7
-660
334
4199
1533392
1
17
6
-664
382
4203
1534417
-6
-5
5
-676
383
4194
1535442
-10
-33
0
-665
345
4196
1527937
-13
-21
6
-654
341
4212
1528962
-9
-5
5
-652
351
4234
1529987
0
3
4
-661
332
4218
1531012
5
-3
2
-667
343
4198
1532037
8
-12
-2
-656
346
4200
1533062
8
-5
0
-655
361
4204
1534087
3
3
4
-654
394
4218
1535112
-15
-4
6
-663
392
4229
1536137
-30
-19
8
-655
360
4224
1537162
-29
-26
8
-654
332
4187
1538187
-26
-24
11
-653
329
4211
1539212
-20
-14
10
-657
333
4208
1540237
-17
0
13
-671
347
4190
1541262
-20
-14
10
-651
348
4231
1542287
-14
-13
6
-655
328
4214
1543312
-10
-9
9
-669
357
4187
1536127
-16
-14
5
-654
330
4221
1537152
-12
-6
6
-648
326
4230
1538177
-2
-1
6
-651
341
4207
1539202
5
-9
0
-646
323
4219
1540227
8
1
2
-652
335
4202
1541252
2
2
7
-655
367
4195
1542277
-7
-8
9
-655
342
4205
1543302
-13
-12
13
-653
340
4204
1544327
-15
-17
10
-645
339
4221
1545352
-16
-13
7
-644
306
4202
1546377
-5
0
3
-647
311
4226
1547402
12
7
-2
-652
345
4222
1548427
9
8
2
-659
387
4177
1549452
-11
-16
0
-647
337
4197
1550477
-17
-12
2
-643
326
4217
1551502
-11
-7
3
-639
345
4252
1544320
-1
-11
1
-645
325
4234
1545345
1
0
8
-658
343
4194
1546370
-5
-7
7
-655
328
4198
1547395
-3
-6
7
-648
327
4187
1548420
0
-7
4
-650
323
4213
1549445
10
-9
-4
-642
308
4236
1550470
15
9
0
-655
350
4189
1551495
4
-2
0
-656
364
4178
1552520
-7
-11
1
-647
331
4227
1553545
-4
-6
4
-643
328
4241
1554570
2
-3
3
-645
353
4222
1555595
-3
-7
6
-643
361
4229
1556620
-6
-5
7
-646
318
4218
1557645
-2
0
10
-658
339
4197
1558670
-1
-4
5
-658
313
4170
1559695
1
-7
3
-646
330
4196
1552513
1
-4
0
-651
333
4237
1553538
4
-2
-1
-640
334
4238
1554563
5
9
1
-651
345
4200
1555588
-2
-1
1
-654
350
4190
1556613
-11
-6
2
-655
337
4206
1557638
-14
-13
4
-645
334
4227
1558663
-12
-12
4
-641
342
4245
1559688
-10
-10
6
-647
343
4254
1560713
1
-5
8
-651
328
4220
1561738
6
-1
7
-650
294
4204
1562763
14
2
2
-649
306
4179
1563788
14
8
1
-660
363
4175
1564813
7
-8
-4
-656
360
4207
1565838
-3
-11
1
-645
372
4227
1566863
-15
-12
6
-637
366
4246
1567888
-18
-11
9
-639
342
4242
1560704
-14
-4
10
-648
321
4211
1561729
-6
-2
9
-654
297
4172
1562754
1
-1
4
-660
308
4176
1563779
6
-4
1
-663
351
4185
1564804
-3
-13
1
-643
363
4223
1565829
-5
-14
-3
-622
321
4282
1566854
6
7
4
-643
363
4235
1567879
-2
4
5
-658
356
4182
1568904
-16
-10
10
-656
339
4185
1569929
-25
-15
12
-646
338
4205
1570954
-24
-19
11
-651
320
4214
1571979
-19
-16
9
-640
314
4237
1573004
-9
-2
9
-645
323
4221
1574029
-6
-3
5
-643
330
4204
1575054
-2
-7
3
-651
328
4203
1576079
-1
-9
2
-651
302
4195
1568896
4
-5
0
-645
308
4202
1569921
11
7
1
-646
339
4207
1570946
11
-1
-3
-637
338
4241
1571971
10
0
2
-641
371
4244
1572996
-5
-7
5
-652
361
4219
1574021
-12
-13
9
-649
330
4208
1575046
-12
-4
16
-651
334
4194
1576071
-10
-12
11
-653
294
4184
1577096
0
-9
4
-646
285
4210
1578121
17
1
-4
-641
320
4232
1579146
25
2
-7
-645
350
4209
1580171
13
6
-2
-651
355
4192
1581196
-4
-6
1
-639
349
4238
1582221
-2
-7
3
-640
337
4260
1583246
8
-8
5
-646
341
4219
1584271
6
-7
6
-651
335
4188
1577087
-4
-4
10
-647
333
4210
1578112
11
-8
5
-636
329
4255
1579137
42
-2
8
-636
348
4267
1580162
92
-5
-1
-612
351
4437
1581187
206
119
27
-471
290
4288
1582212
217
434
147
-812
229
3949
1583237
-129
-28
-39
-670
836
4270
1584262
-155
81
34
-798
509
4063
1585287
-78
105
84
-689
295
3950
1586312
-83
231
112
-642
109
4316
1587337
-73
288
140
-709
133
4244
1588362
-28
289
121
-816
238
4125
1589387
-4
139
135
-873
423
4248
1590412
-24
-137
55
-919
547
4119
1591437
7
-344
-111
-811
299
3856
1592462
53
-297
-170
-681
152
4180
1585280
87
-248
-169
-605
380
4439
1586305
68
-165
-129
-641
412
4305
1587330
88
-47
-45
-641
432
4381
1588355
129
118
30
-496
563
4604
1589380
233
507
161
-708
159
3987
1590405
47
388
120
-876
595
4005
1591430
-177
16
-41
-811
589
4215
1592455
-123
35
50
-855
433
3850
1593480
-125
86
91
-737
165
4186
1594505
-86
126
81
-741
185
4467
1595530
-46
10
26
-860
247
4202
1596555
-35
-267
-50
-961
311
3830
1597580
-1
-445
-124
-787
331
3855
1598605
62
-348
-195
-641
383
4350
1599630
57
-327
-176
-591
481
4507
1600655
33
-204
-138
-530
472
4402
1593473
-11
95
38
-660
405
4196
1594498
-26
82
33
-752
305
4104
1595523
-11
-62
-19
-657
350
4189
1596548
-30
-40
-7
-708
440
4158
1597573
-76
-93
-14
-649
456
4251
1598598
-93
-54
8
-635
330
4250
1599623
-77
9
29
-677
141
4180
1600648
-27
-5
5
-654
305
4209
1601673
-8
-23
-2
-656
443
4253
1602698
2
-59
-10
-639
329
4237
1603723
13
-10
1
-640
273
4195
1604748
19
44
13
-682
315
4154
1605773
24
7
-6
-678
308
4171
1606798
27
-8
-10
-667
340
4190
1607823
37
-21
-17
-655
375
4230
1608848
34
-10
-9
-626
378
4292
1601665
11
28
9
-655
374
4240
1602690
0
8
6
-666
343
4172
1603715
-1
-5
0
-670
321
4174
1604740
3
-18
-5
-647
386
4258
1605765
10
-4
-5
-660
339
4191
1606790
10
12
0
-675
309
4157
1607815
14
10
-5
-664
336
4218
1608840
16
8
-7
-666
370
4222
1609865
27
-11
-11
-651
384
4238
1610890
24
-4
-2
-659
400
4228
1611915
2
6
10
-664
391
4227
1612940
-14
-5
13
-662
368
4207
1613965
-16
-7
17
-683
346
4158
1614990
-11
-22
11
-667
326
4187
1616015
-4
-8
6
-652
345
4198
1617040
-1
10
4
-661
361
4205
1609857
4
2
-5
-671
336
4195
1610882
13
4
-2
-672
341
4218
1611907
24
-3
-4
-657
383
4234
1612932
5
-1
3
-661
443
4216
1613957
-27
-8
8
-670
383
4180
1614982
-42
-18
10
-669
334
4211
1616007
-30
-17
10
-663
340
4250
1617032
-14
-18
10
-658
353
4217
1618057
-12
-8
14
-670
343
4168
1619082
-6
2
12
-656
329
4201
1620107
4
25
9
-664
324
4234
1621132
1
18
0
-677
346
4189
1622157
2
-1
-7
-665
377
4176
1623182
-8
-15
-4
-656
407
4235
1624207
-23
-19
4
-649
387
4258
1625232
-32
-18
14
-655
358
4221
1618050
-39
-20
16
-668
346
4198
1619075
-42
-29
15
-669
323
4209
1620100
-21
-20
12
-659
278
4189
1621125
1
-6
12
-661
309
4176
1622150
9
0
6
-662
348
4210
1623175
5
3
5
-657
360
4225
1624200
0
4
4
-663
356
4198
1625225
-8
-5
2
-655
342
4212
1626250
-11
5
4
-650
329
4217
1627275
-12
11
8
-671
366
4174
1628300
-29
-10
3
-660
341
4229
1629325
-26
-20
3
-647
326
4267
1630350
-6
0
5
-663
327
4208
1631375
11
-3
3
-652
319
4182
1632400
16
10
4
-669
338
4184
1633425
16
3
-2
-669
322
4197
1626239
23
2
-7
-669
345
4205
1627264
23
-4
-10
-659
365
4225
1628289
15
-3
-6
-657
392
4225
1629314
-7
-7
2
-656
351
4235
1630339
-10
-4
8
-662
341
4210
1631364
-4
-5
5
-659
320
4204
1632389
11
-4
-2
-671
301
4182
1633414
17
2
-2
-663
362
4212
1634439
10
3
0
-664
374
4215
1635464
2
-3
2
-668
353
4222
1636489
0
2
5
-672
352
4209
1637514
-4
-2
8
-664
352
4203
1638539
-7
-4
9
-661
332
4191
1639564
-11
-4
10
-666
348
4212
1640589
-4
-8
5
-660
331
4213
1641614
2
2
4
-673
329
4206
1634432
1
-6
2
-663
355
4218
1635457
1
-1
2
-665
369
4198
1636482
-6
-7
3
-665
360
4189
1637507
-13
-13
3
-654
337
4223
1638532
-1
-10
2
-653
324
4250
1639557
11
4
3
-671
353
4209
1640582
6
0
5
-669
356
4172
1641607
-6
-3
6
-664
354
4199
1642632
-7
-11
2
-672
334
4205
1643657
-2
-4
4
-663
342
4229
1644682
7
-6
0
-654
349
4213
1645707
0
-2
6
-666
358
4221
1646732
-1
-12
3
-659
318
4220
1647757
9
0
5
-661
352
4191
1648782
11
-10
2
-664
355
4189
1649807
5
-13
2
-663
334
4187
1642624
4
-14
6
-662
372
4243
1643649
49
-18
3
-644
358
4355
1644674
127
4
14
-585
502
4564
1645699
189
46
44
-636
376
4176
1646724
94
22
36
-641
26
3959
1647749
-212
-68
13
-778
741
4162
1648774
-94
-94
-13
-726
525
3908
1649799
-79
-53
40
-648
225
3981
1650824
-102
115
83
-518
98
4509
1651849
-32
297
106
-621
211
4279
1652874
29
356
113
-753
287
4181
1653899
40
218
106
-826
453
4201
1654924
29
-68
-1
-877
531
3963
1655949
9
-255
-93
-765
284
3939
1656974
43
-253
-145
-657
157
4217
1657999
78
-212
-147
-570
395
4419
1650816
101
-78
-83
-563
576
4557
1651841
146
121
29
-474
551
4637
1652866
243
592
209
-652
256
4226
1653891
2
333
144
-890
704
3908
1654916
-266
-53
-68
-848
360
3950
1655941
-195
-44
54
-828
484
3770
1656966
-142
-24
69
-697
176
4183
1657991
-114
48
125
-655
131
4584
1659016
-26
91
100
-761
200
4332
1660041
37
-24
0
-887
331
3961
1661066
77
-198
-113
-822
335
3784
1662091
85
-265
-155
-725
312
4196
1663116
96
-299
-177
-626
497
4436
1664141
56
-240
-165
-563
541
4382
1665166
-24
4
-7
-591
496
4274
1666191
-63
90
49
-741
403
4157
1659212
-49
-62
-9
-656
282
4260
1660237
-19
-33
0
-669
271
4196
1661262
-5
-18
0
-701
415
4101
1662287
-36
-23
-5
-666
409
4155
1663312
-42
17
17
-670
331
4235
1664337
-7
3
7
-670
302
4259
1665362
15
-15
-2
-662
354
4222
1666387
9
-19
-3
-660
425
4218
1667412
-11
-11
0
-656
385
4221
1668437
-19
18
14
-671
336
4204
1669462
-8
6
7
-684
319
4174
1670487
-4
-18
3
-684
377
4186
1671512
-12
-35
-3
-668
380
4197
1672537
-24
-22
4
-652
351
4233
1673562
-17
6
10
-653
306
4249
1674587
13
17
8
-671
355
4199
1667200
15
-3
1
-682
376
4187
1668225
6
-23
-6
-670
347
4186
1669250
-4
0
5
-679
396
4164
1670275
-25
-4
6
-664
364
4238
1671300
-18
-10
5
-662
346
4217
1672325
-11
-8
9
-669
377
4230
1673350
-5
-40
-6
-641
312
4278
1674375
13
6
6
-666
332
4193
1675400
10
18
9
-686
382
4158
1676425
-1
-7
2
-674
356
4194
1677450
-10
-10
6
-671
362
4217
1678475
-14
-24
1
-664
371
4224
1679500
-25
-18
8
-652
377
4231
1680525
-35
-8
15
-651
362
4231
1681550
-31
-14
14
-650
315
4222
1682575
-21
-10
14
-673
342
4191
1675392
-22
-23
8
-666
347
4186
1676417
-39
-21
11
-659
362
4211
1677442
-56
-18
14
-660
371
4241
1678467
-55
-30
13
-659
323
4210
1679492
-43
-25
18
-660
285
4172
1680517
-28
-29
15
-646
294
4211
1681542
-15
-15
10
-645
273
4242
1682567
8
3
7
-637
326
4242
1683592
12
9
5
-655
356
4195
1684617
-3
-1
8
-664
353
4176
1685642
-20
-15
11
-666
365
4183
1686667
-40
-30
15
-646
345
4260
1687692
-36
-28
13
-622
285
4251
1688717
-17
-6
17
-638
287
4207
1689742
1
-1
8
-650
288
4192
1690767
8
6
4
-659
330
4202
1683585
3
-7
1
-658
344
4215
1684610
-8
-16
0
-639
316
4218
1685635
-12
-8
2
-639
334
4227
1686660
-12
-7
3
-636
324
4217
1687685
-11
-12
5
-637
328
4244
1688710
-8
-15
6
-643
308
4227
1689735
-6
-15
7
-647
313
4202
1690760
-7
-12
9
-640
304
4188
1691785
-3
-4
7
-640
297
4196
1692810
2
-2
3
-644
309
4209
1693835
5
-8
-3
-647
289
4226
1694860
11
-3
-3
-641
314
4207
1695885
14
2
-1
-654
321
4182
1696910
18
3
-1
-646
288
4203
1697935
12
-1
3
-624
395
4299
1698960
-5
-10
1
-640
348
4247
1691777
-16
-20
5
-635
324
4225
1692802
-13
-2
6
-648
285
4182
1693827
-5
-1
7
-643
279
4171
1694852
2
14
6
-643
303
4207
1695877
8
24
8
-652
315
4212
1696902
22
24
3
-649
242
4177
1697927
53
47
10
-632
344
4300
1698952
118
96
25
-575
450
4522
1699977
237
369
139
-529
285
4503
1701002
310
566
219
-843
232
3914
1702027
-115
-155
-79
-805
970
3965
1703052
-216
-107
-39
-832
346
4001
1704077
-128
-32
69
-640
306
4065
1705102
-82
205
124
-614
-9
4471
1706127
13
383
177
-709
84
4311
1707152
65
383
162
-862
267
4009
1699968
66
182
143
-946
493
4154
1700993
35
-171
-8
-964
536
3962
1702018
34
-344
-112
-805
296
3930
1703043
72
-255
-99
-658
329
4382
1704068
150
-98
-70
-541
339
4702
1705093
236
353
91
-596
357
4516
1706118
300
743
108
-760
711
4227
1707143
-116
66
-93
-1023
818
3877
1708168
-280
-138
-60
-995
438
3690
1709193
-229
-113
46
-819
324
3867
1710218
-191
-54
82
-749
10
4470
1711243
-88
-41
98
-764
146
4588
1712268
-20
-167
-3
-910
259
4048
1713293
47
-337
-86
-883
262
3625
1714318
72
-257
-148
-712
316
4172
1715343
65
-247
-118
-656
433
4535
1708160
65
-234
-177
-678
563
4308
1709185
6
-228
-153
-638
531
4233
1710210
-51
-46
-1
-646
416
4190
1711235
-68
-1
26
-765
199
4102
1712260
-55
-93
-25
-637
319
4290
1713285
-25
-34
-14
-647
424
4328
1714310
4
-17
3
-672
402
4200
1715335
-9
-13
5
-694
277
4141
1716360
-6
-2
9
-700
266
4127
1717385
11
0
-1
-676
336
4192
1718410
19
-18
-9
-658
388
4239
1719435
18
-2
-3
-678
396
4177
1720460
6
6
0
-683
364
4189
1721485
-15
-12
6
-661
413
4311
1722510
-24
-20
3
-673
340
4247
1723535
-18
-32
2
-675
310
4168
1716351
-10
-9
4
-677
330
4166
1717376
0
9
6
-691
337
4170
1718401
6
2
4
-677
341
4205
1719426
13
-14
-1
-669
362
4232
1720451
14
-19
-3
-664
362
4262
1721476
6
-4
1
-659
360
4241
1722501
-1
13
12
-675
387
4185
1723526
-9
1
9
-695
338
4148
1724551
-11
-20
4
-677
358
4177
1725576
-14
-29
-1
-674
328
4202
1726601
-9
-20
-1
-664
335
4212
1727626
-4
7
8
-664
380
4235
1728651
-2
-4
2
-657
358
4254
1729676
3
0
5
-673
360
4215
1730701
0
-13
3
-672
347
4183
1731726
-2
-9
3
-673
347
4163
1724544
-12
-2
6
-678
336
4178
1725569
-8
-4
3
-675
336
4201
1726594
2
-12
1
-663
347
4237
1727619
12
-9
-2
-652
346
4236
1728644
12
-2
0
-659
380
4227
1729669
9
3
0
-680
327
4181
1730694
6
3
5
-680
362
4193
1731719
3
-9
1
-675
382
4210
1732744
-8
-18
4
-672
352
4200
1733769
-8
-17
3
-670
342
4208
1734794
-8
3
7
-670
348
4213
1735819
3
3
3
-664
340
4211
1736844
10
0
3
-674
370
4203
1737869
4
-10
0
-673
353
4201
1738894
-4
-11
2
-663
340
4202
1739919
-3
6
6
-673
337
4185
1732737
-2
1
6
-673
367
4211
1733762
-1
-10
1
-668
344
4238
1734787
6
-10
2
-668
348
4223
1735812
8
0
3
-670
349
4200
1736837
3
7
5
-675
357
4186
1737862
0
1
4
-677
358
4203
1738887
1
-11
0
-671
353
4220
1739912
7
-13
-2
-663
348
4206
1740937
7
-5
0
-674
358
4208
1741962
5
-1
3
-671
358
4199
1742987
-3
1
7
-675
364
4211
1744012
2
-13
3
-665
360
4227
1745037
3
-9
4
-670
361
4207
1746062
0
-8
3
-668
339
4173
1747087
-2
2
5
-670
341
4177
1748112
0
-2
3
-665
371
4220
1740927
3
-4
1
-676
351
4202
1741952
1
-13
2
-652
372
4235
1742977
-1
0
4
-673
369
4195
1744002
-4
-2
5
-674
348
4194
1745027
-2
-3
3
-661
357
4205
1746052
0
-6
2
-679
362
4199
1747077
7
-12
-1
-675
356
4193
1748102
4
-5
2
-664
356
4216
1749127
7
5
1
-665
375
4222
1750152
6
1
2
-668
372
4224
1751177
6
-4
2
-679
357
4182
1752202
0
-5
3
-678
366
4193
1753227
0
-4
0
-669
341
4201
1754252
5
2
3
-673
372
4211
1755277
0
-4
3
-669
387
4208
1756302
-6
-14
2
-663
359
4225
1749120
-2
-3
4
-673
351
4185
1750145
2
0
4
-683
369
4176
1751170
-2
-9
2
-662
370
4236
1752195
-2
-6
5
-674
380
4224
1753220
4
-9
7
-666
372
4224
1754245
1
-7
9
-660
379
4217
1755270
10
-7
11
-685
381
4240
1756295
51
-34
10
-655
430
4376
1757320
155
-37
8
-552
243
4338
1758345
268
456
147
-574
60
4064
1759370
68
439
135
-774
840
4361
1760395
-25
140
13
-856
622
4071
1761420
-36
155
96
-802
500
3836
1762445
-100
187
147
-762
183
3965
1763470
-109
141
149
-811
93
4273
1764495
-29
49
111
-825
395
4266
1757313
24
-32
32
-855
460
4246
1758338
74
-231
-112
-829
463
4142
1759363
111
-164
-19
-645
373
4235
1760388
195
212
110
-734
173
4217
1761413
157
208
-62
-785
840
4208
1762438
-112
-206
-245
-833
691
3963
1763463
-240
-140
8
-765
582
4185
1764488
-143
49
102
-713
162
4153
1765513
-78
177
165
-753
147
4399
1766538
-13
75
79
-860
309
4335
1767563
31
-235
-88
-950
271
3794
1768588
89
-314
-117
-790
324
3708
1769613
92
-220
-99
-678
490
4362
1770638
42
-240
-125
-655
543
4484
1771663
14
-190
-162
-640
508
4335
1772688
-27
-69
-51
-637
551
4257
1765504
-76
-10
11
-730
412
4163
1766529
-95
-109
-5
-695
381
4164
1767554
-77
-110
-27
-666
263
4159
1768579
-46
1
11
-659
300
4178
1769604
-25
63
17
-708
421
4152
1770629
-15
-13
-4
-681
425
4254
1771654
15
-31
-9
-674
311
4240
1772679
29
-20
-9
-657
371
4209
1773704
9
26
0
-681
442
4161
1774729
-12
31
8
-693
444
4217
1775754
-22
-6
6
-681
427
4231
1776779
-23
-32
1
-675
330
4205
1777804
-13
-26
1
-670
374
4189
1778829
-14
4
6
-681
397
4206
1779854
-22
7
12
-682
424
4209
1780879
-36
-14
14
-689
387
4216
1773697
-34
-37
11
-674
349
4182
1774722
-24
-25
8
-666
337
4183
1775747
-7
-3
0
-671
315
4183
1776772
12
23
0
-692
367
4189
1777797
12
0
-6
-671
405
4231
1778822
7
-14
-9
-678
407
4204
1779847
-6
-21
-2
-669
372
4232
1780872
-5
-1
3
-671
369
4215
1781897
-13
13
18
-689
431
4191
1782922
-25
-22
9
-668
352
4223
1783947
-19
-21
15
-675
391
4205
1784972
-23
-24
11
-669
357
4183
1785997
-28
-13
11
-674
347
4176
1787022
-28
5
13
-681
368
4177
1788047
-18
-14
3
-674
379
4214
1789072
-5
-34
-7
-650
317
4253
1781888
8
-7
0
-662
350
4209
1782913
9
6
1
-665
374
4212
1783938
12
15
4
-678
372
4188
1784963
9
1
2
-681
368
4196
1785988
5
-14
-2
-678
363
4178
1787013
-9
-15
7
-670
416
4210
1788038
-19
-19
8
-650
347
4234
1789063
-9
5
15
-659
347
4211
1790088
1
1
6
-662
333
4192
1791113
11
4
-1
-681
353
4159
1792138
6
-3
-2
-670
400
4194
1793163
-3
-7
-4
-669
360
4200
1794188
-7
-1
1
-670
376
4203
1795213
-7
-1
2
-669
369
4219
1796238
-3
-12
2
-655
377
4243
1797263
-3
-7
4
-667
369
4211
1790080
-6
-12
6
-668
378
4203
1791105
-11
-6
12
-678
369
4198
1792130
-16
-15
14
-670
352
4205
1793155
-7
-13
8
-659
328
4179
1794180
5
-3
4
-671
345
4169
1795205
10
-3
-3
-668
362
4206
1796230
1
-2
1
-664
393
4223
1797255
-4
-7
1
-663
369
4217
1798280
-3
-7
2
-666
356
4204
1799305
-4
0
3
-675
364
4196
1800330
-4
-5
2
-672
357
4215
1801355
-1
-4
3
-659
372
4198
1802380
0
-8
4
-663
369
4206
1803405
-5
-10
6
-665
382
4216
1804430
-10
-7
9
-664
358
4212
1805455
0
-4
6
-662
335
4198
1798357
11
8
3
-680
343
4172
1799382
14
6
-1
-681
336
4173
1800407
14
6
-2
-671
368
4201
1801432
10
8
-1
-665
402
4216
1802457
6
-2
-1
-658
401
4228
1803482
0
-6
2
-665
393
4240
1804507
-6
-8
4
-668
374
4228
1805532
-3
-8
3
-669
343
4194
1806557
0
-4
7
-671
374
4199
1807582
6
-11
2
-671
343
4200
1808607
14
-4
1
-666
358
4197
1809632
18
-2
-4
-679
374
4182
1810657
8
-5
-4
-675
377
4215
1811682
11
-5
-4
-652
353
4225
1812707
18
7
4
-669
401
4197
1813732
7
-2
3
-677
397
4189
1806464
-11
-8
6
-670
400
4210
1807489
-14
-13
6
-666
367
4213
1808514
2
-20
3
-658
383
4259
1809539
18
-11
6
-655
397
4285
1810564
55
-16
9
-640
418
4368
1811589
116
-5
19
-660
279
4143
1812614
136
74
27
-654
179
4059
1813639
-28
121
53
-745
701
4287
1814664
-80
-153
-60
-652
597
4231
1815689
-63
-64
44
-735
442
3887
1816714
-82
21
59
-633
49
4087
1817739
-50
99
58
-645
143
4271
1818764
25
179
61
-663
379
4242
1819789
75
240
68
-696
469
4286
1820814
64
169
56
-778
589
4255
1821839
-7
-50
-31
-782
486
4131
1814656
-12
-126
-50
-701
337
4104
1815681
23
-68
-17
-676
353
4232
1816706
64
-5
0
-629
379
4413
1817731
156
275
69
-609
358
4414
1818756
238
662
157
-732
413
4108
1819781
-17
275
55
-913
918
4133
1820806
-209
-45
-38
-900
392
4084
1821831
-124
19
61
-795
417
3839
1822856
-110
133
134
-784
167
4196
1823881
-94
117
146
-819
185
4453
1824906
-11
-19
73
-935
289
4130
1825931
53
-254
-44
-945
391
3821
1826956
77
-292
-113
-772
420
4008
1827981
72
-231
-122
-708
511
4391
1829006
31
-270
-176
-700
534
4404
1830031
-11
-287
-187
-689
532
4288
1822849
-43
-201
-75
-643
432
4185
1823874
-49
-62
8
-730
240
4076
1824899
-26
-71
-13
-679
356
4161
1825924
-26
-11
-17
-670
459
4273
1826949
-20
25
7
-700
430
4227
1827974
-13
-5
4
-708
373
4144
1828999
-15
-37
-3
-702
355
4115
1830024
-19
-42
-13
-676
369
4267
1831049
7
-25
-12
-634
415
4329
1832074
19
29
10
-696
417
4172
1833099
6
10
7
-711
396
4111
1834124
-18
-13
5
-690
403
4197
1835149
-20
-23
1
-701
395
4196
1836174
-19
-30
-2
-683
401
4201
1837199
-20
-18
3
-672
367
4209
1838224
-6
-4
2
-673
346
4227
1831039
10
5
4
-676
402
4231
1832064
11
-5
3
-693
405
4192
1833089
2
-11
1
-704
375
4144
1834114
-13
-3
6
-687
414
4201
1835139
-10
-11
3
-681
377
4218
1836164
0
-7
2
-679
347
4197
1837189
9
3
0
-695
401
4176
1838214
4
-1
-1
-690
392
4181
1839239
7
-9
-4
-673
387
4243
1840264
14
-5
-1
-674
405
4234
1841289
15
-6
0
-687
381
4195
1842314
12
0
3
-688
407
4173
1843339
0
2
6
-692
402
4189
1844364
1
-8
3
-688
374
4210
1845389
9
-6
5
-692
401
4212
1846414
1
-13
6
-682
411
4196
1839232
-8
-10
10
-678
403
4199
1840257
-15
-2
14
-682
408
4199
1841282
-19
-9
11
-688
377
4195
1842307
-18
-11
10
-680
402
4199
1843332
-18
-12
7
-683
392
4192
1844357
-17
-16
5
-673
377
4221
1845382
-5
0
5
-685
388
4204
1846407
0
-1
4
-688
389
4176
1847432
-1
-11
0
-681
377
4196
1848457
0
-7
3
-683
396
4204
1849482
2
-8
2
-682
386
4201
1850507
4
-2
7
-686
395
4198
1851532
2
-2
6
-685
384
4189
1852557
-1
-11
3
-672
393
4220
1853582
3
-7
1
-682
394
4196
1854607
7
-6
-1
-682
377
4186
1847424
11
4
0
-682
384
4168
1848449
9
3
-1
-690
385
4192
1849474
11
-2
-3
-680
397
4219
1850499
11
-1
1
-683
425
4210
1851524
-1
-7
1
-680
405
4194
1852549
-7
-5
5
-676
384
4209
1853574
2
0
4
-677
385
4214
1854599
11
1
3
-682
392
4173
1855624
9
1
3
-696
398
4155
1856649
-1
-4
4
-686
404
4197
1857674
-2
-8
0
-672
394
4236
1858699
7
-2
1
-679
386
4224
1859724
11
1
1
-678
407
4192
1860749
2
2
3
-690
416
4179
1861774
-6
-6
2
-689
392
4197
1862799
-2
-7
1
-695
380
4190
1855616
2
-5
2
-685
395
4199
1856641
8
-5
-2
-680
395
4206
1857666
6
3
1
-686
415
4218
1858691
7
-2
2
-683
403
4199
1859716
3
-2
4
-687
414
4192
1860741
-5
-6
3
-687
401
4184
1861766
-7
-6
3
-682
392
4183
1862791
-7
-3
6
-688
415
4192
1863816
-8
-10
2
-687
392
4202
1864841
-7
-6
4
-674
402
4215
1865866
0
-6
4
-679
391
4210
1866891
1
-3
7
-684
406
4190
1867916
-4
1
7
-700
405
4173
1868941
-6
-10
4
-683
405
4191
1869966
-5
-11
8
-683
410
4195
1870991
-7
-16
5
-675
375
4196
1863808
-4
-5
4
-674
388
4204
1864833
-1
3
6
-681
412
4215
1865858
0
-6
4
-685
407
4204
1866883
-3
-7
6
-690
391
4183
1867908
-3
-7
3
-679
391
4192
1868933
-2
-3
3
-685
406
4191
1869958
-5
-1
5
-689
420
4185
1870983
-12
-11
3
-673
389
4202
1872008
-9
-11
4
-673
380
4224
1873033
3
-1
3
-682
403
4205
1874058
7
0
4
-680
399
4200
1875083
0
-2
4
-686
392
4184
1876108
-3
-2
4
-691
388
4176
1877133
-2
-4
3
-682
404
4203
1878158
0
-7
2
-684
407
4207
1879183
-3
-6
2
-687
398
4214
1872142
-1
-2
4
-681
389
4202
1873167
2
0
4
-688
398
4193
1874192
7
-5
2
-684
409
4199
1875217
3
-1
3
-693
398
4177
1876242
-7
-8
3
-685
402
4190
1877267
-14
-6
6
-679
400
4211
1878292
-8
-6
5
-680
403
4216
1879317
0
0
5
-685
395
4194
1880342
3
4
5
-692
371
4141
1881367
-4
8
6
-697
413
4156
1882392
-11
-13
-3
-674
392
4223
1883417
1
-10
0
-680
399
4247
1884442
5
-10
1
-678
418
4254
1885467
22
-1
2
-680
373
4209
1886492
43
18
9
-686
405
4259
1887517
75
8
11
-669
479
4321
1880191
122
2
5
-696
260
3981
1881216
60
90
23
-597
407
4234
1882241
-124
71
32
-673
903
4494
1883266
-43
154
69
-802
403
4037
1884291
-21
216
133
-693
262
3923
1885316
-58
273
127
-747
90
4128
1886341
-21
204
109
-829
201
4103
1887366
14
123
106
-824
513
4163
1888391
11
67
101
-792
559
4272
1889416
-4
-36
2
-827
485
4256
1890441
10
-147
-73
-773
451
4108
1891466
31
-112
-68
-729
345
4179
1892491
57
-42
-14
-686
441
4376
1893516
76
109
13
-729
430
4270
1894541
63
262
1
-761
483
4169
1895566
-53
18
-44
-889
659
4089
1888384
-144
-182
-59
-829
323
4129
1889409
-36
-68
57
-753
366
4043
1890434
-30
-16
94
-732
210
4160
1891459
-42
49
77
-735
302
4315
1892484
5
79
44
-818
524
4303
1893509
41
-65
-56
-889
525
4016
1894534
21
-227
-104
-801
428
4042
1895559
16
-283
-135
-743
305
4167
1896584
7
-292
-163
-665
441
4297
1897609
-12
-217
-124
-614
428
4314
1898634
-17
-4
3
-673
500
4258
1899659
-40
4
19
-731
459
4171
1900684
-62
-63
-9
-681
339
4178
1901709
-58
-16
19
-702
454
4192
1902734
-49
-44
10
-725
353
4134
1903759
-23
-60
0
-664
316
4219
1896576
32
-2
9
-667
294
4241
1897601
76
39
6
-658
314
4208
1898626
84
128
37
-725
494
4182
1899651
56
36
-10
-744
557
4117
1900676
-16
-50
-20
-716
538
4182
1901701
-60
-86
-14
-689
419
4225
1902726
-56
-77
-10
-663
356
4213
1903751
-53
-9
10
-675
377
4202
1904776
-50
10
11
-693
357
4216
1905801
-22
-9
3
-684
345
4218
1906826
6
-10
5
-694
413
4196
1907851
7
-32
-1
-682
422
4187
1908876
-14
-2
14
-684
416
4166
1909901
-27
4
16
-681
365
4195
1910926
-10
0
9
-688
381
4215
1911951
5
-16
-2
-686
414
4215
1904768
-8
-26
-3
-669
406
4192
1905793
-27
-4
6
-682
391
4172
1906818
-20
5
3
-692
363
4198
1907843
7
-9
-9
-682
342
4235
1908868
20
1
-8
-696
382
4186
1909893
17
-11
-9
-687
411
4188
1910918
6
8
4
-694
431
4183
1911943
-3
2
7
-671
391
4245
1912968
8
1
5
-680
405
4230
1913993
8
-10
2
-685
384
4198
1915018
9
-9
-1
-685
393
4183
1916043
6
4
2
-676
407
4204
1917068
0
3
1
-687
394
4202
1918093
2
-5
1
-696
385
4186
1919118
7
-12
2
-688
419
4208
1920143
-3
-17
5
-680
421
4214
1912960
-21
-7
12
-683
397
4208
1913985
-24
-7
12
-685
398
4201
1915010
-20
-14
11
-688
386
4189
1916035
-15
-19
7
-692
375
4179
1917060
-14
-16
7
-681
368
4186
1918085
-15
-4
8
-674
406
4224
1919110
-7
-7
5
-675
392
4241
1920135
-2
-7
6
-683
388
4206
1921160
-7
-8
4
-692
374
4175
1922185
-7
-11
3
-670
389
4219
1923210
3
-4
0
-683
378
4205
1924235
11
1
2
-692
378
4186
1925260
5
0
6
-683
421
4193
1926285
-4
-9
7
-679
395
4193
1927310
-7
-11
6
-672
392
4213
1928335
-3
-8
2
-675
365
4215
1921151
5
-2
1
-675
373
4204
1922176
5
3
0
-682
403
4190
1923201
-3
-4
1
-693
403
4173
1924226
-13
-11
5
-678
390
4196
1925251
-13
-10
6
-669
381
4199
1926276
-8
-3
6
-684
362
4179
1927301
1
-3
3
-675
389
4209
1928326
7
-7
-2
-662
378
4245
1929351
12
3
1
-681
378
4207
1930376
12
3
1
-687
387
4187
1931401
14
0
1
-685
403
4202
1932426
15
2
4
-681
407
4181
1933451
8
-8
2
-675
389
4201
1934476
9
-8
0
-677
383
4209
1935501
15
3
1
-683
392
4206
1936526
15
2
0
-687
403
4200
1929344
5
1
2
-690
414
4179
1930369
-11
-9
5
-685
409
4176
1931394
-21
-13
6
-681
395
4203
1932419
-14
-10
3
-679
357
4213
1933444
2
-1
3
-676
398
4228
1934469
2
-4
2
-675
405
4231
1935494
-4
-4
3
-677
386
4206
1936519
-7
1
10
-690
420
4174
1937544
-12
-11
7
-693
386
4181
1938569
-12
-15
4
-683
353
4194
1939594
-6
-7
5
-682
393
4212
1940619
0
-12
1
-666
391
4222
1941644
6
1
5
-684
386
4179
1942669
8
-2
4
-681
398
4203
1943694
8
-6
0
-678
384
4186
1944719
5
-5
1
-684
397
4192
1937536
4
-11
0
-671
419
4221
1938561
3
-9
0
-675
371
4195
1939586
2
-3
3
-676
396
4198
1940611
0
-5
4
-682
417
4210
1941636
17
-18
-2
-661
389
4255
1942661
33
-2
7
-686
465
4171
1943686
48
-28
9
-688
414
4312
1944711
104
-52
-1
-617
315
4303
1945736
107
110
42
-543
251
4245
1946761
-102
9
32
-821
942
4160
1947786
-95
30
23
-689
474
4060
1948811
-74
188
124
-660
302
3952
1949836
-98
279
160
-694
66
4188
1950861
-49
270
139
-761
96
4233
1951886
30
253
127
-804
414
4212
1952911
69
153
100
-843
529
4179
1945727
44
-27
0
-862
533
4093
1946752
17
-165
-65
-756
484
4123
1947777
34
-104
-47
-683
359
4249
1948802
73
30
17
-683
345
4422
1949827
133
209
2
-704
464
4434
1950852
172
436
19
-751
523
4205
1951877
-47
-75
-79
-901
850
3963
1952902
-187
-75
-14
-912
321
4032
1953927
-104
-58
27
-812
261
3816
1954952
-109
-11
74
-770
176
4191
1955977
-89
-18
91
-773
262
4430
1957002
0
-14
49
-819
398
4196
1958027
38
-41
5
-844
396
4032
1959052
31
-133
-73
-808
489
4198
1960077
37
-192
-102
-739
537
4282
1961102
53
-160
-117
-731
425
4162
1953920
10
-144
-77
-709
416
4194
1954945
-32
-99
-54
-703
426
4318
1955970
-27
-76
-29
-723
431
4247
1956995
-29
-62
-28
-730
425
4116
1958020
-48
-56
-8
-733
400
4123
1959045
-43
-67
-15
-730
360
4159
1960070
-34
-87
-30
-703
306
4209
1961095
2
-54
-24
-682
380
4271
1962120
37
-16
-12
-688
439
4263
1963145
28
-2
-5
-711
373
4105
1964170
-4
9
1
-742
376
4089
1965195
-11
-29
-11
-704
429
4257
1966220
-7
-34
-12
-680
476
4298
1967245
-19
-33
-4
-682
414
4246
1968270
-23
-23
0
-684
358
4182
1969295
-20
8
10
-724
356
4130
1962112
-9
-7
4
-715
362
4181
1963137
13
-26
-3
-692
399
4217
1964162
16
-23
-1
-687
384
4219
1965187
13
-4
0
-685
388
4174
1966212
-1
17
9
-697
432
4220
1967237
5
-7
0
-693
395
4221
1968262
7
-10
4
-703
404
4174
1969287
-3
-25
-1
-687
406
4199
1970312
-13
-13
4
-690
384
4203
1971337
-7
3
8
-700
383
4162
1972362
-10
-3
5
-698
387
4209
1973387
1
-18
-3
-678
382
4223
1974412
3
-3
6
-699
423
4199
1975437
4
-14
-2
-684
355
4209
1976462
10
14
6
-692
406
4190
1977487
5
4
0
-709
381
4168
1970303
8
-11
-4
-691
403
4197
1971328
1
-12
2
-692
430
4222
1972353
-3
-15
-1
-677
369
4227
1973378
5
8
6
-692
389
4202
1974403
12
4
3
-701
392
4188
1975428
7
-7
0
-699
395
4170
1976453
-1
-4
1
-703
409
4177
1977478
1
-10
-1
-682
396
4231
1978503
6
5
2
-688
386
4218
1979528
6
12
5
-706
435
4186
1980553
-1
-10
1
-694
421
4198
1981578
-5
-12
4
-696
407
4207
1982603
-6
-13
2
-691
363
4186
1983628
1
2
4
-695
401
4182
1984653
4
0
3
-695
427
4198
1985678
3
-12
1
-689
391
4225
1978496
5
-5
5
-697
404
4207
1979521
5
-3
4
-702
401
4176
1980546
3
0
6
-701
402
4172
1981571
-4
-2
7
-696
424
4183
1982596
-11
-18
3
-684
386
4195
1983621
-4
-17
1
-676
387
4212
1984646
6
-5
1
-688
395
4223
1985671
7
0
3
-686
421
4216
1986696
-1
3
5
-702
423
4180
1987721
-13
-2
5
-695
382
4176
1988746
-14
5
8
-713
396
4160
1989771
-7
-19
-2
-705
375
4163
1990796
4
-13
-2
-684
376
4226
1991821
16
-2
0
-676
398
4224
1992846
16
7
1
-685
427
4212
1993871
9
8
3
-700
429
4185
1986688
-6
2
5
-706
413
4168
1987713
-14
-15
3
-691
395
4185
1988738
-14
-13
4
-691
387
4199
1989763
-7
-10
3
-685
384
4201
1990788
2
5
4
-697
391
4208
1991813
6
4
3
-692
427
4214
1992838
-2
-3
5
-697
415
4185
1993863
-8
-15
4
-697
400
4185
1994888
-12
-7
6
-689
420
4213
1995913
-14
-8
5
-689
393
4200
1996938
-12
-7
8
-692
396
4198
1997963
-7
-3
7
-690
379
4187
1998988
1
2
7
-691
378
4190
2000013
10
1
3
-688
411
4190
2001038
5
-3
1
-693
408
4190
2002063
-4
-12
1
-699
403
4191
1994880
-9
-9
4
-702
408
4181
1995905
-11
-13
3
-690
402
4210
1996930
-3
-6
4
-679
375
4218
1997955
6
3
6
-694
387
4174
1998980
3
-2
3
-696
413
4179
2000005
-2
-6
1
-698
400
4202
2001030
-3
-3
3
-690
409
4208
2002055
-3
-7
3
-684
408
4213
2003080
-5
-4
5
-698
397
4198
2004105
-7
-3
6
-690
419
4212
2005130
-7
-2
7
-701
397
4186
2006155
1
2
7
-698
364
4201
2007180
10
5
7
-699
406
4186
2008205
15
-2
2
-691
403
4226
2009230
30
24
10
-659
429
4279
2010255
66
153
44
-614
413
4336
2003073
102
406
133
-702
277
4322
2004098
153
430
141
-840
382
3985
2005123
15
91
26
-904
833
3996
2006148
-142
-198
-83
-798
474
4244
2007173
-78
-146
28
-751
550
4077
2008198
-55
-38
27
-711
44
4104
2009223
-24
97
30
-721
119
4293
2010248
28
162
76
-739
416
4195
2011273
54
196
137
-837
490
4157
2012298
29
116
104
-870
657
4264
2013323
-10
-106
-12
-877
502
3996
2014348
-16
-142
-50
-779
335
4106
2015373
47
-80
-32
-718
327
4359
2016398
105
31
-35
-731
352
4376
2017423
142
195
-47
-710
567
4267
2018448
-46
-117
-88
-913
906
3930
2011286
-192
-184
-52
-802
363
4199
2012311
-103
-99
68
-758
362
4012
2013336
-71
-8
71
-734
83
4158
2014361
-37
33
70
-763
174
4260
2015386
26
57
41
-807
466
4145
2016411
63
4
-25
-817
437
4043
2017436
59
-81
-66
-802
473
4179
2018461
40
-138
-67
-749
528
4258
2019486
13
-129
-82
-704
519
4316
2020511
-8
-82
-47
-698
493
4257
2021536
-27
-34
-16
-748
361
4136
2022561
-43
-47
-14
-754
359
4127
2023586
-32
-61
-28
-739
440
4213
2024611
-21
-66
-14
-718
458
4202
2025636
-23
-44
-13
-711
382
4200
2026661
-18
-41
-13
-717
381
4196
2019457
-8
-35
-15
-729
400
4193
2020482
-14
-54
-14
-708
449
4212
2021507
-21
-44
-6
-689
421
4236
2022532
-25
1
22
-707
430
4197
2023557
-14
5
15
-744
294
4065
2024582
20
-5
5
-726
353
4175
2025607
70
-23
-23
-702
351
4225
2026632
67
-6
-17
-697
500
4231
2027657
11
1
-10
-704
563
4176
2028682
-50
-5
6
-722
492
4181
2029707
-72
-21
10
-709
389
4192
2030732
-56
-32
7
-725
364
4182
2031757
-38
-49
-4
-697
357
4215
2032782
-15
-28
-4
-682
359
4231
2033807
11
17
4
-701
359
4186
2034832
20
26
4
-712
428
4202
2027647
14
1
1
-712
460
4209
2028672
0
-22
1
-719
409
4152
2029697
-15
-26
3
-695
387
4193
2030722
-6
-6
4
-689
376
4208
2031747
0
9
6
-699
432
4234
2032772
1
-4
1
-706
411
4186
2033797
-7
-14
4
-704
419
4196
2034822
-10
-17
2
-703
383
4177
2035847
-13
-5
7
-706
392
4191
2036872
-6
-7
2
-697
376
4219
2037897
7
-1
5
-690
412
4222
2038922
8
-6
2
-704
418
4186
2039947
-2
-9
2
-703
390
4184
2040972
-7
-2
4
-710
403
4199
2041997
-5
-2
5
-710
412
4198
2043022
-4
-11
3
-706
411
4178
2035839
-11
-16
2
-695
385
4194
2036864
-5
-9
4
-693
384
4222
2037889
4
5
4
-705
410
4211
2038914
5
-1
3
-708
418
4172
2039939
-4
-8
4
-704
395
4167
2040964
-9
-13
4
-701
405
4200
2041989
-8
-8
4
-698
398
4205
2043014
-6
-7
4
-695
406
4203
2044039
-12
-6
7
-710
399
4175
2045064
-15
-14
6
-692
392
4205
2046089
-7
-9
4
-686
390
4211
2047114
-1
0
7
-702
403
4183
2048139
0
-5
3
-696
389
4187
2049164
-6
-2
7
-701
416
4182
2050189
-14
-14
2
-692
389
4207
2051214
-7
-10
3
-689
382
4203
2044033
-2
-1
5
-703
392
4187
2045058
3
-9
-1
-688
383
4208
2046083
8
1
2
-695
404
4216
2047108
8
-2
3
-704
408
4208
2048133
3
-6
4
-698
415
4193
2049158
-9
-4
8
-703
413
4171
2050183
-16
-14
5
-700
373
4184
2051208
-5
-6
4
-692
373
4204
2052233
9
1
3
-697
400
4201
2053258
8
-4
1
-692
399
4198
2054283
-2
3
6
-701
429
4196
2055308
-12
-8
5
-691
413
4225
2056333
-7
-14
5
-690
395
4201
2057358
-5
-12
6
-699
380
4160
2058383
1
-13
1
-698
359
4182
2059408
5
1
4
-691
401
4219
2052224
4
-1
2
-690
423
4198
2053249
0
-9
2
-683
408
4228
2054274
5
-1
3
-694
402
4197
2055299
-3
-4
5
-695
419
4196
2056324
-6
-4
3
-699
373
4160
2057349
-5
-6
4
-688
395
4196
2058374
1
-6
1
-695
413
4200
2059399
-2
-8
3
-695
401
4203
2060424
-8
-7
4
-686
383
4215
2061449
-3
-2
4
-698
372
4187
2062474
12
5
5
-708
403
4162
2063499
13
-7
3
-691
415
4208
2064524
7
-11
2
-688
411
4216
2065549
0
-7
7
-701
422
4187
2066574
-5
-15
4
-695
391
4180
2067599
-9
-8
7
-697
390
4189
2060415
-5
-7
6
-692
404
4213
2061440
2
-9
4
-692
402
4196
2062465
-4
-4
6
-704
396
4166
2063490
-9
-6
3
-683
365
4222
2064515
12
7
3
-687
369
4198
2065540
24
11
1
-702
419
4183
2066565
12
-9
-2
-677
446
4240
2067590
-1
-1
3
-705
418
4165
2068615
-8
-8
5
-705
403
4184
2069640
4
-13
4
-683
389
4230
2070665
23
-4
10
-685
412
4216
2071690
26
-14
6
-685
433
4282
2072715
62
-25
6
-663
445
4382
2073740
161
39
26
-601
265
4171
2074765
181
387
141
-774
303
4215
2075790
-9
-182
-63
-777
941
4109
2068608
-106
-184
-35
-797
487
3891
2069633
-119
-168
34
-674
326
3902
2070658
-137
-14
29
-601
123
4291
2071683
-76
142
69
-632
205
4384
2072708
18
257
75
-695
475
4265
2073733
46
248
97
-782
500
4242
2074758
32
61
21
-845
504
4090
2075783
12
-132
-47
-780
445
4020
2076808
10
-123
-50
-699
384
4212
2077833
23
-103
-62
-697
350
4248
2078858
38
-65
-44
-611
547
4496
2079883
100
176
41
-579
408
4540
2080908
212
486
148
-803
244
4134
2081933
-62
-217
-71
-867
1054
3810
2082958
-249
-262
-86
-859
346
3913
2083983
-137
-180
42
-682
410
3813
2076800
-146
17
123
-622
71
4417
2077825
-73
174
136
-659
99
4563
2078850
66
210
37
-769
354
4168
2079875
106
61
-39
-878
427
3933
2080900
104
-96
-77
-778
544
4034
2081925
86
-120
-57
-707
555
4280
2082950
17
-141
-98
-688
512
4270
2083975
-59
-128
-94
-683
461
4293
2085000
-71
-76
-25
-675
498
4330
2086025
-76
-61
9
-704
372
4221
2087050
-45
-71
-10
-717
288
4008
2088075
-46
-35
0
-688
370
4160
2089100
-36
5
-1
-660
422
4368
2090125
14
5
5
-714
404
4189
2091150
12
-35
2
-725
409
4108
2092175
6
-44
-12
-680
368
4136
2084991
-1
29
12
-701
378
4132
2086016
6
22
1
-698
395
4212
2087041
9
-13
-6
-671
452
4303
2088066
2
-9
-3
-689
492
4220
2089091
-32
-30
0
-680
415
4185
2090116
-46
0
10
-685
362
4208
2091141
-28
12
12
-711
369
4172
2092166
-4
-13
-1
-702
331
4158
2093191
8
-17
-3
-688
395
4173
2094216
2
-8
0
-685
445
4215
2095241
-7
-3
2
-676
395
4248
2096266
-1
11
8
-692
382
4200
2097291
3
-4
5
-697
381
4185
2098316
8
-11
-1
-697
388
4165
2099341
-4
-4
4
-695
437
4184
2100366
-16
-5
3
-693
401
4177
2093185
-14
-11
5
-672
378
4266
2094210
4
-13
1
-671
377
4251
2095235
13
-3
4
-698
417
4164
2096260
4
-5
2
-697
395
4139
2097285
-10
1
8
-694
408
4205
2098310
-4
-3
3
-701
371
4187
2099335
0
-13
4
-693
405
4205
2100360
2
-22
-3
-669
379
4242
2101385
1
5
8
-692
426
4194
2102410
-3
0
5
-700
387
4179
2103435
-2
-3
6
-690
392
4201
2104460
2
-8
2
-685
384
4205
2105485
5
-6
1
-694
401
4182
2106510
1
-3
3
-687
403
4187
2107535
-7
-2
6
-693
403
4217
2108560
-3
-3
3
-700
379
4199
2101377
3
-7
2
-688
397
4213
2102402
3
-10
0
-678
400
4205
2103427
-1
3
5
-692
389
4170
2104452
-1
2
5
-695
400
4180
2105477
1
-2
5
-691
388
4214
2106502
13
-7
0
-690
397
4207
2107527
12
-5
0
-688
414
4190
2108552
3
0
3
-692
399
4184
2109577
0
1
3
-690
395
4195
2110602
6
2
3
-698
399
4199
2111627
9
-11
-1
-687
393
4216
2112652
7
1
2
-694
402
4184
2113677
-3
0
3
-692
431
4198
2114702
-2
-2
1
-694
389
4184
2115727
-1
-7
5
-684
408
4220
2116752
6
-14
-1
-688
388
4219
2109568
8
-3
4
-694
414
4184
2110593
4
0
2
-699
388
4159
2111618
1
2
5
-699
403
4186
2112643
1
-5
2
-690
418
4231
2113668
1
-15
1
-681
424
4233
2114693
-1
-4
3
-696
395
4192
2115718
-5
0
6
-699
394
4164
2116743
-6
3
6
-708
403
4177
2117768
-3
-7
4
-700
398
4185
2118793
-4
-10
3
-689
411
4196
2119818
-10
-11
5
-690
425
4217
2120843
-10
-4
6
-685
390
4212
2121868
-1
5
7
-691
374
4175
2122893
6
-1
1
-703
382
4168
2123918
8
-2
-2
-699
417
4179
2124943
-3
1
3
-697
431
4181
2117760
-10
-9
3
-689
392
4204
2118785
-6
-1
7
-686
397
4230
2119810
4
-2
4
-685
414
4219
2120835
6
-4
2
-694
386
4186
2121860
6
5
4
-697
403
4167
2122885
1
1
3
-699
413
4185
2123910
1
-7
2
-694
405
4207
2124935
4
-13
0
-691
402
4221
2125960
10
-6
-1
-693
397
4217
2126985
9
10
4
-707
414
4169
2128010
-1
3
4
-710
423
4151
2129035
-10
-10
3
-699
400
4195
2130060
-6
-15
2
-690
407
4216
2131085
0
-13
2
-678
415
4234
2132110
1
0
4
-688
401
4205
2133135
0
7
6
-701
405
4156
2125951
-7
2
7
-712
421
4156
2126976
-10
-14
3
-695
401
4205
2128001
-4
-9
4
-689
407
4211
2129026
2
-7
2
-682
407
4247
2130051
33
2
10
-674
504
4314
2131076
73
3
19
-682
464
4296
2132101
81
10
28
-648
264
4101
2133126
53
240
84
-758
125
4130
2134151
-25
-95
-33
-774
908
4187
2135176
-27
-62
-11
-719
565
4197
2136201
-14
2
100
-672
224
3963
2137226
-33
133
108
-672
152
4134
2138251
-11
263
80
-691
321
4296
2139276
32
363
120
-726
546
4354
2140301
44
336
173
-829
564
4244
2141326
16
134
75
-930
480
3989
2134144
-34
-112
-34
-861
448
4015
2135169
-19
-169
-70
-793
351
4140
2136194
10
-160
-59
-733
478
4353
2137219
64
-50
-43
-664
377
4454
2138244
126
208
21
-691
458
4390
2139269
67
13
-64
-903
689
3849
2140294
-119
-164
-79
-800
388
4120
2141319
-65
-38
47
-766
438
3947
2142344
-62
46
67
-754
229
4124
2143369
-71
87
86
-760
305
4371
2144394
-11
90
62
-804
456
4164
2145419
-5
51
47
-851
443
4156
2146444
7
-98
-44
-860
510
4123
2147469
5
-253
-115
-781
456
4082
2148494
2
-251
-145
-704
383
4224
2149519
-3
-204
-118
-678
423
4289
2142337
-11
-131
-80
-695
475
4277
2143362
-22
-68
-14
-689
455
4228
2144387
-31
-13
5
-723
376
4179
2145412
-21
-14
3
-710
409
4147
2146437
-19
21
11
-737
432
4152
2147462
-24
-34
-2
-714
405
4213
2148487
-19
-34
-4
-708
401
4218
2149512
-14
-10
4
-712
400
4152
2150537
-17
10
4
-708
414
4186
2151562
-18
1
3
-710
401
4216
2152587
-12
-12
1
-704
423
4223
2153612
-9
-29
-2
-709
416
4187
2154637
-11
-19
2
-701
397
4191
2155662
-8
1
5
-699
396
4200
2156687
-3
9
6
-721
402
4176
2157712
3
-12
1
-720
402
4165
2150527
-3
-20
1
-704
408
4204
2151552
-2
-14
0
-699
413
4179
2152577
-10
-1
7
-705
408
4209
2153602
-8
-9
2
-694
376
4217
2154627
7
1
5
-719
415
4172
2155652
-2
-23
-1
-692
407
4230
2156677
3
-7
2
-697
387
4176
2157702
0
13
11
-720
433
4177
2158727
-10
-10
3
-704
414
4212
2159752
-8
-13
2
-694
381
4206
2160777
1
-12
2
-707
392
4188
2161802
5
-5
1
-710
409
4188
2162827
-1
4
7
-707
430
4192
2163852
-7
-8
4
-709
408
4186
2164877
-13
-17
5
-708
391
4187
2165902
-6
-13
2
-697
387
4193
2158720
-3
-6
3
-694
410
4204
2159745
-5
2
5
-711
414
4178
2160770
-9
-11
2
-697
404
4228
2161795
-1
-10
2
-694
389
4204
2162820
3
-5
4
-707
403
4186
2163845
-4
-3
5
-708
422
4183
2164870
-14
-2
7
-714
398
4161
2165895
-17
-14
5
-702
381
4203
2166920
-5
-13
2
-703
383
4206
2167945
4
-4
5
-700
424
4197
2168970
-3
-9
2
-689
406
4218
2169995
-4
0
7
-702
402
4202
2171020
-1
-2
4
-704
391
4185
2172045
1
-7
2
-703
403
4155
2173070
-6
-6
4
-707
415
4168
2174095
-11
-15
3
-688
392
4234
2166915
-2
-4
4
-687
392
4232
2167940
7
1
5
-700
402
4202
2168965
9
-3
3
-710
406
4176
2169990
-5
-5
5
-705
411
4174
2171015
-10
-12
3
-697
400
4202
2172040
-8
-8
6
-693
386
4209
2173065
3
-5
3
-697
392
4201
2174090
4
0
4
-699
418
4199
2175115
-1
-1
4
-703
401
4181
2176140
-8
-8
5
-697
412
4188
2177165
-7
-7
3
-706
381
4169
2178190
-6
-8
3
-696
400
4200
2179215
-1
-10
1
-682
379
4241
2180240
11
-3
1
-684
391
4221
2181265
15
6
4
-714
414
4168
2182290
5
-3
3
-714
409
4163
2175103
-5
-3
7
-712
420
4163
2176128
-13
-19
4
-687
393
4229
2177153
-3
-15
2
-681
389
4232
2178178
3
0
5
-698
414
4194
2179203
0
-3
4
-697
398
4176
2180228
-1
-2
7
-694
389
4183
2181253
-1
-6
4
-696
413
4199
2182278
-3
-12
2
-703
406
4187
2183303
-7
-10
4
-687
421
4213
2184328
-7
-9
4
-690
402
4197
2185353
-10
-7
7
-703
406
4206
2186378
-5
-13
4
-697
393
4199
2187403
1
-10
4
-694
379
4196
2188428
5
0
4
-697
404
4167
2189453
2
3
3
-698
413
4187
2190478
0
-8
2
-698
426
4227
2183297
-3
-14
1
-695
394
4218
2184322
1
-11
1
-693
372
4188
2185347
10
2
2
-698
407
4172
2186372
7
2
5
-708
435
4179
2187397
-3
-13
2
-693
397
4213
2188422
-5
-13
4
-699
406
4209
2189447
-5
-5
6
-687
408
4206
2190472
-4
2
9
-690
425
4180
2191497
-14
0
11
-703
397
4207
2192522
-6
-17
2
-672
362
4236
2193547
14
12
9
-692
388
4170
2194572
16
17
8
-714
409
4145
2195597
-1
-7
-1
-708
433
4149
2196622
-16
-13
5
-707
447
4210
2197647
-2
-35
1
-670
404
4319
2198672
42
-31
0
-652
400
4388
2191488
104
27
21
-594
398
4328
2192513
144
296
107
-777
244
3816
2193538
-64
59
25
-812
745
4154
2194563
-116
-73
-27
-656
558
4590
2195588
24
17
83
-747
473
3916
2196613
-42
88
91
-720
35
3916
2197638
-50
123
46
-738
156
4194
2198663
17
124
59
-753
475
4176
2199688
31
148
98
-773
492
4273
2200713
21
63
50
-804
617
4263
2201738
-17
-125
-57
-797
516
4061
2202763
-21
-156
-85
-741
276
4129
2203788
50
-107
-48
-663
301
4339
2204813
112
54
16
-620
499
4560
2205838
156
282
59
-736
447
4176
2206863
48
120
-7
-888
661
3981
2199680
-166
-313
-120
-810
530
4001
2200705
-146
-222
10
-801
462
3974
2201730
-80
-166
28
-652
148
4104
2202755
-61
-9
54
-635
194
4465
2203780
20
102
14
-682
437
4307
2204805
62
164
2
-774
378
4070
2205830
38
103
45
-771
524
4222
2206855
29
-20
-6
-799
556
4137
2207880
-15
-120
-47
-747
473
4126
2208905
-41
-143
-82
-716
402
4181
2209930
-57
-148
-73
-698
407
4263
2210955
-38
-132
-45
-692
365
4292
2211980
8
-89
-28
-674
357
4168
2213005
12
-9
-7
-679
403
4145
2214030
-7
56
15
-705
457
4213
2215055
-1
13
1
-715
432
4225
2207872
1
-22
5
-713
432
4175
2208897
-15
-59
-7
-690
408
4199
2209922
-20
-24
-1
-671
387
4203
2210947
-20
37
16
-717
401
4132
2211972
-19
12
6
-719
372
4114
2212997
3
-37
-11
-686
376
4282
2214022
27
-40
-12
-668
452
4309
2215047
16
-2
-1
-684
410
4199
2216072
-2
27
11
-702
424
4133
2217097
-15
21
12
-717
430
4174
2218122
-13
-30
1
-712
393
4180
2219147
-11
-46
-3
-693
383
4197
2220172
-8
-25
0
-671
404
4205
2221197
-9
11
7
-683
396
4217
2222222
3
22
9
-703
400
4184
2223247
6
-9
1
-690
417
4231
2216063
13
-21
-3
-697
404
4168
2217088
2
-11
2
-690
431
4181
2218113
-15
0
5
-686
407
4200
2219138
-13
13
11
-714
396
4134
2220163
-12
-15
5
-705
404
4185
2221188
3
-37
-8
-664
357
4267
2222213
23
4
2
-681
432
4223
2223238
15
15
1
-698
412
4186
2224263
7
14
4
-701
428
4171
2225288
-1
0
6
-720
419
4149
2226313
-7
-34
-3
-688
398
4213
2227338
-7
-15
3
-670
408
4215
2228363
-4
3
6
-684
404
4220
2229388
7
11
5
-698
389
4201
2230413
10
12
6
-713
410
4168
2231438
6
-12
-1
-698
423
4169
2224472
-8
-8
4
-696
423
4187
2225497
-13
-6
3
-682
391
4225
2226522
0
8
7
-691
413
4227
2227547
5
3
4
-701
415
4204
2228572
4
-13
1
-698
404
4180
2229597
-2
-3
5
-704
407
4158
2230622
-7
-5
2
-701
397
4171
2231647
-4
-2
2
-695
392
4218
2232672
8
-7
-1
-684
402
4226
2233697
9
-7
0
-688
430
4231
2234722
6
1
3
-698
424
4195
2235747
0
3
6
-709
409
4153
2236772
-4
-6
6
-698
411
4181
2237797
3
-11
2
-697
397
4190
2238822
2
-10
1
-688
421
4203
2239847
3
-5
0
-684
424
4211
2232448
3
3
4
-691
422
4221
2233473
6
5
5
-702
417
4186
2234498
2
-7
3
-702
419
4163
2235523
-7
-7
3
-697
413
4173
2236548
-6
-8
2
-688
422
4219
2237573
0
-5
3
-683
416
4219
2238598
-1
1
6
-700
415
4186
2239623
-2
-6
3
-695
406
4205
2240648
4
-2
3
-705
402
4183
2241673
5
-2
3
-694
407
4173
2242698
4
1
3
-702
429
4179
2243723
-4
-7
1
-696
430
4219
2244748
-1
-12
1
-684
414
4227
2245773
3
-3
2
-693
397
4195
2246798
3
5
4
-705
428
4161
2247823
2
-2
1
-706
412
4173
2240640
-2
-8
2
-698
412
4199
2241665
2
-4
1
-697
407
4192
2242690
-4
1
6
-692
455
4206
2243715
-12
2
6
-698
404
4177
2244740
-11
2
6
-692
380
4195
2245765
5
4
3
-698
411
4197
2246790
6
-3
4
-697
432
4197
2247815
-1
-8
2
-693
424
4215
2248840
7
5
9
-692
420
4250
2249865
28
13
11
-666
458
4320
2250890
49
17
14
-686
387
4268
2251915
54
60
27
-687
303
4114
2252940
-42
30
21
-792
602
4046
2253965
-142
-171
-40
-723
622
4234
2254990
-65
-101
20
-710
465
4070
2256015
-52
-112
22
-659
130
4172
2248833
-14
-5
1
-550
115
4298
2249858
35
245
71
-687
410
4137
2250883
48
316
112
-703
508
4177
2251908
23
362
158
-749
530
4288
2252933
3
241
116
-871
472
4222
2253958
-20
-34
-20
-866
430
3992
2254983
-29
-162
-44
-774
403
4100
2256008
14
-156
-36
-677
428
4434
2257033
100
28
5
-611
353
4384
2258058
168
391
47
-736
237
4256
2259083
17
45
-59
-831
921
4260
2260108
-81
-64
-33
-901
440
3892
2261133
-67
-28
50
-793
418
3848
2262158
-91
-1
41
-756
204
4099
2263183
-96
28
57
-760
257
4405
2264208
-21
22
28
-813
364
4208
2257025
7
-62
16
-843
449
4120
2258050
6
-185
-68
-808
544
4170
2259075
22
-259
-122
-737
429
4108
2260100
34
-214
-136
-701
326
4176
2261125
12
-146
-91
-637
422
4350
2262150
6
-5
-17
-695
471
4312
2263175
-2
2
11
-742
514
4162
2264200
-33
-46
-8
-694
426
4186
2265225
-51
-15
12
-708
393
4197
2266250
-45
1
16
-740
376
4174
2267275
-17
-40
-1
-710
350
4165
2268300
-6
-10
5
-725
400
4134
2269325
-33
-24
-3
-711
395
4149
2270350
-71
-16
-7
-702
360
4191
2271375
-73
-16
-8
-687
401
4310
2272400
-29
-20
-8
-688
442
4271
2265215
-8
-13
5
-715
447
4188
2266240
-22
-26
6
-710
380
4147
2267265
-26
-18
8
-706
296
4175
2268290
3
-2
5
-703
329
4186
2269315
28
-2
-1
-705
374
4177
2270340
38
-9
-4
-681
412
4243
2271365
36
10
1
-706
424
4194
2272390
14
9
7
-707
413
4214
2273415
10
-9
1
-691
367
4212
2274440
8
0
6
-716
405
4182
2275465
-4
-14
2
-715
406
4152
2276490
-20
-10
7
-710
395
4195
2277515
-17
-13
5
-693
363
4219
2278540
1
-6
5
-702
372
4203
2279565
9
-12
0
-689
389
4218
2280590
11
1
3
-713
404
4180
2273408
-1
-1
6
-709
413
4169
2274433
-11
-4
6
-707
379
4184
2275458
-10
-15
3
-691
394
4224
2276483
-6
-11
4
-701
395
4190
2277508
-10
-18
3
-690
377
4213
2278533
-5
4
7
-702
368
4187
2279558
-2
2
9
-702
405
4194
2280583
0
-14
-1
-694
372
4209
2281608
0
-7
4
-701
412
4199
2282633
-3
-9
2
-704
386
4178
2283658
-7
-4
6
-691
387
4201
2284683
-8
1
7
-702
390
4213
2285708
-2
-8
4
-708
388
4190
2286733
-5
-13
3
-691
381
4208
2287758
3
-6
2
-693
379
4213
2288783
5
5
5
-697
400
4196
2281600
2
1
4
-706
400
4180
2282625
-3
-14
3
-701
397
4200
2283650
-6
-13
5
-693
379
4196
2284675
-4
-12
4
-693
380
4177
2285700
-2
0
5
-696
376
4197
2286725
3
4
5
-694
405
4211
2287750
1
-3
3
-702
387
4172
2288775
-3
-11
2
-703
390
4197
2289800
-6
-9
4
-691
409
4219
2290825
-4
-4
5
-696
381
4201
2291850
-1
-1
5
-695
383
4190
2292875
0
1
4
-710
403
4175
2293900
-3
-8
3
-699
394
4207
2294925
-3
-8
4
-700
396
4217
2295950
-5
-4
6
-710
386
4189
2296975
-5
-5
5
-698
374
4203
2289792
2
-3
4
-691
394
4198
2290817
2
-9
3
-700
403
4207
2291842
1
-7
3
-694
377
4201
2292867
0
0
6
-701
396
4197
2293892
-2
-4
3
-695
391
4190
2294917
-4
-5
4
-696
379
4180
2295942
-5
-10
3
-696
392
4205
2296967
-2
-8
2
-693
378
4209
2297992
1
1
5
-700
392
4186
2299017
0
-1
4
-702
392
4177
2300042
-4
-6
5
-697
399
4199
2301067
-6
-13
3
-692
381
4212
2302092
-5
-7
4
-694
387
4199
2303117
0
0
4
-705
375
4174
2304142
-6
-1
6
-695
393
4198
2305167
-5
-4
2
-693
376
4218
2297984
1
0
3
-697
396
4188
2299009
1
-4
0
-693
388
4195
2300034
4
-3
3
-681
403
4270
2301059
32
4
6
-678
411
4284
2302084
60
18
11
-689
411
4259
2303109
73
26
25
-725
424
4126
2304134
63
2
20
-745
292
4098
2305159
63
-45
-6
-626
381
4316
2306184
11
-39
-1
-777
754
4207
2307209
-14
-142
-4
-692
484
4078
2308234
-63
-92
19
-655
189
4024
2309259
-68
7
23
-658
184
4246
2310284
0
55
3
-668
376
4251
2311309
47
101
19
-610
389
4174
2312334
39
308
127
-750
539
4139
2313359
-11
197
73
-813
495
4219
2306176
-29
-31
-25
-764
442
4127
2307201
-23
-68
-8
-702
392
4216
2308226
-4
-40
10
-696
411
4240
2309251
-1
-18
-3
-727
391
4243
2310276
49
17
-19
-673
448
4340
2311301
113
170
26
-664
388
4306
2312326
152
308
107
-789
364
4212
2313351
-28
-223
-78
-863
725
3951
2314376
-123
-218
-51
-806
403
4051
2315401
-75
-145
15
-659
432
4013
2316426
-95
-20
52
-646
211
4262
2317451
-68
88
65
-690
247
4355
2318476
18
152
34
-749
397
4242
2319501
47
64
16
-815
467
4043
2320526
26
-87
-64
-800
493
4028
2321551
-10
-177
-81
-705
430
4223
2314368
-4
-158
-87
-654
431
4358
2315393
-9
-89
-44
-646
480
4314
2316418
-26
-8
1
-698
390
4163
2317443
-40
14
22
-731
390
4150
2318468
-15
-30
-8
-711
362
4165
2319493
-3
-10
4
-698
436
4198
2320518
4
-30
-4
-687
433
4227
2321543
-7
-10
0
-682
350
4203
2322568
-4
26
9
-704
374
4150
2323593
-7
11
1
-720
441
4179
2324618
-3
-31
-4
-693
444
4265
2325643
5
-29
-2
-686
408
4223
2326668
-3
-15
4
-689
369
4189
2327693
-8
7
8
-696
405
4182
2328718
-10
3
8
-709
382
4158
2329743
-5
-11
3
-713
384
4178
2322560
3
-23
-1
-691
398
4211
2323585
8
-9
0
-679
402
4235
2324610
4
3
4
-685
417
4221
2325635
-3
11
6
-709
391
4186
2326660
0
-6
4
-703
422
4177
2327685
-8
-14
2
-704
405
4171
2328710
-10
-17
2
-692
381
4192
2329735
-6
1
4
-687
398
4215
2330760
4
1
4
-687
422
4230
2331785
5
-2
3
-708
413
4175
2332810
-4
-12
4
-695
391
4187
2333835
-4
-7
2
-691
398
4197
2334860
-4
-3
4
-697
415
4196
2335885
-6
-7
3
-703
388
4186
2336910
-6
-9
4
-685
406
4205
2337935
-3
-5
3
-687
401
4205
2330752
1
-8
2
-689
388
4209
2331777
6
4
5
-692
405
4178
2332802
1
-1
4
-700
416
4166
2333827
-5
-10
2
-694
398
4201
2334852
-3
-10
2
-689
384
4212
2335877
4
-4
3
-691
401
4209
2336902
6
2
5
-693
410
4184
2337927
1
-1
4
-697
409
4202
2338952
1
-5
2
-694
383
4185
2339977
1
0
5
-700
416
4193
2341002
1
-8
1
-700
414
4179
2342027
-9
-3
7
-698
412
4197
2343052
-4
-13
0
-677
373
4250
2344077
12
7
4
-693
404
4192
2345102
12
1
-1
-704
413
4164
2346127
5
-2
-1
-693
404
4186
2338944
1
6
5
-701
424
4180
2339969
-3
-17
1
-687
409
4245
2340994
3
-11
3
-683
400
4221
2342019
8
2
7
-707
402
4167
2343044
8
-1
2
-696
387
4161
2344069
3
8
7
-703
422
4175
2345094
-1
-13
-2
-694
402
4190
2346119
-2
-13
-1
-691
409
4220
2347144
2
-5
2
-698
422
4216
2348169
4
2
4
-697
414
4190
2349194
-3
2
5
-696
417
4187
2350219
-7
-9
4
-700
408
4177
2351244
-8
-10
5
-704
392
4165
2352269
-2
-7
4
-694
395
4202
2353294
3
2
6
-679
409
4214
2354319
5
3
3
-700
414
4202
2347137
4
-4
3
-700
412
4179
2348162
0
-4
4
-700
416
4181
2349187
-6
-9
4
-696
416
4213
2350212
-2
-5
3
-685
399
4225
2351237
4
-1
3
-701
400
4184
2352262
3
-4
2
-707
412
4182
2353287
1
-1
3
-708
430
4171
2354312
-3
-10
1
-692
404
4215
2355337
0
-8
2
-689
406
4210
2356362
0
-4
3
-697
416
4182
2357387
-3
-9
2
-700
407
4183
2358412
-2
-5
3
-688
403
4217
2359437
0
1
4
-699
427
4193
2360462
-6
-3
6
-699
414
4191
2361487
-3
-7
5
-697
408
4191
2362512
-3
-2
6
-698
401
4187
2355327
-3
-3
3
-690
405
4220
2356352
12
6
6
-696
425
4237
2357377
25
10
6
-673
438
4243
2358402
32
86
31
-676
396
4280
2359427
51
169
64
-703
380
4213
2360452
80
209
77
-753
370
4172
2361477
20
-85
-19
-830
744
4081
2362502
-55
-146
-32
-719
472
4184
2363527
-30
-36
47
-674
386
4024
2364552
-59
81
58
-691
105
4085
2365577
-30
173
78
-713
263
4266
2366602
20
221
106
-759
514
4275
2367627
34
182
112
-813
524
4145
2368652
2
65
49
-835
477
4100
2369677
-16
-70
-30
-795
469
4131
2370702
-14
-83
-48
-730
457
4249
2363617
-18
-62
-16
-729
412
4271
2364642
6
-28
-17
-739
387
4263
2365667
45
32
-18
-717
459
4310
2366692
73
151
9
-739
382
4234
2367717
88
82
5
-878
507
3930
2368742
-44
-244
-94
-812
574
4046
2369767
-74
-172
-8
-762
347
4155
2370792
-41
-117
27
-676
269
4180
2371817
-35
7
35
-700
354
4295
2372842
-2
95
27
-709
492
4250
2373867
16
136
38
-783
406
4175
2374892
12
51
30
-808
494
4160
2375917
-9
-33
-5
-791
495
4141
2376942
-16
-78
-38
-759
401
4100
2377967
-31
-94
-50
-730
399
4212
2378992
-35
-74
-35
-721
413
4303
2371712
-11
-37
-10
-730
422
4217
2372737
-13
2
10
-726
452
4172
2373762
-24
17
6
-742
381
4176
2374787
-16
-4
-1
-755
423
4180
2375812
-12
-38
-1
-741
454
4189
2376837
-5
-52
-10
-743
342
4145
2377862
4
-39
-18
-721
399
4206
2378887
5
-25
-28
-729
458
4199
2379912
-9
-42
-24
-740
440
4193
2380937
-11
-62
-20
-732
414
4152
2381962
-23
-57
-5
-701
429
4231
2382987
-23
-20
1
-693
363
4245
2384012
-4
8
3
-720
394
4181
2385037
1
1
2
-738
397
4144
2386062
-1
-29
-6
-724
424
4176
2387087
-5
-45
-13
-709
414
4204
2379903
-2
-36
-11
-704
404
4203
2380928
-4
-5
-2
-697
414
4222
2381953
-11
11
8
-721
425
4188
2382978
-8
-14
1
-709
400
4198
2384003
0
-11
5
-724
398
4184
2385028
-2
-10
1
-721
399
4157
2386053
-9
-9
2
-701
421
4214
2387078
-5
-6
3
-702
389
4232
2388103
5
-2
6
-712
412
4187
2389128
1
-5
2
-721
403
4158
2390153
-7
-9
1
-711
414
4191
2391178
-6
-7
2
-717
416
4191
2392203
-6
-14
2
-706
399
4217
2393228
-2
-5
3
-707
408
4195
2394253
-3
2
6
-699
405
4218
2395278
4
15
9
-716
397
4176
2388096
1
7
7
-709
414
4189
2389121
-3
3
5
-712
423
4205
2390146
-9
-7
5
-716
411
4191
2391171
-9
-9
4
-717
398
4192
2392196
-8
-10
5
-710
405
4174
2393221
-8
-10
4
-709
393
4202
2394246
-4
-10
3
-703
423
4203
2395271
-6
-8
3
-707
400
4203
2396296
-5
-3
4
-711
397
4189
2397321
-3
-3
2
-708
394
4188
2398346
2
-9
1
-713
406
4178
2399371
3
-14
0
-712
429
4190
2400396
-3
-6
4
-701
407
4226
2401421
-2
8
8
-701
401
4223
2402446
0
15
9
-718
390
4167
2403471
-1
-5
4
-727
387
4140
2396289
-5
-25
0
-711
417
4189
2397314
-4
-24
1
-699
408
4237
2398339
0
-7
3
-695
408
4227
2399364
-2
9
6
-702
405
4196
2400389
-6
5
9
-727
408
4169
2401414
-7
-10
7
-721
391
4169
2402439
-4
-18
4
-701
410
4204
2403464
-2
-7
4
-692
407
4225
2404489
-2
8
5
-706
402
4195
2405514
-4
7
6
-713
403
4174
2406539
-7
-5
7
-720
388
4183
2407564
-1
-13
4
-711
393
4197
2408589
3
-14
1
-704
412
4210
2409614
-2
-6
2
-702
418
4212
2410639
-4
4
5
-708
399
4192
2411664
2
3
6
-713
392
4181
2404480
5
-9
2
-720
397
4165
2405505
4
-18
-2
-708
414
4204
2406530
1
-14
0
-702
424
4212
2407555
-7
-4
4
-696
401
4219
2408580
-1
7
8
-714
398
4188
2409605
1
1
7
-715
405
4176
2410630
-2
0
6
-722
399
4179
2411655
-6
-14
3
-708
423
4191
2412680
-16
-19
3
-705
393
4192
2413705
-16
-14
5
-695
402
4217
2414730
-8
0
10
-694
408
4226
2415755
-5
15
12
-702
397
4205
2416780
-1
13
6
-725
390
4154
2417805
-2
-4
4
-715
404
4177
2418830
4
-14
2
-703
373
4206
2419855
34
0
8
-677
461
4335
2412672
83
89
32
-632
353
4395
2413697
149
305
118
-709
326
4103
2414722
113
261
84
-876
472
3943
2415747
-114
-191
-77
-772
757
4238
2416772
-79
-99
16
-796
489
4189
2417797
-34
-85
29
-682
240
3988
2418822
-51
52
21
-697
104
4213
2419847
-11
106
44
-721
394
4259
2420872
35
147
61
-781
430
4122
2421897
27
155
112
-780
436
4153
2422922
5
140
87
-799
543
4207
2423947
-42
33
21
-818
546
4267
2424972
-44
-96
-42
-811
390
4115
2425997
-22
-126
-26
-754
341
4107
2427022
1
-77
-3
-726
418
4292
2428047
39
7
8
-714
388
4366
2420864
94
167
-2
-722
373
4301
2421889
120
306
7
-778
473
4169
2422914
-12
-122
-66
-934
768
3967
2423939
-98
-162
-15
-844
321
4048
2424964
-47
-106
35
-703
290
4111
2425989
-49
6
49
-704
283
4282
2427014
-29
77
41
-785
310
4209
2428039
5
73
52
-825
435
4118
2429064
5
15
54
-823
489
4170
2430089
-5
-92
-26
-828
556
4175
2431114
-34
-204
-86
-767
503
4166
2432139
-23
-222
-130
-743
297
4148
2433164
-2
-202
-97
-698
313
4201
2434189
22
-116
-63
-687
369
4293
2435214
31
-43
-23
-685
481
4265
2436239
10
17
-7
-704
500
4207
2429056
-18
28
10
-736
448
4163
2430081
-26
-8
-2
-758
389
4111
2431106
-31
-70
-14
-726
378
4182
2432131
-15
-83
-24
-699
371
4215
2433156
5
-37
-16
-683
411
4239
2434181
15
27
3
-706
400
4233
2435206
14
33
13
-727
427
4170
2436231
4
4
10
-728
433
4166
2437256
-6
-22
6
-719
441
4175
2438281
-16
-34
-4
-706
392
4176
2439306
-20
-23
-2
-695
401
4211
2440331
-14
-9
4
-706
409
4221
2441356
-5
-22
0
-702
395
4208
2442381
2
-20
-1
-705
386
4191
2443406
5
3
2
-717
401
4176
2444431
6
6
1
-724
399
4145
2437248
3
-5
-2
-716
413
4180
2438273
-5
-27
-6
-690
446
4271
2439298
-4
-19
-3
-693
403
4230
2440323
-4
0
7
-709
400
4157
2441348
-5
8
11
-721
411
4158
2442373
-7
-11
7
-703
401
4206
2443398
-2
-21
3
-699
400
4213
2444423
-3
-17
5
-700
414
4183
2445448
-12
-6
8
-698
411
4202
2446473
-9
-1
10
-696
391
4202
2447498
-4
-5
8
-693
405
4221
2448523
6
-7
2
-697
369
4196
2449548
6
12
7
-716
419
4160
2450573
-2
-3
1
-704
411
4179
2451598
-7
-12
5
-705
414
4184
2452623
-7
-17
4
-695
388
4222
2445440
1
-9
5
-685
403
4229
2446465
6
19
8
-703
391
4192
2447490
7
19
5
-713
412
4183
2448515
0
-2
0
-724
405
4154
2449540
-9
-25
-1
-712
420
4192
2450565
-10
-31
0
-692
417
4236
2451590
-12
-12
7
-685
417
4227
2452615
-22
5
14
-694
417
4203
2453640
-31
4
19
-695
401
4215
2454665
-25
3
19
-709
387
4189
2455690
-15
-1
14
-717
378
4165
2456715
-11
-7
6
-716
375
4169
2457740
-9
-16
2
-702
375
4191
2458765
0
-15
-1
-700
387
4208
2459790
13
-13
-3
-698
376
4200
2460815
25
-5
-6
-694
383
4198
2453632
29
4
-8
-699
408
4186
2454657
24
3
-6
-703
427
4207
2455682
15
-4
1
-708
440
4205
2456707
0
-17
5
-706
437
4194
2457732
-14
-14
10
-681
398
4232
2458757
-6
15
13
-698
355
4192
2459782
10
21
7
-714
384
4160
2460807
15
4
-2
-717
391
4167
2461832
15
-12
-8
-709
406
4166
2462857
12
-17
-7
-696
433
4224
2463882
3
-4
1
-683
444
4245
2464907
-4
14
8
-689
408
4227
2465932
-2
19
9
-706
416
4169
2466957
-11
0
8
-728
426
4165
2467982
-22
-23
7
-711
415
4170
2469007
-24
-18
12
-688
398
4235
2461824
-16
7
17
-685
382
4228
2462849
-3
26
14
-708
369
4191
2463874
7
20
6
-727
381
4153
2464899
9
-7
-6
-727
407
4161
2465924
3
-34
-9
-719
431
4183
2466949
-8
-43
-5
-699
435
4209
2467974
-10
-22
-1
-674
387
4265
2468999
6
8
5
-681
401
4249
2470024
14
26
9
-704
418
4195
2471049
-5
17
13
-729
446
4154
2472074
-25
-6
13
-719
419
4167
2473099
-25
-20
12
-710
363
4170
2474124
-10
-17
9
-697
349
4185
2475149
6
-2
3
-689
386
4231
2476174
14
16
1
-700
409
4212
2477199
10
19
6
-710
414
4196
2470015
4
9
0
-721
401
4172
2471040
4
-15
0
-713
421
4158
2472065
2
-26
0
-701
424
4197
2473090
-1
-13
5
-681
440
4271
2474115
8
19
15
-675
426
4291
2475140
26
58
32
-680
392
4273
2476165
41
125
55
-707
384
4226
2477190
50
145
63
-738
414
4106
2478215
45
130
55
-731
378
4245
2479240
-21
-181
-52
-838
637
4093
2480265
-87
-218
-61
-728
419
4131
2481290
-46
-113
6
-658
416
4125
2482315
-34
17
25
-675
227
4136
2483340
-19
111
48
-713
218
4184
2484365
11
153
71
-741
410
4112
2485390
20
174
89
-742
470
4209
2478208
25
180
99
-752
539
4273
2479233
-28
121
66
-782
468
4383
2480258
-1
11
2
-808
438
4070
2481283
18
-13
12
-791
318
4001
2482308
29
-16
-1
-734
467
4381
2483333
82
39
-23
-724
387
4345
2484358
160
261
-6
-720
398
4251
2485383
30
21
-32
-908
817
4018
2486408
-136
-206
-73
-848
342
4055
2487433
-83
-127
36
-752
399
3948
2488458
-72
-27
73
-710
199
4195
2489483
-54
73
81
-739
243
4367
2490508
9
117
60
-799
439
4203
2491533
31
88
44
-835
456
4146
2492558
31
-28
2
-836
472
4079
2493583
22
-120
-37
-789
420
4102
2486400
23
-124
-91
-751
393
4208
2487425
19
-115
-99
-730
498
4248
2488450
-18
-84
-60
-725
490
4306
2489475
-30
-57
-4
-726
424
4251
2490500
-22
-14
13
-740
378
4182
2491525
-13
1
5
-765
384
4146
2492550
-4
-12
-20
-760
414
4157
2493575
-1
-52
-23
-762
411
4164
2494600
-10
-87
-26
-747
430
4191
2495625
-8
-84
-31
-721
399
4228
2496650
6
-50
-29
-708
395
4206
2497675
16
-15
-13
-726
407
4173
2498700
8
-15
-3
-730
413
4170
2499725
3
-32
-6
-733
438
4175
2500750
-8
-31
-3
-711
467
4217
2501775
-24
-16
3
-702
424
4234
2494592
-28
-5
7
-718
408
4170
2495617
-28
-10
9
-726
371
4156
2496642
-22
-17
10
-725
386
4200
2497667
-16
-18
9
-725
404
4182
2498692
-14
-15
9
-718
410
4189
2499717
-19
-13
8
-714
434
4186
2500742
-31
-10
11
-704
422
4216
2501767
-32
0
10
-706
376
4224
2502792
-13
2
1
-721
324
4175
2503817
3
-14
-9
-731
369
4169
2504842
13
-24
-18
-725
394
4186
2505867
18
-26
-15
-713
413
4204
2506892
12
-13
-2
-703
425
4222
2507917
6
4
7
-704
435
4223
2508942
-5
10
14
-720
401
4196
2509967
-11
10
18
-713
414
4203
2502784
-10
2
12
-720
399
4181
2503809
-12
-16
3
-724
378
4156
2504834
-10
-27
-4
-710
391
4169
2505859
-7
-19
-4
-695
390
4238
2506884
5
-3
-2
-701
396
4228
2507909
12
14
0
-718
401
4195
2508934
11
10
-2
-722
407
4158
2509959
3
-8
-3
-727
420
4172
2510984
-1
-22
1
-713
408
4204
2512009
1
-12
8
-695
407
4228
2513034
-2
3
7
-707
397
4203
2514059
-5
7
7
-716
420
4174
2515084
-8
-3
7
-715
397
4193
2516109
0
-8
4
-714
377
4203
2517134
8
-6
3
-703
408
4213
2518159
6
1
1
-715
405
4188
2510976
2
1
-1
-719
423
4185
2512001
-4
-6
1
-715
422
4198
2513026
-7
-14
3
-713
397
4191
2514051
-7
-9
4
-709
394
4197
2515076
-8
-4
5
-712
411
4190
2516101
-9
-3
8
-717
400
4191
2517126
-11
-7
11
-711
410
4203
2518151
-13
-2
15
-706
397
4215
2519176
-12
9
15
-709
401
4194
2520201
-12
12
11
-727
386
4174
2521226
-9
-3
3
-725
384
4179
2522251
-5
-18
1
-707
395
4205
2523276
-1
-15
3
-712
401
4211
2524301
3
0
5
-717
398
4204
2525326
-2
9
6
-711
411
4189
2526351
-5
5
8
-720
392
4182
2519167
-1
-6
7
-723
378
4187
2520192
4
-11
7
-711
404
4210
2521217
6
0
4
-710
383
4213
2522242
10
7
0
-712
398
4194
2523267
5
1
2
-721
407
4180
2524292
-1
-9
2
-722
392
4181
2525317
-4
-19
1
-711
409
4197
2526342
-5
-20
0
-709
390
4195
2527367
-7
-11
1
-705
393
4200
2528392
-4
-1
3
-708
404
4204
2529417
0
2
7
-715
406
4189
2530442
-2
1
8
-715
392
4191
2531467
1
0
4
-709
398
4183
2532492
4
0
2
-709
401
4189
2533517
4
2
1
-712
406
4214
2534542
6
3
2
-719
405
4204
2527361
2
4
5
-715
400
4182
2528386
1
0
5
-720
392
4164
2529411
0
-10
3
-725
413
4190
2530436
-1
-16
6
-715
410
4206
2531461
1
-10
6
-709
401
4219
2532486
2
2
2
-705
400
4202
2533511
1
9
1
-713
416
4190
2534536
0
5
8
-723
401
4185
2535561
24
7
12
-705
421
4272
2536586
65
57
14
-659
414
4353
2537611
110
247
87
-648
412
4318
2538636
146
357
143
-844
347
4095
2539661
-37
-183
-77
-862
721
4014
2540686
-88
-132
-17
-796
490
4100
2541711
-21
-49
38
-677
337
4047
2542736
-43
94
66
-692
170
4239
2535552
-21
187
77
-735
316
4220
2536577
17
252
110
-817
417
4135
2537602
25
224
159
-829
487
4197
2538627
23
122
110
-876
476
4138
2539652
-7
-35
0
-858
515
4108
2540677
-26
-92
-32
-785
479
4245
2541702
-23
-57
-3
-753
426
4276
2542727
-9
-16
1
-794
389
4173
2543752
0
0
-9
-805
439
4237
2544777
30
1
-25
-781
531
4320
2545802
65
110
10
-731
351
4415
2546827
206
341
49
-870
269
4132
2547852
-11
-392
-229
-870
844
3894
2548877
-122
-225
-37
-904
456
3955
2549902
-74
-105
47
-688
347
4051
2550927
-100
101
83
-684
208
4311
2543744
-60
250
116
-770
235
4317
2544769
32
286
122
-851
333
4183
2545794
70
188
132
-922
444
4056
2546819
36
-4
49
-946
589
4073
2547844
-17
-198
-43
-884
636
4150
2548869
-40
-259
-107
-797
433
4153
2549894
-55
-225
-105
-752
378
4270
2550919
-40
-162
-97
-742
391
4321
2551944
-9
-96
-49
-751
407
4217
2552969
-6
-35
-15
-767
426
4146
2553994
-15
-24
-4
-776
421
4183
2555019
-9
-29
-10
-785
415
4161
2556044
3
-62
-28
-788
365
4121
2557069
-2
-112
-60
-763
424
4169
2558094
-25
-162
-83
-755
471
4175
2559119
-53
-188
-77
-703
486
4226
2551936
-61
-143
-44
-663
385
4271
2552961
-34
-41
2
-705
274
4156
2553986
13
16
-5
-747
259
4111
2555011
32
11
-20
-709
445
4233
2556036
25
-3
-22
-713
515
4281
2557061
15
-32
-12
-704
453
4250
2558086
11
-20
-1
-706
392
4189
2559111
-4
5
11
-714
414
4165
2560136
-17
-3
7
-724
387
4147
2561161
-17
-21
3
-724
390
4153
2562186
-9
-28
-2
-709
400
4216
2563211
-1
-27
-4
-685
405
4233
2564236
10
4
-1
-698
350
4207
2565261
24
20
-1
-719
395
4176
2566286
18
8
-2
-730
476
4176
2567311
-1
-26
-4
-710
451
4204
2560127
-18
-27
3
-704
418
4203
2561152
-30
-13
13
-709
404
4195
2562177
-25
-14
10
-714
376
4185
2563202
-17
-16
10
-705
404
4231
2564227
-5
-25
3
-700
382
4222
2565252
5
-16
2
-698
373
4186
2566277
6
6
5
-714
397
4167
2567302
-4
1
5
-713
436
4195
2568327
-14
-13
4
-717
396
4186
2569352
-8
-24
2
-700
379
4215
2570377
0
-16
0
-683
395
4237
2571402
-2
4
5
-703
418
4197
2572427
-9
1
5
-719
412
4166
2573452
-10
-11
5
-717
368
4175
2574477
-4
-19
3
-696
397
4229
2575502
-2
-12
1
-703
391
4203
2568321
-2
-4
4
-702
390
4192
2569346
3
5
3
-705
389
4199
2570371
4
3
3
-708
414
4196
2571396
-2
-8
0
-695
406
4210
2572421
-4
5
7
-713
400
4173
2573446
-11
1
5
-709
395
4182
2574471
-6
-3
2
-707
368
4191
2575496
8
-2
-1
-699
376
4230
2576521
20
3
-1
-702
413
4193
2577546
11
3
2
-697
412
4204
2578571
6
6
1
-714
402
4173
2579596
4
-2
2
-709
408
4204
2580621
11
-4
0
-708
387
4202
2581646
15
-5
-1
-704
413
4193
2582671
11
-4
-3
-713
429
4169
2583696
-2
-6
-1
-703
401
4201
2576547
3
-2
-2
-706
396
4219
2577572
9
-4
1
-703
424
4215
2578597
9
0
1
-711
410
4170
2579622
-1
-2
2
-718
410
4166
2580647
-6
-3
2
-714
410
4179
2581672
-4
-8
1
-705
392
4204
2582697
2
-8
2
-701
413
4245
2583722
5
7
6
-704
413
4180
2584747
2
15
8
-715
408
4160
2585772
-4
8
6
-717
414
4207
2586797
1
-9
-1
-713
409
4181
2587822
3
-15
-3
-711
401
4148
2588847
-7
-13
1
-696
425
4224
2589872
-8
2
3
-700
402
4233
2590897
4
14
9
-703
399
4204
2591922
10
17
9
-718
402
4168
2584703
3
2
9
-719
432
4180
2585728
-7
-5
6
-701
427
4182
2586753
-10
-1
11
-702
425
4223
2587778
-15
5
11
-707
412
4240
2588803
-11
3
10
-720
393
4171
2589828
-8
7
8
-715
384
4165
2590853
-2
11
9
-712
389
4209
2591878
9
12
5
-719
418
4183
2592903
5
14
6
-721
405
4185
2593928
9
10
2
-719
381
4192
2594953
19
11
-2
-719
404
4205
2595978
25
9
-6
-727
417
4175
2597003
19
2
-7
-727
419
4187
2598028
10
-2
-4
-718
422
4214
2599053
16
5
2
-717
408
4185
2600078
19
21
5
-727
421
4206
2592896
17
24
3
-731
432
4184
2593921
12
18
2
-731
417
4183
2594946
9
10
4
-733
431
4197
2595971
5
7
2
-729
411
4200
2596996
5
11
0
-726
411
4197
2598021
16
19
-1
-735
428
4182
2599046
21
19
-1
-747
433
4178
2600071
20
6
-7
-752
433
4174
2601096
15
-8
-10
-741
442
4179
2602121
8
-4
-5
-739
429
4196
2603146
10
4
-1
-736
434
4199
2604171
13
11
1
-751
416
4175
2605196
14
11
-1
-751
410
4178
2606221
18
2
-4
-752
424
4168
2607246
17
-8
-8
-751
420
4169
2608271
20
-16
-15
-744
433
4172
2601088
20
-13
-17
-748
449
4182
2602113
26
-8
-12
-738
450
4208
2603138
25
0
-11
-745
462
4205
2604163
12
-5
-10
-754
452
4173
2605188
5
-13
-6
-741
440
4171
2606213
12
-10
-5
-732
423
4212
2607238
21
5
0
-725
439
4223
2608263
26
14
-1
-734
444
4177
2609288
23
21
0
-746
461
4195
2610313
19
27
8
-744
479
4212
2611338
6
31
17
-762
469
4177
2612363
-8
15
15
-766
457
4153
2613388
-9
-14
4
-772
441
4133
2614413
-8
-33
-5
-754
437
4181
2615438
-2
-33
-6
-747
448
4201
2616463
5
-16
0
-733
465
4213
2609280
7
9
7
-744
472
4171
2610305
-3
6
8
-764
449
4202
2611330
-1
-16
0
-751
452
4173
2612355
0
-21
2
-740
453
4138
2613380
-8
-15
8
-735
474
4216
2614405
-14
-8
8
-742
473
4192
2615430
-23
3
16
-735
473
4189
2616455
-28
5
25
-763
468
4169
2617480
-42
-9
33
-764
447
4161
2618505
-43
-20
27
-748
416
4163
2619530
-34
-16
19
-732
435
4203
2620555
-29
-4
19
-738
439
4216
2621580
-15
-1
17
-744
413
4169
2622605
-4
-2
12
-749
423
4153
2623630
-5
-10
6
-751
438
4196
2624655
-6
-12
4
-740
460
4193
2617472
-12
-9
14
-735
441
4184
2618497
-14
-11
8
-742
426
4186
2619522
-6
-15
-3
-730
409
4180
2620547
4
-8
-3
-738
433
4196
2621572
6
-7
-1
-750
438
4193
2622597
4
-7
2
-736
438
4173
2623622
1
-2
3
-735
439
4192
2624647
0
1
3
-737
435
4194
2625672
4
2
-1
-738
408
4186
2626697
21
0
-7
-743
432
4171
2627722
21
-7
-13
-743
446
4191
2628747
15
-10
-13
-739
430
4192
2629772
16
-8
-12
-743
446
4180
2630797
10
-8
-6
-754
452
4182
2631822
0
-13
-3
-745
448
4190
2632847
-2
-16
-2
-739
439
4178
2625664
0
-15
-2
-739
439
4185
2626689
3
-14
-3
-728
448
4196
2627714
3
-14
-4
-741
451
4179
2628739
-11
-13
5
-751
478
4171
2629764
-29
-14
15
-740
472
4201
2630789
-32
-16
22
-738
445
4180
2631814
-35
-22
18
-737
448
4142
2632839
-56
-32
19
-730
465
4153
2633864
-76
-42
26
-718
469
4215
2634889
-83
-45
33
-702
443
4233
2635914
-77
-32
35
-687
374
4205
2636939
-66
-9
36
-702
376
4200
2637964
-48
16
32
-716
367
4230
2638989
-11
23
19
-738
361
4196
2640014
11
13
6
-746
394
4173
2641039
4
-3
2
-733
441
4157
2633856
-14
-15
6
-711
409
4189
2634881
-14
-8
5
-706
389
4223
2635906
-3
12
0
-722
387
4222
2636931
7
23
-5
-734
388
4173
2637956
12
12
-6
-745
406
4159
2638981
9
-7
-9
-732
430
4175
2640006
-6
-19
-1
-721
443
4195
2641031
-16
-16
9
-717
392
4209
2642056
-7
0
11
-716
384
4204
2643081
0
11
9
-720
389
4208
2644106
6
12
5
-725
408
4188
2645131
7
5
2
-737
411
4180
2646156
8
-8
-1
-735
406
4172
2647181
5
-13
-7
-724
407
4200
2648206
8
-9
-8
-720
418
4203
2649231
8
0
-4
-720
414
4203
2642048
9
0
-4
-734
412
4178
2643073
7
1
-1
-732
402
4174
2644098
8
0
4
-722
402
4187
2645123
17
-5
-2
-732
401
4200
2646148
25
-11
-12
-721
409
4193
2647173
25
-9
-18
-715
443
4203
2648198
15
-1
-10
-722
455
4207
2649223
6
5
0
-739
427
4203
2650248
5
5
2
-757
397
4176
2651273
9
0
5
-746
412
4171
2652298
12
1
9
-735
407
4176
2653323
19
4
9
-736
408
4186
2654348
21
-1
-2
-742
430
4195
2655373
16
-14
-9
-726
441
4188
2656398
6
-17
-4
-710
452
4190
2657423
-10
0
8
-715
445
4227
2650241
-9
20
10
-731
416
4204
2651266
0
19
3
-744
409
4154
2652291
7
-3
-4
-760
392
4140
2653316
6
-22
-6
-733
419
4169
2654341
4
-18
-3
-725
430
4218
2655366
9
-6
0
-738
428
4196
2656391
10
1
-6
-736
411
4168
2657416
7
-8
-13
-744
443
4176
2658441
3
-22
-12
-742
448
4195
2659466
-3
-30
-5
-729
431
4196
2660491
-7
-17
0
-713
424
4215
2661516
-4
4
7
-712
429
4217
2662541
0
13
13
-722
430
4210
2663566
2
17
18
-729
436
4203
2664591
0
16
16
-745
433
4147
2665616
-7
-3
5
-751
426
4152
2658433
-7
-21
-5
-744
422
4173
2659458
-1
-22
-5
-728
410
4211
2660483
11
-8
-2
-716
431
4207
2661508
14
11
4
-734
431
4190
2662533
13
15
4
-746
427
4170
2663558
11
8
1
-743
434
4167
2664583
9
-9
1
-740
460
4171
2665608
3
-17
-1
-732
449
4192
2666633
-1
-11
-2
-729
420
4222
2667658
4
0
-1
-726
447
4193
2668683
2
2
3
-728
444
4182
2669708
-2
-3
6
-739
425
4170
2670733
2
-8
3
-744
425
4170
2671758
5
-11
-4
-735
448
4177
2672783
-2
-14
-3
-727
443
4203
2673808
-3
-13
0
-727
428
4205
2666625
-2
-5
4
-722
434
4204
2667650
-2
4
9
-720
448
4198
2668675
-2
8
11
-734
439
4165
2669700
-8
3
7
-751
448
4174
2670725
-14
-15
0
-745
442
4180
2671750
-17
-25
-1
-731
429
4165
2672775
-13
-18
4
-723
428
4211
2673800
-7
-4
7
-728
433
4210
2674825
-8
3
14
-739
446
4168
2675850
-18
-1
21
-736
442
4180
2676875
-25
-12
21
-731
429
4205
2677900
-15
-17
11
-709
403
4215
2678925
-5
-5
7
-707
434
4192
2679950
-2
10
7
-720
429
4223
2680975
6
15
5
-728
427
4223
2682000
12
10
0
-736
438
4151
2674815
5
4
3
-733
425
4143
2675840
-1
8
6
-724
421
4222
2676865
11
21
1
-735
408
4225
2677890
30
29
-4
-748
419
4167
2678915
39
14
-11
-774
449
4127
2679940
25
-17
-13
-763
467
4165
2680965
5
-33
-7
-728
470
4184
2681990
-12
-16
11
-722
443
4212
2683015
-11
11
22
-737
407
4207
2684040
4
20
13
-754
397
4167
2685065
19
3
-9
-746
436
4148
2686090
25
-25
-24
-743
457
4160
2687115
14
-38
-18
-737
482
4185
2688140
-3
-21
-7
-724
444
4238
2689165
-2
4
3
-714
441
4248
2690190
7
14
6
-729
451
4176
2683008
5
-7
4
-741
458
4154
2684033
-4
-8
6
-742
441
4180
2685058
-7
0
8
-748
442
4163
2686083
-7
-6
2
-734
424
4166
2687108
-7
-2
4
-741
448
4191
2688133
-7
-11
-1
-731
465
4206
2689158
-6
-10
1
-729
451
4196
2690183
-6
-2
6
-738
440
4182
2691208
-7
2
6
-742
447
4176
2692233
-11
0
6
-753
453
4161
2693258
-16
-11
4
-750
462
4158
2694283
-25
-15
9
-748
459
4188
2695308
-33
-21
14
-725
451
4231
2696333
-24
-16
15
-718
416
4214
2697358
-12
-5
17
-748
435
4164
2698383
-27
-11
28
-763
483
4153
2691200
-56
-25
40
-741
443
4188
2692225
-50
-23
38
-721
387
4204
2693250
-21
-9
27
-717
370
4173
2694275
5
-2
6
-708
373
4176
2695300
20
4
-9
-710
432
4220
2696325
21
3
-10
-707
472
4227
2697350
2
-5
-3
-718
481
4194
2698375
-26
-12
6
-728
460
4192
2699400
-40
-14
10
-720
419
4204
2700425
-29
-6
12
-735
396
4209
2701450
-13
-4
6
-739
384
4174
2702475
-2
3
2
-735
404
4160
2703500
2
-4
-6
-718
416
4194
2704525
7
-5
-12
-723
426
4204
2705550
7
-2
-11
-734
429
4180
2706575
2
-4
-11
-733
418
4190
2699391
5
-12
-10
-727
427
4200
2700416
8
-2
-3
-736
428
4203
2701441
4
1
3
-737
431
4165
2702466
-4
-4
9
-743
437
4173
2703491
-14
-14
12
-734
444
4183
2704516
-25
-18
14
-721
432
4199
2705541
-26
-20
11
-706
395
4230
2706566
-9
4
7
-709
382
4223
2707591
12
20
4
-726
416
4177
2708616
13
18
1
-744
421
4182
2709641
10
3
-1
-748
434
4163
2710666
-1
-12
0
-739
431
4167
2711691
-10
-17
3
-731
419
4208
2712716
-9
-14
3
-725
414
4197
2713741
-8
-11
5
-732
420
4177
2714766
-9
-11
7
-725
413
4188
2707584
-4
-3
11
-721
416
4164
2708609
-11
2
16
-737
431
4266
2709634
-7
-3
8
-726
418
4226
2710659
4
-4
1
-729
418
4114
2711684
-6
-8
5
-741
435
4179
2712709
-20
-20
5
-743
434
4223
2713734
-24
-27
11
-725
414
4157
2714759
-19
-21
13
-722
374
4174
2715784
-7
-18
6
-720
370
4219
2716809
13
-11
-2
-710
408
4205
2717834
21
9
2
-712
431
4169
2718859
5
4
3
-711
449
4214
2719884
-10
-6
2
-701
446
4225
2720909
-19
-5
9
-728
446
4200
2721934
-23
-21
3
-721
386
4221
2722959
