Device = VHR-0009
time_stamp = 1777450328360
sample_rate = 50
Data format = INT16
TYPE = 6-AXIS IMU RAW DATA
4
-19
-5
-664
-3
4310
9408640
-14
-18
0
-669
-26
4267
9409665
-22
-21
0
-650
9
4304
9410690
-44
-13
4
-657
-73
4292
9411715
-11
-11
7
-658
-68
4297
9412740
7
-11
7
-659
-35
4291
9413765
2
-8
6
-651
-15
4303
9414790
-15
2
4
-658
-43
4290
9415815
-10
6
3
-665
-49
4284
9416840
-5
4
4
-661
-28
4300
9417865
-18
6
3
-664
-45
4295
9418890
-10
4
4
-663
-65
4286
9419915
7
-5
9
-660
-32
4295
9420940
3
-3
10
-642
-36
4298
9421965
-9
3
7
-658
-24
4294
9422990
-12
2
3
-669
-56
4302
9424015
-5
2
3
-673
-38
4287
9416832
-5
-3
7
-672
-43
4291
9417857
-10
-5
9
-659
-23
4292
9418882
-20
0
13
-650
-25
4298
9419907
-34
10
15
-655
-28
4293
9420932
-47
21
13
-669
-45
4296
9421957
-52
20
8
-679
-85
4296
9422982
-27
10
5
-671
-98
4294
9424007
2
2
6
-662
-76
4299
9425032
9
1
8
-669
-44
4299
9426057
-5
3
10
-673
-46
4294
9427082
-10
1
9
-670
-65
4291
9428107
-2
-4
11
-671
-70
4293
9429132
4
-8
13
-672
-74
4290
9430157
12
-13
12
-673
-63
4296
9431182
16
-14
13
-669
-47
4292
9432207
12
-13
12
-667
-61
4294
9425025
12
-13
11
-673
-45
4293
9426050
1
-10
11
-667
-46
4296
9427075
-6
-4
9
-666
-54
4288
9428100
-8
-2
8
-674
-60
4284
9429125
-6
-2
10
-665
-36
4290
9430150
-26
1
20
-670
22
4289
9431175
-71
6
40
-655
-43
4285
9432200
-87
10
64
-658
-4
4294
9433225
-137
12
78
-679
-7
4307
9434250
-194
11
78
-690
-45
4305
9435275
-233
12
68
-681
-134
4288
9436300
-204
5
60
-675
-209
4291
9437325
-142
-3
53
-676
-240
4298
9438350
-71
-7
43
-668
-228
4295
9439375
-22
-6
27
-672
-180
4302
9440400
-2
-4
11
-676
-173
4307
9433217
12
-5
0
-677
-175
4306
9434242
23
-7
-3
-676
-162
4293
9435267
32
-11
-4
-670
-142
4292
9436292
32
-14
-2
-672
-129
4301
9437317
18
-13
1
-669
-130
4300
9438342
7
-12
2
-673
-142
4291
9439367
6
-13
1
-675
-150
4291
9440392
10
-13
-1
-677
-149
4301
9441417
19
-12
-2
-667
-141
4295
9442442
21
-8
-3
-669
-129
4291
9443467
14
-5
-5
-663
-136
4297
9444492
13
-5
-4
-670
-128
4300
9445517
13
-7
-2
-664
-130
4295
9446542
10
-10
0
-671
-120
4298
9447567
5
-9
1
-668
-132
4296
9448592
5
-9
-1
-666
-129
4297
9441407
4
-10
-1
-663
-132
4291
9442432
9
-7
-1
-664
-126
4289
9443457
12
-2
-4
-664
-120
4294
9444482
8
3
-8
-669
-118
4295
9445507
3
3
-7
-672
-127
4286
9446532
4
0
-6
-669
-129
4295
9447557
5
0
-4
-672
-122
4302
9448582
5
0
-1
-667
-118
4297
9449607
3
-3
3
-672
-125
4293
9450632
4
-8
5
-672
-130
4290
9451657
7
-14
8
-669
-120
4296
9452682
7
-16
10
-667
-118
4290
9453707
4
-14
8
-673
-112
4288
9454732
2
-15
7
-660
-136
4304
9455757
12
-13
7
-661
-133
4296
9456782
15
-9
6
-663
-97
4289
9449600
-4
-2
6
-666
-84
4301
9450625
-30
3
7
-663
-89
4297
9451650
-49
4
9
-666
-116
4289
9452675
-53
6
12
-664
-122
4289
9453700
-53
13
9
-659
-143
4295
9454725
-44
19
6
-662
-152
4291
9455750
-28
21
4
-677
-145
4290
9456775
-19
22
3
-673
-139
4291
9457800
-21
21
2
-679
-150
4299
9458825
-13
21
2
-682
-166
4292
9459850
-1
20
4
-685
-131
4286
9460875
-8
20
2
-685
-123
4296
9461900
-19
20
1
-684
-136
4295
9462925
-14
10
-1
-693
-169
4292
9463950
1
-8
0
-698
-169
4293
9464975
11
-19
-1
-693
-140
4296
9457792
14
-20
-4
-674
-147
4299
9458817
11
-8
0
-669
-139
4294
9459842
-4
0
5
-664
-82
4306
9460867
-49
17
9
-699
-102
4296
9461892
-74
24
7
-689
-181
4297
9462917
-51
38
9
-696
-158
4268
9463942
-81
55
17
-679
46
4285
9464967
-176
79
36
-640
-211
4309
9465992
-117
106
60
-653
-371
4322
9467017
-18
121
75
-702
-86
4342
9468042
-114
122
87
-740
65
4353
9469067
-291
124
95
-714
-71
4398
9470092
-383
140
80
-652
-433
4461
9471117
-241
170
14
-787
-540
4479
9472142
-33
179
-1
-796
-467
4550
9473167
132
212
-19
-635
-328
4685
9466077
360
302
-45
-437
-475
4800
9467102
613
434
-20
-392
-473
4713
9468127
438
500
42
-455
145
4697
9469152
-412
565
-128
-624
-273
4532
9470177
-509
821
12
-998
-605
4644
9471202
-209
930
-13
-773
-467
4528
9472227
114
1007
-25
-801
-349
4376
9473252
264
1090
-20
-1020
-170
4381
9474277
136
1103
-23
-1100
-103
4295
9475302
-72
1086
-59
-1236
-180
4163
9476327
-148
1046
-81
-1349
-237
3962
9477352
-68
995
-69
-1530
-171
3925
9478377
-19
919
-51
-1635
-130
3926
9479402
-67
866
-45
-1749
-167
3845
9480427
-142
824
-55
-1864
-167
3710
9481452
-186
764
-55
-2037
-136
3592
9474176
-109
679
-48
-2121
-245
3556
9475201
31
593
-50
-2161
-167
3530
9476226
53
511
-68
-2224
-123
3517
9477251
-4
433
-86
-2312
-144
3479
9478276
-27
355
-94
-2371
-242
3462
9479301
78
282
-101
-2355
-314
3502
9480326
251
226
-96
-2358
-344
3516
9481351
419
175
-86
-2357
-295
3528
9482376
481
133
-68
-2376
-263
3561
9483401
475
96
-59
-2378
-202
3592
9484426
402
73
-61
-2388
-167
3602
9485451
278
57
-67
-2370
-193
3583
9486476
167
43
-70
-2315
-189
3618
9487501
97
25
-56
-2301
-204
3663
9488526
109
10
-23
-2354
-229
3637
9489551
166
-3
7
-2363
-246
3609
9482368
229
-18
29
-2353
-165
3639
9483393
201
-32
62
-2370
-180
3693
9484418
162
-45
83
-2332
-114
3711
9485443
132
-41
91
-2311
-66
3705
9486468
125
-38
95
-2288
-71
3686
9487493
135
-38
99
-2280
26
3702
9488518
181
-58
102
-2261
13
3714
9489543
301
-65
102
-2226
27
3718
9490568
368
-51
112
-2230
85
3783
9491593
297
-29
134
-2212
78
3888
9492618
145
-27
157
-2241
89
3866
9493643
69
-39
159
-2218
112
3814
9494668
29
-44
159
-2205
127
3803
9495693
18
-41
152
-2195
146
3767
9496718
32
-38
141
-2197
139
3727
9497743
67
-46
130
-2166
151
3777
9490560
79
-60
110
-2138
202
3766
9491585
56
-60
83
-2100
251
3684
9492610
24
-33
48
-2019
267
3748
9493635
46
-15
27
-1962
351
3939
9494660
-38
-32
31
-2062
214
3902
9495685
-42
-104
47
-2164
-151
3805
9496710
122
-167
11
-2193
79
3851
9497735
80
-182
-18
-2261
326
3721
9498760
25
-190
-63
-2208
379
3479
9499785
119
-189
-85
-2106
335
3582
9500810
184
-161
-72
-2101
320
3805
9501835
133
-130
-64
-2079
266
3954
9502860
76
-82
-74
-2037
256
4041
9503885
22
-30
-70
-2051
216
4104
9504910
-63
-1
-63
-2095
139
3923
9505935
-54
9
-64
-2125
96
3788
9498753
23
6
-61
-2105
191
3857
9499778
3
8
-44
-2104
238
3875
9500803
-62
17
-34
-2097
151
3856
9501828
-49
21
-29
-2107
101
3818
9502853
-9
14
-31
-2118
191
3814
9503878
-48
12
-26
-2099
251
3804
9504903
-112
16
-7
-2105
215
3769
9505928
-127
9
12
-2104
166
3752
9506953
-63
-3
12
-2081
53
3810
9507978
21
-10
13
-2120
158
3858
9509003
25
-2
-2
-2123
265
3939
9510028
-34
7
-6
-2122
201
3945
9511053
-45
4
-2
-2139
147
3845
9512078
-15
-6
-4
-2115
153
3762
9513103
-15
-8
-1
-2083
114
3763
9514128
-3
-7
2
-2057
122
3842
9506949
-3
0
10
-2056
119
3892
9507974
-34
8
21
-2063
111
3888
9508999
-29
14
21
-2066
94
3864
9510024
-2
16
22
-2090
166
3842
9511049
-33
21
22
-2099
169
3838
9512074
-53
23
24
-2088
149
3845
9513099
-35
21
27
-2101
149
3828
9514124
-6
10
23
-2107
163
3799
9515149
-4
3
18
-2099
161
3817
9516174
0
4
12
-2091
191
3857
9517199
-12
12
6
-2093
173
3854
9518224
-23
19
0
-2104
171
3838
9519249
-19
22
-6
-2110
142
3837
9520274
-5
20
-10
-2110
147
3835
9521299
-8
19
-14
-2096
149
3804
9522324
-26
22
-10
-2098
151
3815
9515136
-50
24
-1
-2108
138
3805
9516161
-38
20
3
-2092
109
3839
9517186
-15
23
10
-2097
64
3890
9518211
-17
26
11
-2129
169
3826
9519236
-73
32
9
-2139
138
3760
9520261
-78
32
8
-2128
12
3802
9521286
-14
18
8
-2146
57
3803
9522311
9
8
-5
-2124
155
3752
9523336
-26
16
-8
-2125
157
3771
9524361
-69
23
-10
-2137
97
3810
9525386
-53
28
-18
-2132
108
3853
9526411
-42
38
-21
-2163
133
3839
9527436
-47
42
-24
-2158
96
3847
9528461
-45
45
-24
-2181
106
3863
9529486
-44
49
-25
-2188
155
3832
9530511
-36
54
-21
-2158
79
3842
9523328
-18
54
-12
-2156
87
3846
9524353
-33
51
-9
-2178
124
3811
9525378
-47
45
-8
-2182
96
3772
9526403
-46
37
-4
-2219
23
3740
9527428
-3
20
-20
-2169
-6
3777
9528453
28
12
-38
-2135
114
3838
9529478
-8
8
-46
-2153
150
3844
9530503
-48
2
-46
-2186
125
3809
9531528
-57
-8
-40
-2186
109
3767
9532553
-36
-11
-32
-2197
72
3735
9533578
-24
-13
-30
-2207
-19
3728
9534603
-36
-16
-36
-2214
44
3779
9535628
-82
-20
-35
-2202
26
3796
9536653
-114
-25
-27
-2201
8
3793
9537678
-128
-30
-23
-2200
12
3765
9538703
-123
-38
-20
-2240
-23
3727
9531519
-83
-49
-26
-2191
-18
3728
9532544
-55
-56
-29
-2111
-39
3778
9533569
-88
-59
-45
-2083
-29
4063
9534594
-117
-103
-4
-2223
-19
4375
9535619
-239
-204
23
-2393
-253
3729
9536644
-149
-276
-11
-2341
-258
3180
9537669
145
-286
-70
-2148
8
3476
9538694
294
-272
-109
-2026
213
3827
9539719
154
-243
-107
-2006
504
3763
9540744
-227
-185
-55
-1936
372
3754
9541769
-649
-49
-76
-1972
-317
4193
9542794
-1069
100
-255
-2005
-656
4197
9543819
-840
31
-199
-1466
-354
3826
9544844
-266
-112
-23
-1787
-22
3417
9545869
-590
-124
-262
-2310
-20
3760
9546894
-557
-81
-259
-1772
-693
3513
9539868
11
123
-200
-2124
-399
4363
9540893
317
61
-18
-2242
-694
5017
9541918
565
-100
147
-2623
-352
4214
9542943
333
-201
186
-2621
104
3358
9543968
-42
-265
150
-2163
117
2982
9544993
-261
-127
21
-1951
-486
3686
9546018
-257
106
-167
-1515
-858
4389
9547043
-160
115
182
-887
-836
4243
9548068
-333
134
70
-2392
249
4179
9549093
-744
102
134
-2063
-978
3779
9550118
-265
92
127
-2241
-973
3512
9551143
148
16
41
-2303
-289
3491
9552168
188
-66
35
-2155
-82
3442
9553193
155
-112
101
-2026
-333
3759
9554218
200
-148
147
-1981
-427
3919
9555243
321
-175
155
-1906
-407
3948
9547904
350
-190
194
-1911
-331
3955
9548929
269
-189
228
-1912
-258
3946
9549954
177
-172
236
-1910
-245
3954
9550979
124
-153
225
-1912
-272
4008
9552004
109
-131
196
-1911
-166
4038
9553029
78
-117
160
-1845
-83
4000
9554054
24
-107
131
-1805
-50
3953
9555079
-27
-92
103
-1797
-71
3982
9556104
-41
-86
70
-1814
-54
3955
9557129
-16
-95
32
-1786
-39
3939
9558154
-3
-106
1
-1802
-16
3979
9559179
-14
-120
-22
-1854
-62
3966
9560204
-9
-127
-44
-1880
-153
3960
9561229
22
-129
-60
-1878
-176
4040
9562254
21
-121
-66
-1883
-230
4108
9563279
10
-103
-58
-1889
-297
4105
9556096
6
-83
-41
-1891
-289
4092
9557121
-15
-62
-8
-1884
-260
4070
9558146
-35
-45
26
-1916
-267
4053
9559171
-25
-40
38
-1914
-165
3977
9560196
6
-38
40
-1849
-140
3989
9561221
47
-34
33
-1801
-143
4025
9562246
34
-27
13
-1788
-102
3983
9563271
-9
-22
-7
-1737
-131
3941
9564296
-4
-23
-24
-1707
-130
3916
9565321
-7
-32
-36
-1736
-146
3875
9566346
-20
-39
-51
-1773
-206
3878
9567371
-9
-41
-66
-1815
-231
3969
9568396
-21
-39
-82
-1861
-269
4048
9569421
-55
-33
-90
-1890
-309
4051
9570446
-80
-23
-70
-1891
-356
4014
9571471
-66
-15
-35
-1842
-372
3981
9564288
-41
-6
4
-1804
-334
4011
9565313
-31
-4
31
-1783
-280
4018
9566338
-22
-7
45
-1761
-219
3992
9567363
-21
-14
51
-1741
-151
3975
9568388
-11
-28
52
-1735
-138
3977
9569413
8
-48
43
-1747
-82
3951
9570438
15
-67
22
-1742
-38
3943
9571463
16
-75
-1
-1749
-130
4016
9572488
31
-80
-29
-1776
-165
4064
9573513
50
-75
-58
-1783
-151
4071
9574538
29
-60
-72
-1776
-163
4067
9575563
2
-45
-72
-1783
-251
4100
9576588
18
-36
-65
-1783
-272
4110
9577613
47
-32
-55
-1797
-281
4081
9578638
59
-34
-39
-1785
-275
4071
9579663
68
-34
-17
-1782
-236
4089
9572480
66
-34
2
-1791
-225
4045
9573505
73
-33
9
-1800
-233
4012
9574530
92
-32
7
-1785
-221
4023
9575555
95
-25
1
-1772
-219
4024
9576580
75
-11
-8
-1753
-173
4003
9577605
29
2
-8
-1751
-237
4000
9578630
55
5
-16
-1734
-170
4042
9579655
21
11
-12
-1768
-153
3969
9580680
1
15
-9
-1767
-202
3926
9581705
41
17
-13
-1762
-178
4002
9582730
36
20
-17
-1789
-142
4019
9583755
3
28
-25
-1781
-210
3973
9584780
-3
40
-30
-1735
-230
3993
9585805
-14
56
-33
-1758
-205
3994
9586830
-39
67
-40
-1764
-259
3824
9587855
1
74
-55
-1756
-407
3568
9580672
105
73
-114
-1597
-386
3764
9581697
243
160
-154
-1614
48
4262
9582722
167
202
-84
-1829
201
4288
9583747
-4
151
-27
-1924
-330
3878
9584772
156
159
-51
-1890
-261
3813
9585797
302
277
-132
-1815
95
4227
9586822
118
373
-184
-1789
193
4584
9587847
-169
424
-160
-1957
23
4335
9588872
-282
371
-122
-2073
-218
3936
9589897
-430
302
-90
-2096
-203
3803
9590922
-662
261
-13
-2067
-248
3925
9591947
-782
225
57
-2077
-441
4125
9592972
-800
241
69
-2210
-562
4208
9593997
-838
151
8
-2164
-507
3702
9595022
-456
-4
68
-1818
-654
3212
9596047
671
-184
223
-1915
-590
3191
9588864
390
-233
139
-2073
-289
3342
9589889
335
-189
37
-1869
-571
3544
9590914
530
-64
-12
-1997
-205
3636
9591939
390
-91
-56
-1813
-111
4313
9592964
91
-85
-5
-2019
-124
4773
9593989
-228
-11
-34
-2290
-43
3980
9595014
-299
37
-90
-2116
-493
3865
9596039
-219
88
-87
-1968
-238
4521
9597064
-667
160
-75
-1975
-26
4542
9598089
-896
73
61
-1843
-493
3363
9599114
-375
-95
217
-2109
-425
2979
9600139
-625
-234
203
-1954
-1334
3229
9601164
224
-190
85
-1865
-815
3933
9602189
636
-87
58
-2006
-100
4131
9603214
454
-67
71
-2016
-256
4019
9604239
243
-50
63
-2028
-314
3945
9597056
42
-43
48
-2038
-302
3861
9598081
-50
-41
37
-2014
-421
3871
9599106
19
-41
29
-2010
-394
3913
9600131
103
-57
26
-1987
-382
3873
9601156
159
-68
33
-1945
-406
3904
9602181
176
-75
38
-1896
-326
3923
9603206
158
-71
43
-1889
-312
3915
9604231
157
-67
34
-1878
-291
3941
9605256
157
-62
22
-1885
-197
4004
9606281
93
-63
6
-1917
-178
4021
9607306
6
-72
-10
-1915
-224
3982
9608331
-32
-74
-23
-1909
-274
3932
9609356
3
-72
-32
-1884
-341
3940
9610381
35
-64
-27
-1881
-323
4005
9611406
12
-52
-15
-1910
-327
4002
9612431
-10
-48
-2
-1931
-336
3947
9605248
-25
-43
8
-1920
-312
3904
9606273
-50
-44
25
-1910
-310
3882
9607298
-54
-51
37
-1913
-327
3894
9608323
-30
-67
40
-1911
-341
3921
9609348
-1
-82
42
-1891
-320
3957
9610373
32
-101
38
-1901
-305
3924
9611398
51
-116
28
-1875
-242
3918
9612423
22
-109
25
-1846
-295
3991
9613448
38
-99
22
-1818
-270
4039
9614473
51
-83
16
-1810
-231
4012
9615498
34
-69
10
-1802
-235
4003
9616523
16
-59
-2
-1792
-250
3987
9617548
6
-52
-14
-1771
-269
4004
9618573
22
-50
-26
-1782
-233
4010
9619598
14
-54
-31
-1790
-243
3991
9620623
23
-64
-40
-1785
-239
4006
9613440
59
-69
-48
-1804
-240
4022
9614465
78
-77
-46
-1809
-296
4025
9615490
124
-91
-39
-1841
-302
3959
9616515
161
-101
-38
-1835
-295
3922
9617540
177
-101
-47
-1795
-226
3940
9618565
132
-89
-47
-1786
-216
3970
9619590
108
-80
-43
-1785
-292
4028
9620615
121
-78
-44
-1764
-214
4087
9621640
68
-85
-41
-1745
-191
4069
9622665
11
-89
-37
-1739
-202
4033
9623690
-2
-90
-33
-1737
-212
3995
9624715
49
-88
-32
-1727
-212
4017
9625740
74
-78
-27
-1740
-181
4048
9626765
66
-72
-31
-1724
-206
4079
9627790
55
-64
-40
-1710
-203
4039
9628815
31
-47
-45
-1692
-230
4039
9621632
36
-26
-51
-1671
-209
4092
9622657
16
-8
-50
-1678
-190
4063
9623682
-12
2
-43
-1687
-212
4022
9624707
-17
6
-28
-1716
-227
4005
9625732
1
-3
-19
-1710
-211
4017
9626757
7
-16
-10
-1733
-196
4017
9627782
4
-29
-9
-1724
-206
3991
9628807
26
-41
-10
-1700
-162
4015
9629832
19
-44
-8
-1709
-168
4027
9630857
8
-46
-11
-1702
-173
4034
9631882
-4
-41
-11
-1691
-209
4036
9632907
14
-40
-15
-1677
-196
4057
9633932
26
-40
-16
-1692
-173
4014
9634957
2
-41
-16
-1685
-214
3989
9635982
9
-40
-10
-1683
-208
4025
9637007
10
-46
-4
-1691
-238
4042
9629825
18
-48
-10
-1681
-230
3997
9630850
19
-46
-16
-1669
-188
4033
9631875
-6
-42
-14
-1684
-185
4050
9632900
-23
-42
-9
-1694
-229
4023
9633925
-3
-42
-7
-1699
-221
4040
9634950
0
-40
-6
-1702
-173
4054
9635975
-30
-35
-1
-1681
-214
4065
9637000
-21
-29
4
-1663
-228
4102
9638025
-2
-20
8
-1668
-208
4127
9639050
-18
-9
9
-1680
-219
4104
9640075
-19
0
3
-1665
-219
4105
9641100
-17
8
5
-1657
-204
4098
9642125
-14
11
7
-1646
-203
4093
9643150
-20
14
13
-1662
-187
4049
9644175
-16
16
18
-1658
-226
4047
9645200
11
9
16
-1637
-161
4070
9638017
-11
6
20
-1642
-174
4005
9639042
-16
3
24
-1641
-213
4040
9640067
11
-3
23
-1671
-192
4049
9641092
20
-13
12
-1674
-176
4036
9642117
18
-21
2
-1668
-177
4020
9643142
8
-21
-2
-1673
-189
4040
9644167
3
-18
-2
-1674
-227
4049
9645192
26
-18
-4
-1662
-200
4083
9646217
16
-14
-2
-1670
-186
4065
9647242
1
-10
-2
-1678
-209
4024
9648267
13
-8
-4
-1673
-191
4034
9649292
26
-1
-6
-1657
-164
4062
9650317
10
6
-11
-1677
-172
4054
9651342
2
7
-22
-1686
-193
4076
9652367
11
6
-28
-1688
-180
4052
9653392
4
2
-32
-1677
-192
4026
9646207
6
0
-34
-1634
-216
4049
9647232
15
1
-34
-1622
-201
4063
9648257
9
0
-36
-1622
-219
4040
9649282
17
-4
-45
-1602
-195
4070
9650307
-21
-27
-40
-1565
-125
4019
9651332
-93
-64
-70
-1517
-297
3872
9652357
4
-35
-125
-1432
-384
4097
9653382
135
-1
-52
-1715
-174
4449
9654407
137
-45
8
-1862
-329
4036
9655432
335
-101
-58
-1853
-222
4022
9656457
285
-92
-104
-1711
-140
4157
9657482
136
-27
-110
-1619
31
4072
9658507
-57
38
-57
-1673
176
3918
9659532
-360
69
-4
-1626
-148
4007
9660557
-525
73
55
-1688
-287
3916
9661582
-500
115
81
-1753
-330
3948
9654401
-396
186
38
-1731
-540
4218
9655426
-272
215
-40
-1634
-370
4191
9656451
-81
199
4
-1469
-159
3944
9657476
258
51
141
-1575
-498
3238
9658501
108
-7
80
-1844
-619
3406
9659526
295
39
-67
-1622
-544
3878
9660551
697
117
-57
-1634
465
5008
9661576
228
62
53
-1947
-90
5009
9662601
-203
-10
48
-2196
-242
4003
9663626
-326
-16
-10
-1997
117
3444
9664651
-307
69
-12
-1681
-151
4287
9665676
-309
192
-24
-1643
-316
4790
9666701
-390
204
-39
-1549
-187
4156
9667726
-107
9
129
-1540
-439
3267
9668751
-227
-120
153
-1982
-60
3341
9669776
-260
-151
90
-1604
-923
3820
9662592
283
-71
65
-1721
-365
4084
9663617
310
-45
41
-1823
-180
4036
9664642
111
-45
39
-1821
-207
4052
9665667
-66
-45
43
-1816
-268
4075
9666692
-100
-42
59
-1768
-345
4019
9667717
-33
-27
79
-1735
-370
4004
9668742
11
-13
84
-1744
-337
4001
9669767
35
-15
80
-1694
-231
4064
9670792
31
-15
80
-1689
-228
4053
9671817
36
-19
63
-1645
-171
4047
9672842
24
-19
54
-1671
-146
4031
9673867
18
-23
31
-1664
-145
4014
9674892
49
-33
13
-1677
-137
4048
9675917
43
-41
-5
-1718
-205
3991
9676942
70
-46
-26
-1664
-188
4042
9677967
62
-42
-36
-1692
-201
4076
9670784
20
-32
-43
-1709
-234
4064
9671809
-24
-17
-44
-1722
-286
4036
9672834
-32
-5
-38
-1722
-367
4078
9673859
-24
2
-19
-1739
-384
4057
9674884
-12
2
-2
-1722
-338
4006
9675909
-25
-4
23
-1753
-317
3989
9676934
-25
-12
36
-1765
-305
3941
9677959
8
-23
39
-1716
-230
3996
9678984
-12
-37
48
-1706
-218
4026
9680009
9
-43
46
-1695
-182
4030
9681034
6
-33
31
-1727
-167
3985
9682059
-1
-29
1
-1677
-189
4035
9683084
2
-22
-20
-1676
-182
4098
9684109
-10
-16
-32
-1686
-208
4086
9685134
-7
-6
-43
-1689
-227
4064
9686159
-5
0
-50
-1679
-252
4100
9679023
-17
4
-44
-1694
-277
4085
9680048
-12
3
-34
-1713
-309
4047
9681073
15
-5
-23
-1725
-282
4038
9682098
22
-13
-14
-1738
-280
4034
9683123
18
-22
-9
-1724
-264
4030
9684148
24
-24
-4
-1718
-256
4018
9685173
25
-15
-2
-1710
-236
4041
9686198
3
-1
0
-1707
-259
4048
9687223
-6
3
-2
-1746
-270
4019
9688248
10
5
-12
-1738
-237
4020
9689273
1
4
-12
-1726
-250
3997
9690298
-5
10
-13
-1702
-301
4025
9691323
5
17
-14
-1669
-274
4078
9692348
-6
21
-2
-1672
-240
4068
9693373
-16
17
11
-1707
-265
4033
9694398
10
6
9
-1731
-220
4002
9687168
21
-4
-2
-1713
-209
4010
9688193
27
-13
-17
-1664
-207
4056
9689218
24
-12
-16
-1656
-213
4068
9690243
16
-4
-14
-1677
-218
4051
9691268
5
3
-24
-1698
-237
4001
9692293
14
0
-37
-1674
-201
4011
9693318
10
-4
-42
-1690
-220
4023
9694343
4
-9
-51
-1693
-227
4003
9695368
8
-19
-56
-1698
-238
3976
9696393
17
-28
-62
-1696
-227
3977
9697418
3
-35
-62
-1687
-261
3976
9698443
8
-41
-62
-1674
-269
4008
9699468
-5
-45
-62
-1671
-287
4013
9700493
-14
-48
-67
-1670
-305
3987
9701518
-5
-45
-69
-1649
-302
4047
9702543
-15
-38
-64
-1644
-289
4080
9695359
-35
-33
-61
-1677
-301
4043
9696384
-29
-31
-60
-1685
-288
4035
9697409
-28
-30
-53
-1714
-287
4036
9698434
-39
-32
-44
-1738
-312
4022
9699459
-33
-37
-31
-1747
-347
4035
9700484
-14
-46
-13
-1764
-345
4059
9701509
-13
-49
6
-1773
-359
4069
9702534
-15
-52
25
-1774
-380
4060
9703559
-15
-57
55
-1747
-392
4060
9704584
-1
-58
86
-1704
-395
4079
9705609
20
-56
104
-1642
-306
4086
9706634
16
-44
105
-1593
-241
4058
9707659
-19
-34
90
-1609
-222
4011
9708684
-11
-40
48
-1572
-168
4005
9709709
-5
-49
8
-1543
-144
4038
9710734
-5
-63
-23
-1548
-196
3986
9703553
44
-83
-48
-1545
-286
3807
9704578
157
-76
-88
-1411
-221
4025
9705603
168
-54
-74
-1478
-185
4423
9706628
142
-66
-34
-1645
-212
4242
9707653
165
-86
-9
-1689
-291
4010
9708678
308
-114
-26
-1697
-305
4116
9709703
360
-100
-86
-1623
51
4473
9710728
155
-30
-80
-1639
-209
4357
9711753
125
-6
-95
-1632
-137
4171
9712778
39
4
-91
-1525
221
4150
9713803
-344
58
-8
-1501
144
4129
9714828
-786
197
18
-1597
-525
4255
9715853
-777
224
1
-1590
-1167
3695
9716878
-38
79
21
-1364
-878
3267
9717903
309
-51
28
-1626
-135
3367
9718928
-170
54
-88
-1782
-198
4259
9711744
-50
107
-115
-1600
-130
4203
9712769
230
156
-16
-1657
-159
4320
9713794
218
71
67
-1875
-481
4295
9714819
195
-21
62
-1968
-505
4271
9715844
411
-63
-17
-1861
-196
4299
9716869
371
-38
-108
-1771
428
4081
9717894
-229
51
-76
-1718
302
4305
9718919
-698
155
-80
-1674
-350
4475
9719944
-771
187
-107
-1691
-500
3914
9720969
-590
44
-2
-1410
-554
3326
9721994
-314
-127
146
-1366
-893
3359
9723019
138
-103
95
-1856
-477
4141
9724044
230
-113
54
-1611
-322
4156
9725069
140
-94
76
-1741
-195
3938
9726094
-42
-69
95
-1683
-383
3963
9727119
15
-55
104
-1650
-388
4054
9719936
49
-48
120
-1748
-420
4074
9720961
28
-70
124
-1717
-499
3971
9721986
61
-80
120
-1663
-404
4026
9723011
79
-80
124
-1608
-344
4073
9724036
114
-70
121
-1570
-278
4063
9725061
134
-53
99
-1510
-214
4119
9726086
100
-32
68
-1512
-104
4129
9727111
14
-20
31
-1507
-83
4096
9728136
-57
-19
-6
-1503
-145
4075
9729161
-37
-27
-43
-1484
-153
4087
9730186
0
-36
-74
-1471
-128
4065
9731211
4
-40
-102
-1468
-169
4025
9732236
2
-40
-124
-1499
-250
4086
9733261
-8
-41
-137
-1552
-283
4130
9734286
-9
-50
-141
-1597
-342
4073
9735311
13
-58
-135
-1606
-344
4080
9728128
9
-58
-109
-1626
-376
4109
9729153
24
-60
-80
-1645
-411
4104
9730178
28
-66
-64
-1651
-410
4081
9731203
52
-69
-54
-1620
-337
4077
9732228
18
-64
-33
-1674
-377
4086
9733253
9
-63
-30
-1681
-389
4063
9734278
58
-55
-29
-1644
-310
4119
9735303
28
-41
-18
-1644
-299
4159
9736328
3
-26
-9
-1632
-339
4147
9737353
53
-10
-10
-1613
-297
4130
9738378
63
10
-12
-1573
-258
4144
9739403
84
29
-28
-1539
-209
4170
9740428
101
43
-58
-1559
-158
4088
9741453
95
49
-99
-1531
-207
4048
9742478
90
61
-129
-1490
-207
4161
9743503
43
61
-131
-1518
-229
4158
9736319
-2
54
-118
-1550
-332
4104
9737344
24
40
-100
-1564
-405
4060
9738369
55
27
-85
-1571
-348
4022
9739394
8
19
-59
-1578
-412
4018
9740419
25
4
-34
-1578
-419
4027
9741444
48
-5
-11
-1583
-367
4039
9742469
14
-15
0
-1569
-376
3989
9743494
8
-17
9
-1580
-336
4011
9744519
-9
-21
15
-1596
-315
4008
9745544
-17
-31
16
-1608
-306
3965
9746569
-11
-39
11
-1596
-261
3973
9747594
-22
-42
9
-1584
-272
4056
9748619
-26
-46
4
-1580
-259
4081
9749644
-29
-47
-1
-1551
-251
4080
9750669
-25
-44
-3
-1529
-268
4104
9751694
-22
-42
-9
-1538
-247
4118
9744512
-25
-42
-17
-1557
-273
4121
9745537
-20
-40
-24
-1566
-296
4137
9746562
-11
-33
-29
-1578
-306
4161
9747587
-23
-24
-28
-1592
-324
4142
9748612
-23
-9
-20
-1606
-360
4173
9749637
-8
4
-8
-1618
-339
4194
9750662
-11
18
2
-1642
-330
4168
9751687
-7
33
8
-1651
-305
4152
9752712
4
46
10
-1640
-282
4114
9753737
-3
58
8
-1610
-276
4084
9754762
-8
71
4
-1576
-291
4105
9755787
-14
79
2
-1557
-304
4085
9756812
-19
74
3
-1550
-302
4021
9757837
-17
57
6
-1536
-332
3987
9758862
1
29
12
-1522
-325
3973
9759887
15
2
21
-1522
-304
3987
9752705
15
-22
26
-1523
-303
4004
9753730
12
-36
24
-1524
-317
4036
9754755
18
-41
16
-1523
-297
4079
9755780
7
-36
6
-1544
-269
4068
9756805
-14
-29
-4
-1582
-307
4064
9757830
-5
-19
-13
-1590
-290
4131
9758855
-9
-9
-14
-1627
-312
4110
9759880
-13
-3
-13
-1662
-324
4102
9760905
-8
-5
-8
-1646
-346
4104
9761930
-4
-1
2
-1618
-347
4080
9762955
-5
9
12
-1602
-333
4099
9763980
-13
14
23
-1591
-310
4116
9765005
-15
9
32
-1588
-318
4068
9766030
-4
2
34
-1584
-285
4035
9767055
1
-6
27
-1577
-250
4025
9768080
-3
-17
25
-1578
-255
4033
9760915
-3
-25
25
-1554
-301
4049
9761940
15
-26
24
-1541
-285
4087
9762965
9
-26
23
-1560
-286
4075
9763990
-1
-24
16
-1561
-299
4066
9765015
-4
-22
15
-1581
-322
4080
9766040
-2
-24
13
-1597
-334
4077
9767065
2
-25
17
-1601
-351
4099
9768090
4
-25
24
-1596
-352
4095
9769115
5
-25
32
-1585
-329
4102
9770140
-2
-25
40
-1582
-327
4078
9771165
6
-27
45
-1574
-317
4081
9772190
20
-32
45
-1570
-267
4087
9773215
15
-37
46
-1578
-266
4090
9774240
24
-42
39
-1575
-255
4087
9775265
41
-48
32
-1569
-244
4070
9776290
28
-47
25
-1543
-245
4070
9769088
8
-36
27
-1557
-301
4093
9770113
24
-28
17
-1555
-307
4122
9771138
26
-16
16
-1562
-281
4165
9772163
-6
-6
22
-1602
-305
4089
9773188
-21
-4
34
-1593
-335
4021
9774213
-10
-6
43
-1571
-402
3836
9775238
43
-30
5
-1511
-581
3097
9776263
197
28
-78
-1261
-537
3672
9777288
317
128
-51
-1465
-201
4680
9778313
186
219
-63
-1637
46
4895
9779338
174
291
-80
-1672
315
4804
9780363
41
348
-116
-1769
231
4603
9781388
-354
325
-79
-1776
-261
4219
9782413
-543
223
1
-1825
-410
3880
9783438
-433
127
61
-1698
-213
4069
9784463
-357
112
121
-1665
-237
4523
9777280
-597
180
91
-1815
-246
4509
9778305
-700
32
78
-1875
-380
3145
9779330
-279
-335
248
-1338
-909
2078
9780355
375
-471
253
-1447
-878
2599
9781380
628
-259
55
-1460
-932
3955
9782405
1149
-92
-46
-1210
84
4742
9783430
950
11
14
-1492
485
5079
9784455
69
-69
82
-1994
-97
4289
9785480
-355
-81
45
-1893
-474
4049
9786505
-195
1
-75
-1678
-284
4477
9787530
-39
57
-120
-1767
-18
4465
9788555
-230
86
-75
-1759
321
4603
9789580
-892
157
-55
-1816
29
4616
9790605
-1376
70
-28
-1869
-376
3508
9791630
-986
-183
96
-1367
-884
2826
9792655
26
-326
277
-1317
-1175
2983
9785472
590
-199
179
-1515
-695
4297
9786497
583
-175
137
-1414
-519
4373
9787522
444
-108
106
-1560
-170
4229
9788547
13
-60
89
-1633
-259
4186
9789572
-171
-31
59
-1665
-410
4137
9790597
-127
-7
47
-1687
-434
4114
9791622
-89
3
72
-1683
-476
4105
9792647
-44
-7
114
-1690
-468
4076
9793672
9
-30
148
-1638
-399
4095
9794697
15
-46
179
-1616
-410
4132
9795722
46
-52
190
-1545
-342
4111
9796747
104
-45
189
-1462
-226
4140
9797772
138
-33
170
-1456
-176
4102
9798797
173
-26
114
-1395
-151
4037
9799822
141
-26
53
-1368
-87
4009
9800847
42
-23
-2
-1369
-72
4013
9793665
-13
-30
-46
-1364
-141
4075
9794690
-6
-41
-68
-1423
-196
4112
9795715
14
-60
-83
-1500
-312
4103
9796740
61
-80
-95
-1516
-292
4135
9797765
48
-79
-80
-1539
-359
4158
9798790
42
-68
-65
-1546
-388
4190
9799815
42
-54
-52
-1524
-388
4219
9800840
43
-36
-32
-1563
-347
4201
9801865
33
-21
-10
-1584
-342
4144
9802890
23
-15
2
-1612
-320
4084
9803915
20
-14
4
-1600
-329
4047
9804940
42
-10
6
-1587
-300
4111
9805965
32
-6
10
-1588
-288
4089
9806990
24
-4
8
-1568
-273
4070
9808015
5
0
16
-1576
-303
4072
9809040
3
-2
17
-1536
-327
4059
9801856
20
-3
22
-1502
-283
4102
9802881
-2
-2
29
-1491
-286
4087
9803906
-12
4
31
-1496
-316
4086
9804931
-2
4
24
-1478
-263
4100
9805956
-5
2
15
-1483
-231
4107
9806981
-15
0
7
-1496
-277
4121
9808006
-2
-6
-1
-1505
-245
4085
9809031
15
-9
-10
-1473
-241
4088
9810056
-2
-4
-15
-1470
-253
4117
9811081
-6
-2
-24
-1471
-242
4109
9812106
0
0
-32
-1476
-216
4127
9813131
-10
1
-32
-1512
-254
4112
9814156
10
-7
-41
-1520
-251
4112
9815181
21
-13
-42
-1527
-248
4150
9816206
10
-16
-32
-1563
-327
4115
9817231
29
-18
-34
-1520
-330
4105
9810048
40
-9
-28
-1490
-283
4154
9811073
-2
4
-10
-1525
-315
4121
9812098
-4
5
1
-1532
-331
4096
9813123
16
1
5
-1522
-289
4059
9814148
14
-2
5
-1514
-255
4088
9815173
-19
-5
16
-1510
-306
4083
9816198
50
-9
23
-1512
-286
4110
9817223
16
-3
60
-1616
-400
4093
9818248
33
-25
23
-1563
-333
4046
9819273
86
-27
-26
-1465
-53
4169
9820298
-23
2
-13
-1491
-244
4162
9821323
-21
14
-6
-1514
-281
4102
9822348
-5
21
3
-1524
-281
4099
9823373
-11
20
13
-1548
-333
4111
9824398
-1
9
15
-1529
-317
4104
9825423
13
8
20
-1533
-265
4118
9818240
21
8
23
-1529
-238
4123
9819265
15
8
18
-1546
-219
4099
9820290
1
11
14
-1533
-218
4100
9821315
0
11
14
-1524
-265
4105
9822340
19
10
11
-1511
-244
4104
9823365
19
13
10
-1508
-232
4105
9824390
-1
16
10
-1539
-272
4089
9825415
4
12
8
-1528
-289
4080
9826440
23
10
10
-1529
-232
4109
9827465
3
11
14
-1538
-268
4101
9828490
0
8
18
-1546
-286
4085
9829515
21
6
18
-1543
-241
4125
9830540
10
11
20
-1546
-247
4133
9831565
-4
18
23
-1543
-294
4111
9832590
-1
25
31
-1555
-300
4077
9833615
7
30
30
-1550
-254
4078
9826432
-13
37
32
-1563
-246
4085
9827457
-28
36
35
-1562
-277
4052
9828482
-18
29
38
-1565
-252
4035
9829507
-15
22
44
-1552
-221
4035
9830532
-25
15
47
-1545
-231
4027
9831557
-20
3
46
-1529
-205
4029
9832582
-25
-12
46
-1524
-242
4049
9833607
-7
-34
40
-1479
-222
4054
9834632
8
-54
30
-1468
-153
4052
9835657
-14
-61
28
-1482
-222
4040
9836682
12
-64
13
-1489
-200
4075
9837707
38
-64
-16
-1478
-146
4160
9838732
15
-62
-43
-1518
-186
4118
9839757
37
-70
-77
-1488
-304
3876
9840782
121
-47
-131
-1377
-275
3807
9841807
266
7
-184
-1179
-157
4506
9834624
120
77
-121
-1636
201
4988
9835649
-321
49
-77
-1808
-140
4203
9836674
-306
13
-66
-1644
-627
4118
9837699
-22
44
-107
-1594
-336
4473
9838724
38
67
-127
-1677
-196
4154
9839749
-237
69
-72
-1725
265
3974
9840774
-799
87
69
-1639
-256
4389
9841799
-1145
174
97
-1749
-735
4552
9842824
-1307
157
60
-1820
-888
3404
9843849
-615
-40
116
-1431
-1180
2778
9844874
275
-255
250
-1107
-1128
2902
9845899
441
-117
30
-1600
-247
4016
9846924
417
-15
-1
-1351
-661
4082
9847949
1039
93
-45
-1257
-287
4830
9848974
938
85
25
-1693
-39
4719
9849999
142
-18
60
-2102
70
3976
9842816
-297
-70
21
-1702
-447
4142
9843841
14
-45
-25
-1607
-459
4296
9844866
210
-47
-35
-1660
91
4136
9845891
-101
-44
28
-1589
107
4058
9846916
-513
6
54
-1597
-480
3971
9847941
-508
-21
54
-1466
-943
3615
9848966
-35
-102
134
-983
-852
3831
9849991
200
-108
155
-1369
-198
4047
9851016
-105
6
41
-1628
-361
4514
9852041
-94
-8
32
-1592
-539
4203
9853066
10
4
0
-1701
-246
3993
9854091
-80
3
-13
-1609
-370
3997
9855116
-12
2
12
-1599
-456
4071
9856141
13
-16
43
-1638
-462
4087
9857166
-30
-44
77
-1582
-504
4072
9858191
9
-61
124
-1531
-480
4098
9851008
65
-67
163
-1592
-417
4037
9852033
117
-78
154
-1469
-423
4070
9853058
204
-63
137
-1444
-288
4134
9854083
169
-46
116
-1481
-191
4140
9855108
71
-43
91
-1433
-266
4117
9856133
62
-38
66
-1433
-204
4112
9857158
55
-34
43
-1445
-231
4102
9858183
35
-31
28
-1454
-271
4103
9859208
41
-32
7
-1450
-254
4130
9860233
32
-30
0
-1465
-288
4131
9861258
38
-30
-12
-1471
-278
4132
9862283
32
-30
-21
-1490
-252
4112
9863308
10
-27
-22
-1501
-293
4104
9864333
10
-28
-22
-1512
-292
4141
9865358
3
-32
-22
-1532
-346
4154
9866383
22
-36
-23
-1536
-330
4120
9859200
22
-35
-24
-1524
-324
4107
9860225
14
-26
-17
-1515
-340
4137
9861250
11
-20
-5
-1527
-348
4135
9862275
9
-14
-1
-1489
-343
4122
9863300
6
-2
6
-1491
-345
4122
9864325
4
8
12
-1505
-335
4123
9865350
-8
11
11
-1504
-320
4095
9866375
-3
9
9
-1491
-291
4065
9867400
0
7
10
-1486
-314
4079
9868425
-9
1
4
-1474
-319
4072
9869450
-1
-7
-3
-1471
-293
4102
9870475
-3
-14
-2
-1477
-291
4096
9871500
-4
-16
-3
-1475
-282
4129
9872525
-3
-15
-3
-1478
-288
4143
9873550
-1
-12
-5
-1470
-306
4161
9874575
-2
-8
-9
-1487
-317
4132
9867392
5
-4
-17
-1497
-280
4157
9868417
-9
4
-14
-1519
-315
4150
9869442
-1
6
-12
-1525
-353
4146
9870467
9
8
-8
-1546
-372
4171
9871492
0
12
5
-1552
-401
4148
9872517
-12
21
27
-1533
-422
4104
9873542
-13
29
50
-1499
-394
4079
9874567
-22
39
70
-1509
-351
4080
9875592
-33
36
81
-1525
-360
4038
9876617
3
16
74
-1490
-271
4050
9877642
4
7
71
-1486
-231
4072
9878667
-24
3
64
-1482
-256
4057
9879692
-5
-3
44
-1469
-202
4086
9880717
-5
-5
30
-1469
-194
4084
9881742
-26
-2
26
-1471
-337
4100
9882767
9
-4
6
-1460
-271
4151
9875583
-10
1
-5
-1498
-298
4135
9876608
-24
0
-4
-1495
-368
4118
9877633
0
1
5
-1496
-330
4127
9878658
-17
5
19
-1526
-365
4122
9879683
-7
2
17
-1511
-326
4081
9880708
-4
1
20
-1498
-265
4115
9881733
-20
5
30
-1520
-326
4129
9882758
16
4
21
-1516
-263
4110
9883783
21
9
11
-1512
-219
4098
9884808
-17
15
8
-1535
-308
4083
9885833
10
8
-2
-1510
-288
4096
9886858
25
-1
-3
-1506
-259
4100
9887883
4
-8
5
-1502
-324
4080
9888908
25
-19
4
-1482
-280
4074
9889933
23
-21
1
-1475
-267
4105
9890958
-1
-18
-5
-1505
-304
4104
9883776
20
-17
-12
-1516
-286
4126
9884801
10
-15
-17
-1515
-321
4120
9885826
8
-10
-28
-1497
-325
4103
9886851
-5
-2
-24
-1511
-326
4109
9887876
-22
1
-11
-1544
-369
4107
9888901
7
-7
-7
-1529
-309
4105
9889926
-6
-7
4
-1558
-326
4092
9890951
9
-14
5
-1525
-300
4095
9891976
16
-15
13
-1516
-254
4111
9893001
-5
-11
19
-1505
-281
4118
9894026
1
-3
12
-1500
-270
4110
9895051
-2
8
0
-1513
-247
4121
9896076
-21
11
-9
-1517
-310
4112
9897101
-6
7
-8
-1506
-317
4102
9898126
1
2
-4
-1508
-322
4102
9899151
-1
-3
0
-1500
-331
4098
9892224
5
-10
11
-1494
-318
4086
9893249
7
-14
16
-1502
-297
4093
9894274
6
-15
10
-1494
-280
4102
9895299
1
-12
1
-1484
-283
4091
9896324
2
-11
-6
-1485
-282
4088
9897349
0
-11
-11
-1485
-280
4090
9898374
-10
-11
-11
-1492
-307
4087
9899399
0
-17
-12
-1483
-300
4083
9900424
3
-21
-12
-1485
-293
4090
9901449
1
-26
-14
-1484
-298
4096
9902474
3
-31
-17
-1504
-290
4088
9903499
-3
-35
-20
-1500
-313
4102
9904524
-6
-31
-19
-1489
-347
4120
9905549
-9
-26
-6
-1520
-349
4127
9906574
-5
-23
-4
-1532
-335
4146
9907599
1
-22
-10
-1535
-332
4031
9900159
19
-9
-35
-1466
-367
3803
9901184
125
2
-108
-1270
-322
4057
9902209
250
53
-103
-1424
-95
4493
9903234
88
64
-14
-1671
-95
4215
9904259
-55
37
11
-1555
-421
4032
9905284
172
78
-46
-1491
-117
4400
9906309
73
136
-111
-1472
-17
4315
9907334
-139
135
-97
-1545
-307
4024
9908359
-167
103
-79
-1624
-338
4066
9909384
-149
66
-59
-1656
-348
4065
9910409
-141
28
-16
-1697
-394
4133
9911434
-210
33
10
-1776
-285
4337
9912459
-372
58
-82
-1689
-424
3950
9913484
-185
-54
7
-1102
-890
3608
9914509
345
-171
170
-1348
-361
3504
9915534
-138
-29
-15
-1700
33
4270
9908353
-172
18
-49
-1392
-714
3551
9909378
463
165
-98
-1507
-223
4073
9910403
276
170
-49
-1394
-357
5173
9911428
57
99
78
-1887
-413
4578
9912453
-73
9
79
-2087
-284
3609
9913478
-8
-88
30
-1716
-457
3881
9914503
174
-98
25
-1636
80
4051
9915528
3
-26
37
-1566
-9
4346
9916553
-317
111
-18
-1474
-466
4590
9917578
-379
138
-23
-1443
-533
4103
9918603
-179
21
169
-1146
-526
3669
9919628
89
-77
203
-1781
-228
3718
9920653
-271
-83
87
-1603
-387
4045
9921678
-73
-98
88
-1544
-693
3758
9922703
275
-84
68
-1588
-252
3985
9923728
159
-52
40
-1524
-178
4203
9916545
73
-19
24
-1563
-177
4211
9917570
-4
-6
12
-1583
-296
4153
9918595
-72
1
16
-1606
-421
4095
9919620
-6
-10
22
-1556
-395
4086
9920645
51
-15
40
-1591
-332
4081
9921670
35
-31
34
-1506
-315
4100
9922695
59
-34
33
-1475
-271
4114
9923720
33
-32
35
-1530
-295
4075
9924745
24
-36
22
-1505
-298
4103
9925770
76
-37
13
-1480
-246
4152
9926795
75
-26
8
-1502
-223
4130
9927820
20
-23
-2
-1514
-292
4098
9928845
25
-28
-13
-1519
-240
4060
9929870
16
-26
-15
-1558
-295
4086
9930895
29
-33
-31
-1521
-261
4098
9931920
27
-30
-31
-1556
-289
4106
9924737
28
-25
-30
-1541
-301
4118
9925762
24
-16
-23
-1551
-295
4125
9926787
2
-6
-15
-1575
-349
4122
9927812
19
-8
-19
-1561
-291
4106
9928837
-9
-5
-6
-1579
-346
4067
9929862
8
-4
-2
-1554
-347
4082
9930887
32
-3
2
-1550
-242
4104
9931912
-13
1
7
-1559
-303
4073
9932937
-6
-1
3
-1540
-324
4084
9933962
13
-1
2
-1541
-259
4100
9934987
-25
-1
10
-1554
-333
4067
9936012
7
-11
7
-1521
-302
4079
9937037
9
-15
11
-1533
-273
4086
9938062
-6
-18
10
-1507
-325
4097
9939087
16
-18
7
-1503
-256
4122
9940112
-10
-15
11
-1533
-280
4096
9932929
-17
-13
10
-1544
-318
4094
9933954
18
-19
-2
-1506
-223
4108
9934979
-4
-15
-5
-1503
-244
4112
9936004
-15
-12
-7
-1477
-281
4106
9937029
-2
-10
-4
-1493
-263
4107
9938054
8
-14
-10
-1496
-244
4090
9939079
0
-19
-16
-1512
-263
4078
9940104
8
-28
-26
-1517
-281
4099
9941129
27
-36
-31
-1522
-280
4125
9942154
17
-33
-26
-1533
-307
4097
9943179
-12
-22
-20
-1556
-338
4091
9944204
7
-20
-25
-1532
-294
4140
9945229
-1
-14
-14
-1544
-317
4116
9946254
0
-10
-2
-1524
-342
4122
9947279
7
-8
8
-1530
-327
4122
9948304
12
-10
7
-1517
-314
4115
9941119
16
-11
6
-1520
-243
4110
9942144
-11
-8
13
-1547
-307
4097
9943169
12
-9
6
-1540
-280
4108
9944194
22
-9
1
-1533
-222
4128
9945219
-13
-1
6
-1522
-291
4120
9946244
2
6
6
-1499
-294
4130
9947269
-1
14
12
-1516
-289
4108
9948294
-3
12
11
-1506
-310
4069
9949319
15
9
2
-1482
-232
4103
9950344
-15
9
3
-1485
-279
4088
9951369
-11
6
4
-1479
-322
4080
9952394
7
-2
5
-1481
-268
4089
9953419
-12
-4
10
-1508
-305
4082
9954444
-3
-12
3
-1498
-290
4065
9955469
9
-16
1
-1490
-250
4091
9956494
-15
-14
3
-1504
-285
4101
9949312
-4
-14
3
-1535
-295
4096
9950337
9
-15
-3
-1522
-255
4117
9951362
-9
-13
-7
-1524
-278
4118
9952387
-14
-13
-8
-1520
-277
4087
9953412
-19
-12
-2
-1537
-315
4078
9954437
3
-20
-6
-1516
-265
4078
9955462
-3
-27
-8
-1519
-221
4070
9956487
-32
-31
-12
-1501
-254
4049
9957512
-32
-36
-25
-1496
-251
4032
9958537
-34
-45
-42
-1472
-227
4045
9959562
-46
-56
-54
-1488
-254
4033
9960587
-25
-70
-68
-1502
-277
4077
9961612
-7
-86
-72
-1464
-304
4135
9962637
11
-82
-64
-1451
-328
4158
9963662
7
-69
-53
-1461
-330
4208
9964687
-7
-52
-40
-1476
-351
4206
9957504
-1
-31
-34
-1496
-342
4203
9958529
-9
-15
-33
-1494
-338
4203
9959554
-10
-5
-30
-1487
-329
4159
9960579
-10
-1
-29
-1495
-303
4119
9961604
-24
0
-34
-1487
-263
4089
9962629
-41
-10
-50
-1471
-216
3976
9963654
-52
-35
-80
-1466
-247
3870
9964679
-43
-73
-115
-1452
-302
3891
9965704
3
-95
-152
-1371
-403
3990
9966729
57
-102
-185
-1304
-243
4055
9967754
43
-73
-202
-1201
-497
4230
9968779
111
-20
-165
-1381
-343
4437
9969804
82
4
-93
-1531
-538
4422
9970829
241
-20
-105
-1639
-287
4485
9971854
190
12
-166
-1523
-90
4508
9972879
-16
63
-147
-1491
-181
4154
9965696
-166
84
-107
-1461
197
4170
9966721
-522
143
-45
-1418
-455
4456
9967746
-928
230
-87
-1507
-978
4264
9968771
-863
201
-56
-1502
-1060
3515
9969796
-115
-3
96
-882
-963
3199
9970821
286
-7
33
-1492
-249
3629
9971846
-51
105
-90
-1495
-642
4195
9972871
153
170
-89
-1120
-497
4878
9973896
403
242
29
-1653
-344
5283
9974921
278
119
72
-2180
-114
4215
9975946
-158
9
59
-2075
274
3415
9976971
-539
20
50
-1644
-409
3990
9977996
-605
102
-44
-1488
-1065
4239
9979021
-292
44
-7
-1304
-865
3702
9980046
142
-176
235
-1055
-1082
3225
9981071
345
-56
82
-1677
-221
4420
9973888
-54
-59
70
-1388
-572
4330
9974913
165
-19
50
-1621
-365
4024
9975938
168
0
-1
-1624
-326
4061
9976963
135
-5
-25
-1580
-323
4123
9977988
78
-12
0
-1548
-387
4075
9979013
26
-16
41
-1547
-535
4065
9980038
76
-27
65
-1527
-515
4047
9981063
149
-41
80
-1532
-442
4064
9982088
110
-54
80
-1582
-463
4031
9983113
116
-76
57
-1504
-477
4071
9984138
149
-67
47
-1526
-373
4070
9985163
108
-54
40
-1539
-371
4057
9986188
102
-48
32
-1542
-382
4123
9987213
95
-43
29
-1583
-354
4098
9988238
34
-45
28
-1552
-441
4093
9989263
74
-41
24
-1517
-371
4138
9982080
79
-32
28
-1540
-332
4109
9983105
45
-23
31
-1498
-424
4118
9984130
74
-12
28
-1467
-372
4148
9985155
64
3
29
-1502
-324
4145
9986180
-1
5
27
-1508
-395
4111
9987205
25
-3
13
-1488
-325
4092
9988230
10
0
11
-1494
-348
4092
9989255
-4
5
10
-1455
-375
4101
9990280
6
10
16
-1478
-350
4107
9991305
-3
12
20
-1481
-364
4099
9992330
-5
12
24
-1487
-361
4114
9993355
-2
11
24
-1504
-322
4092
9994380
1
9
23
-1493
-286
4059
9995405
-2
7
15
-1495
-290
4058
9996430
-5
1
11
-1512
-317
4035
9997455
14
-10
-1
-1492
-311
4058
9990271
3
-21
-5
-1512
-309
4060
9991296
-7
-31
1
-1550
-375
4034
9992321
40
-45
-11
-1498
-341
4117
9993346
37
-42
-19
-1503
-268
4134
9994371
-23
-30
-21
-1494
-355
4117
9995396
-18
-20
-28
-1487
-344
4130
9996421
-13
-16
-26
-1507
-321
4118
9997446
-15
-20
-26
-1517
-334
4105
9998471
-14
-28
-28
-1515
-351
4095
9999496
11
-37
-30
-1490
-363
4090
10000521
9
-42
-33
-1501
-285
4042
10001546
-4
-46
-42
-1496
-344
4102
10002571
18
-57
-49
-1468
-323
4127
10003596
9
-58
-43
-1449
-349
4136
10004621
15
-51
-38
-1444
-367
4148
10005646
20
-40
-34
-1479
-361
4154
9998464
-3
-30
-30
-1496
-404
4168
9999489
-10
-20
-23
-1495
-444
4153
10000514
8
-10
-12
-1481
-381
4158
10001539
-11
0
5
-1489
-385
4122
10002564
-17
2
17
-1469
-380
4101
10003589
-11
0
22
-1464
-361
4105
10004614
-7
-3
17
-1437
-338
4100
10005639
-16
-5
15
-1423
-326
4067
10006664
-16
-6
10
-1417
-321
4080
10007689
-19
-12
-1
-1416
-301
4084
10008714
-19
-15
-15
-1440
-272
4092
10009739
-30
-17
-32
-1429
-309
4112
10010764
-25
-14
-47
-1434
-341
4135
10011789
-23
-9
-57
-1442
-350
4143
10012814
-41
-3
-57
-1456
-380
4131
10013839
-46
1
-48
-1473
-415
4131
10006657
-34
0
-32
-1478
-420
4136
10007682
-37
-2
-11
-1508
-435
4141
10008707
-25
-6
4
-1513
-438
4141
10009732
-4
-8
10
-1494
-373
4155
10010757
-27
-2
16
-1494
-361
4130
10011782
-35
0
13
-1483
-367
4104
10012807
-8
-4
6
-1454
-370
4127
10013832
1
-7
8
-1455
-357
4136
10014857
-3
-11
9
-1438
-389
4116
10015882
15
-12
7
-1426
-385
4129
10016907
11
-5
5
-1414
-379
4140
10017932
-9
7
8
-1422
-384
4131
10018957
-24
16
10
-1465
-389
4119
10019982
-8
14
3
-1463
-405
4124
10021007
1
12
-8
-1441
-381
4109
10022032
-17
11
-8
-1441
-397
4095
10014848
-19
6
-7
-1457
-402
4106
10015873
-8
-3
-9
-1460
-384
4111
10016898
0
-8
-14
-1469
-354
4101
10017923
-5
-11
-17
-1471
-363
4109
10018948
-1
-15
-20
-1452
-363
4108
10019973
3
-13
-25
-1422
-344
4098
10020998
-5
-7
-33
-1421
-318
4099
10022023
-14
-2
-42
-1443
-337
4110
10023048
-7
-5
-55
-1464
-361
4121
10024073
-6
-9
-66
-1485
-418
4139
10025098
11
-10
-67
-1486
-464
4153
10026123
7
-14
-56
-1488
-490
4116
10027148
-5
-18
-34
-1495
-550
4072
10028173
31
-26
-29
-1480
-587
3793
10029198
208
-20
-99
-1243
-497
4116
10030223
446
31
-52
-1301
-172
4775
10023041
286
26
144
-1780
-360
4221
10024066
171
-21
164
-1707
-836
4021
10025091
381
-31
34
-1530
-153
4400
10026116
145
23
-1
-1517
229
4125
10027141
-228
91
31
-1532
228
4224
10028166
-699
247
-19
-1600
-277
4279
10029191
-885
266
-35
-1420
-558
3899
10030216
-429
95
121
-799
-852
3530
10031241
-153
40
158
-1665
-687
3248
10032266
60
90
-72
-1575
-1021
3675
10033291
771
181
-137
-1231
-151
4596
10034316
614
302
-48
-1551
395
5519
10035341
-88
198
81
-1836
-701
4601
10036366
-120
60
84
-2191
-485
3625
10037391
-58
-66
-30
-1895
-32
3551
10038416
-19
-56
-21
-1687
158
3944
10031377
-235
58
-59
-1522
-310
4130
10032402
-447
79
-38
-1322
-856
4063
10033427
-427
40
74
-1003
-667
4343
10034452
-232
-31
196
-1708
-769
3664
10035477
8
-30
5
-1672
-382
4036
10036502
-138
-40
25
-1577
-418
3832
10037527
-83
-28
82
-1736
-588
3802
10038552
54
-54
104
-1651
-567
4029
10039577
112
-53
118
-1737
-437
4138
10040602
20
-73
136
-1757
-543
4078
10041627
-38
-89
159
-1728
-639
4058
10042652
9
-108
191
-1684
-607
4015
10043677
76
-118
223
-1631
-563
4010
10044702
99
-117
236
-1567
-495
4065
10045727
108
-109
242
-1514
-445
4100
10046752
126
-91
245
-1472
-377
4123
10039424
105
-72
236
-1446
-319
4114
10040449
51
-57
219
-1445
-246
4109
10041474
-2
-49
191
-1457
-185
4110
10042499
-16
-46
156
-1456
-186
4125
10043524
0
-44
120
-1448
-210
4120
10044549
20
-42
88
-1433
-238
4119
10045574
37
-39
60
-1417
-202
4128
10046599
17
-31
42
-1435
-217
4139
10047624
9
-32
25
-1449
-202
4173
10048649
3
-36
12
-1488
-267
4156
10049674
31
-47
-13
-1464
-264
4143
10050699
48
-49
-25
-1483
-241
4155
10051724
35
-49
-30
-1478
-326
4141
10052749
62
-46
-35
-1466
-280
4153
10053774
44
-35
-31
-1487
-310
4115
10054799
34
-31
-35
-1467
-332
4090
10047616
27
-28
-31
-1498
-324
4065
10048641
27
-31
-32
-1499
-356
4067
10049666
54
-35
-37
-1511
-313
4083
10050691
41
-36
-46
-1505
-335
4056
10051716
30
-23
-52
-1510
-315
4112
10052741
2
-12
-51
-1522
-389
4124
10053766
19
-9
-59
-1493
-357
4124
10054791
2
1
-49
-1493
-355
4123
10055816
-33
7
-34
-1511
-394
4105
10056841
-23
1
-21
-1500
-380
4111
10057866
-12
-6
-5
-1503
-343
4136
10058891
-23
-11
10
-1516
-346
4099
10059916
1
-17
12
-1482
-302
4107
10060941
9
-15
9
-1465
-224
4143
10061966
-15
-8
1
-1448
-245
4102
10062991
-12
-2
-10
-1447
-277
4096
10055809
6
-1
-25
-1451
-235
4139
10056834
-14
0
-31
-1467
-299
4129
10057859
-3
2
-40
-1454
-312
4146
10058884
9
9
-52
-1448
-276
4136
10059909
-25
20
-52
-1458
-357
4133
10060934
-22
24
-48
-1495
-373
4124
10061959
0
16
-45
-1508
-340
4114
10062984
-6
7
-34
-1507
-383
4107
10064009
9
0
-22
-1501
-369
4109
10065034
12
-3
-7
-1503
-357
4124
10066059
5
-2
0
-1498
-354
4101
10067084
10
4
-3
-1499
-312
4085
10068109
-2
7
-11
-1483
-276
4061
10069134
-11
7
-20
-1474
-290
4059
10070159
10
-2
-36
-1452
-254
4074
10071184
17
-10
-52
-1452
-252
4054
10064001
4
-15
-67
-1454
-286
4095
10065026
4
-17
-76
-1467
-331
4142
10066051
11
-15
-82
-1485
-341
4162
10067076
-3
-5
-84
-1490
-375
4157
10068101
-22
8
-76
-1505
-434
4159
10069126
-18
19
-68
-1527
-385
4165
10070151
-35
21
-50
-1556
-454
4104
10071176
11
11
-35
-1545
-395
4116
10072201
15
1
-16
-1525
-373
4119
10073226
18
-4
0
-1513
-385
4101
10074251
25
-6
5
-1499
-343
4080
10075276
18
-4
0
-1495
-324
4072
10076301
18
-7
-12
-1492
-300
4067
10077326
13
-11
-23
-1475
-303
4078
10078351
10
-10
-29
-1483
-303
4046
10079376
3
-13
-39
-1513
-306
4061
10072193
-9
-24
-52
-1488
-321
4076
10073218
-7
-25
-53
-1492
-341
4060
10074243
-14
-31
-54
-1482
-354
4098
10075268
-15
-36
-45
-1479
-381
4109
10076293
-6
-34
-38
-1468
-396
4123
10077318
-4
-27
-26
-1463
-388
4141
10078343
-4
-25
-12
-1484
-376
4143
10079368
-9
-22
-4
-1493
-368
4130
10080393
-7
-20
-4
-1497
-367
4124
10081418
-2
-15
-7
-1490
-371
4135
10082443
-13
-9
-7
-1497
-375
4126
10083468
-17
-5
-1
-1476
-396
4136
10084493
-12
-2
5
-1465
-373
4125
10085518
-20
6
10
-1467
-373
4135
10086543
-25
13
12
-1482
-359
4114
10087568
-25
16
6
-1483
-344
4099
10080383
-25
19
-2
-1487
-350
4113
10081408
-29
23
-11
-1493
-362
4120
10082433
-40
26
-20
-1488
-372
4124
10083458
-36
27
-30
-1466
-346
4107
10084483
-45
33
-34
-1471
-345
4105
10085508
-49
40
-40
-1472
-353
4098
10086533
-60
45
-47
-1481
-390
4083
10087558
-53
51
-64
-1497
-418
3998
10088583
-42
43
-90
-1465
-439
3777
10089608
-36
22
-114
-1402
-729
3803
10090633
69
41
-167
-1378
-555
4186
10091658
6
101
-142
-1459
-157
4493
10092683
-126
155
-73
-1687
-366
4254
10093708
-51
141
-97
-1613
-503
4133
10094733
-105
159
-140
-1552
-409
4282
10095758
-254
200
-130
-1610
-365
4246
10088576
-214
218
-97
-1653
-495
4293
10089601
-156
215
-77
-1576
-480
4590
10090626
-403
192
-31
-1485
-216
4759
10091651
-827
134
64
-1520
-235
4301
10092676
-650
-93
292
-1733
-888
2855
10093701
-280
-173
140
-1822
-1191
2808
10094726
210
-181
-23
-1296
-1164
3455
10095751
622
-9
-105
-1492
-464
3934
10096776
598
61
-133
-1400
-150
4712
10097801
187
105
-89
-1665
-89
4759
10098826
-235
115
-93
-1927
-380
4213
10099851
-276
76
-112
-1768
-643
3940
10100876
-91
78
-94
-1744
-793
4304
10101901
-55
83
-78
-1646
-677
4513
10102926
-214
62
-14
-1505
-360
4261
10103951
-333
-90
200
-1642
-425
3381
10096768
-712
-157
218
-1762
-1075
3327
10097793
-202
-178
204
-1403
-1408
3758
10098818
291
-105
177
-1630
-795
4008
10099843
264
-84
158
-1629
-625
4113
10100868
143
-32
153
-1672
-581
4140
10101893
-16
6
118
-1754
-520
4121
10102918
-108
13
60
-1665
-602
4030
10103943
-54
26
43
-1633
-633
4000
10104968
-3
29
50
-1612
-548
3998
10105993
-4
28
60
-1590
-614
4036
10107018
7
22
56
-1579
-596
4082
10108043
15
10
39
-1573
-543
4088
10109068
-15
-3
19
-1585
-588
4022
10110093
-5
-20
10
-1575
-627
4020
10111118
20
-27
10
-1590
-635
4064
10112143
42
-30
10
-1583
-630
4080
10104959
53
-30
5
-1582
-604
4072
10105984
27
-26
6
-1610
-609
4043
10107009
-3
-28
11
-1600
-655
4011
10108034
23
-26
15
-1580
-636
3996
10109059
31
-15
7
-1585
-587
4023
10110084
-5
-10
-6
-1612
-591
3990
10111109
-36
-16
-11
-1614
-651
3970
10112134
-33
-25
-11
-1627
-671
3968
10113159
-11
-39
-2
-1664
-652
3986
10114184
-2
-52
3
-1660
-648
4025
10115209
-1
-59
2
-1633
-660
4050
10116234
-24
-53
1
-1630
-635
4085
10117259
-47
-40
6
-1614
-680
4132
10118284
-21
-30
9
-1599
-680
4117
10119309
-3
-17
10
-1582
-633
4118
10120334
-22
2
21
-1567
-638
4109
10113152
-31
16
25
-1557
-632
4059
10114177
-34
24
23
-1563
-612
4000
10115202
-32
20
9
-1567
-598
3993
10116227
-23
5
-7
-1567
-587
3962
10117252
-15
-13
-22
-1547
-620
3968
10118277
-9
-25
-28
-1546
-635
4029
10119302
-7
-34
-24
-1556
-665
4064
10120327
-4
-36
-24
-1573
-652
4079
10121352
-5
-35
-27
-1599
-626
4099
10122377
-13
-31
-30
-1600
-666
4122
10123402
6
-27
-26
-1603
-667
4117
10124427
18
-20
-19
-1587
-659
4094
10125452
29
-2
-13
-1574
-666
4123
10126477
16
14
-14
-1589
-606
4107
10127502
-19
22
-17
-1579
-661
4062
10128527
-14
23
-17
-1574
-672
4040
10121344
-4
16
-8
-1602
-720
4010
10122369
44
-6
-12
-1582
-672
3999
10123394
62
-25
-16
-1556
-589
4018
10124419
25
-29
-14
-1551
-599
4023
10125444
0
-28
-11
-1584
-593
3999
10126469
1
-37
-14
-1601
-628
4012
10127494
18
-49
-22
-1569
-665
4019
10128519
48
-56
-26
-1544
-659
4081
10129544
44
-56
-29
-1528
-644
4093
10130569
25
-50
-16
-1531
-643
4092
10131594
9
-36
-2
-1560
-676
4115
10132619
9
-30
3
-1578
-678
4104
10133644
19
-27
5
-1583
-663
4096
10134669
27
-19
1
-1566
-630
4108
10135694
17
-6
-1
-1567
-642
4105
10136719
15
3
0
-1547
-637
4089
10129537
17
8
6
-1543
-631
4066
10130562
14
8
13
-1545
-654
4078
10131587
31
9
20
-1547
-650
4087
10132612
29
14
17
-1552
-656
4070
10133637
29
16
13
-1523
-650
4070
10134662
30
19
17
-1518
-611
4119
10135687
8
29
18
-1575
-628
4156
10136712
11
26
15
-1566
-607
4101
10137737
-46
38
13
-1569
-550
4081
10138762
-105
49
20
-1556
-590
4127
10139787
-114
57
35
-1589
-594
4106
10140812
-82
64
32
-1620
-568
4057
10141837
-76
54
37
-1619
-609
4013
10142862
5
34
55
-1622
-637
3996
10143887
100
27
66
-1639
-648
4018
10144912
151
6
65
-1607
-547
4063
10137728
127
-25
87
-1591
-563
4057
10138753
117
-42
111
-1588
-561
4047
10139778
90
-50
123
-1615
-514
4130
10140803
-3
-60
127
-1599
-530
4127
10141828
-46
-58
127
-1556
-564
4104
10142853
-16
-52
113
-1500
-519
4015
10143878
38
-33
94
-1448
-523
3804
10144903
147
-38
79
-1298
-472
3805
10145928
179
-3
87
-1319
-455
4255
10146953
-21
81
138
-1726
-652
4434
10147978
-89
86
62
-1627
-749
4186
10149003
31
69
33
-1570
-596
4097
10150028
67
86
56
-1656
-522
4334
10151053
53
89
66
-1629
-631
4303
10152078
-107
82
86
-1729
-570
4101
10153103
-318
79
68
-1756
-544
4210
10145921
-508
66
71
-1743
-415
4027
10146946
-876
52
161
-1806
-400
3840
10147971
-1072
83
195
-1846
-897
3917
10148996
-1185
139
71
-1976
-1060
3265
10150021
-1095
86
-85
-1447
-1534
3000
10151046
-447
105
30
-708
-1441
3828
10152071
-38
299
-11
-1848
-566
4450
10153096
8
352
-141
-1833
-603
4047
10154121
-25
309
-162
-1695
-715
3513
10155146
-179
259
-49
-1648
-1028
4787
10156171
101
179
102
-2019
-1464
4769
10157196
565
42
125
-2367
-935
3501
10158221
431
-107
30
-2130
-731
3377
10159246
261
-116
-68
-1793
-309
3841
10160271
-42
-50
-11
-1690
-255
3957
10161296
-302
95
-22
-1735
-906
4215
10154112
-655
193
-137
-1755
-1558
4085
10155137
-699
65
-5
-1469
-1461
3408
10156162
-695
-39
106
-1340
-1077
3469
10157187
-199
-26
51
-1873
-1225
4022
10158212
127
5
-23
-1909
-1016
4124
10159237
113
-14
-38
-1906
-780
3638
10160262
-66
-36
-66
-1873
-811
3542
10161287
12
-45
-50
-1777
-996
3785
10162312
157
-31
-30
-1877
-1039
4001
10163337
127
-54
-19
-1907
-1080
3953
10164362
44
-82
8
-1902
-1153
3886
10165387
4
-107
61
-1874
-1200
3862
10166412
67
-126
119
-1862
-1270
3866
10167437
145
-128
145
-1896
-1299
3841
10168462
279
-130
153
-1708
-1190
3922
10169487
465
-107
174
-1686
-1019
3951
10162304
598
-89
195
-1733
-947
3938
10163329
735
-91
191
-1660
-814
3909
10164354
892
-91
171
-1659
-674
3876
10165379
1025
-103
158
-1633
-621
3867
10166404
1133
-130
141
-1594
-537
3868
10167429
1165
-160
133
-1530
-338
3953
10168454
1061
-190
144
-1511
-163
4022
10169479
833
-213
155
-1523
-82
4063
10170504
544
-219
146
-1546
-87
4109
10171529
345
-214
112
-1570
-211
4128
10172554
358
-200
54
-1618
-159
4117
10173579
410
-182
-4
-1632
-99
4112
10174604
444
-152
-41
-1649
-82
4171
10175629
441
-130
-62
-1653
-57
4188
10176654
358
-113
-64
-1713
-76
4149
10177679
270
-110
-59
-1648
-96
4139
10170532
251
-100
-42
-1625
-55
4103
10171557
204
-86
-17
-1598
-50
4093
10172582
147
-70
6
-1565
-16
4114
10173607
122
-60
25
-1558
-13
4076
10174632
92
-63
33
-1552
-81
4043
10175657
117
-77
14
-1467
78
4001
10176682
116
-78
4
-1452
100
4003
10177707
124
-88
0
-1425
124
4020
10178732
165
-98
-13
-1445
157
4013
10179757
206
-119
-36
-1460
137
4023
10180782
234
-146
-69
-1450
191
4037
10181807
219
-164
-105
-1444
239
4075
10182832
151
-173
-132
-1420
219
4103
10183857
91
-170
-142
-1473
138
4134
10184882
87
-172
-152
-1470
54
4182
10185907
148
-162
-157
-1439
60
4232
10178689
157
-134
-141
-1442
60
4274
10179714
91
-98
-116
-1445
77
4298
10180739
12
-63
-83
-1439
99
4294
10181764
-56
-31
-49
-1493
7
4235
10182789
-43
-22
-39
-1470
88
4164
10183814
-20
-12
-31
-1445
151
4158
10184839
-36
-1
-21
-1436
151
4128
10185864
-37
2
-19
-1434
148
4102
10186889
-19
-5
-28
-1401
164
4097
10187914
-29
-10
-35
-1393
137
4074
10188939
-30
-9
-44
-1380
109
4134
10189964
-32
-5
-45
-1437
107
4143
10190989
-53
-9
-42
-1457
38
4124
10192014
-33
-13
-32
-1455
65
4159
10193039
-39
-15
-4
-1466
22
4156
10194064
-41
-15
17
-1444
21
4162
10186880
-32
-11
36
-1423
65
4168
10187905
-86
-1
48
-1435
72
4137
10188930
-182
8
44
-1375
137
4176
10189955
-341
19
51
-1370
105
4161
10190980
-411
34
49
-1376
6
4130
10192005
-391
38
38
-1392
-33
4087
10193030
-277
31
28
-1401
-55
4076
10194055
-113
11
20
-1404
-60
4068
10195080
-1
-6
12
-1415
-38
4076
10196105
24
-21
3
-1388
-25
4116
10197130
19
-24
-6
-1369
-6
4166
10198155
5
-20
-11
-1361
-23
4185
10199180
-5
-7
-14
-1389
-49
4196
10200205
-8
7
-19
-1415
-30
4189
10201230
-32
20
-22
-1452
-46
4165
10202255
-71
25
-21
-1440
-42
4201
10195072
-134
35
-12
-1414
-40
4243
10196097
-210
49
-2
-1392
-66
4178
10197122
-263
62
6
-1404
-51
4153
10198147
-350
67
25
-1433
-160
4131
10199172
-300
59
17
-1433
-171
4112
10200197
-206
48
1
-1434
-167
4102
10201222
-85
43
-19
-1418
-158
4097
10202247
-16
41
-31
-1412
-101
4119
10203272
-31
45
-40
-1413
-104
4152
10204297
-92
47
-61
-1451
-189
4116
10205322
-172
40
-99
-1485
-345
4059
10206347
-131
49
-145
-1495
-182
4097
10207372
-104
64
-157
-1491
-49
4153
10208397
-112
73
-125
-1502
-294
4169
10209422
-85
78
-106
-1553
-351
4147
10210447
-52
74
-90
-1579
-313
4088
10203264
-23
65
-61
-1516
-336
4084
10204289
-5
65
-32
-1514
-310
4082
10205314
-18
61
-13
-1487
-239
3942
10206339
-12
56
9
-1464
-324
3739
10207364
69
49
2
-1471
-510
3597
10208389
280
74
-69
-1359
-439
4055
10209414
406
132
-90
-1391
-93
4407
10210439
318
191
-95
-1507
305
4318
10211464
17
138
-25
-1669
99
4340
10212489
-234
68
36
-1791
-356
4413
10213514
-258
84
53
-1732
-499
4350
10214539
-24
103
25
-1697
-363
4301
10215564
-20
112
27
-1755
111
4283
10216589
-463
167
106
-1734
-50
4235
10217614
-1140
261
97
-1779
-585
3568
10218639
-1089
230
84
-1626
-1309
3149
10211456
45
162
100
-1146
-1011
3896
10212481
596
104
81
-1610
250
3985
10213506
57
115
-26
-1740
-28
4044
10214531
-113
153
1
-1528
-533
4165
10215556
253
156
28
-1643
-436
4531
10216581
395
37
37
-1929
-383
4622
10217606
228
-86
46
-2062
-331
4273
10218631
154
-166
-15
-1984
-180
3761
10219656
-35
-123
-27
-1811
484
3722
10220681
-626
33
-13
-1699
-110
4250
10221706
-927
104
-90
-1726
-931
3863
10222731
-463
9
-51
-1345
-893
3408
10223756
21
-122
140
-1146
-690
3514
10224781
9
-96
47
-1794
-257
4342
10225806
-98
-96
26
-1547
-503
4296
10226831
11
-75
22
-1770
-335
3854
10219648
-43
-89
18
-1698
-420
3818
10220673
56
-79
23
-1677
-466
3988
10221698
120
-77
21
-1695
-463
4068
10222723
76
-76
24
-1700
-503
4077
10223748
58
-77
34
-1660
-466
4088
10224773
85
-80
69
-1698
-485
4131
10225798
98
-83
84
-1711
-519
4048
10226823
157
-89
74
-1602
-420
4088
10227848
159
-79
81
-1611
-351
4134
10228873
87
-70
83
-1640
-367
4031
10229898
82
-71
67
-1558
-386
4043
10230923
134
-63
60
-1551
-288
4147
10231948
97
-55
62
-1596
-256
4077
10232973
36
-54
54
-1569
-377
4050
10233998
84
-55
30
-1539
-301
4126
10235023
73
-54
22
-1572
-220
4083
10227841
0
-54
26
-1579
-350
4007
10228866
19
-54
22
-1529
-406
4059
10229891
63
-50
17
-1577
-324
4080
10230916
33
-49
1
-1563
-326
4075
10231941
22
-45
-10
-1524
-293
4081
10232966
17
-37
-15
-1564
-285
4110
10233991
14
-39
-16
-1570
-311
4104
10235016
23
-38
-14
-1589
-334
4096
10236041
46
-34
-10
-1646
-343
4099
10237066
74
-36
-13
-1623
-310
4108
10238091
67
-26
-17
-1605
-310
4130
10239116
42
-10
-17
-1579
-314
4133
10240141
7
11
-6
-1595
-355
4113
10241166
-9
22
1
-1565
-376
4084
10242191
17
24
8
-1540
-304
4094
10243216
-8
23
22
-1550
-321
4067
10236033
-13
10
22
-1529
-318
4034
10237058
32
-6
13
-1493
-200
4026
10238083
20
-14
12
-1505
-228
4046
10239108
26
-20
-1
-1483
-244
4091
10240133
63
-24
-21
-1521
-202
4090
10241158
57
-23
-33
-1570
-320
4102
10242183
96
-28
-54
-1522
-273
4152
10243208
87
-16
-53
-1563
-259
4157
10244233
31
-9
-47
-1555
-316
4131
10245258
29
0
-38
-1550
-313
4137
10246283
34
7
-21
-1583
-313
4118
10247308
19
10
-14
-1600
-327
4083
10248333
35
5
-18
-1561
-252
4078
10249358
4
2
-11
-1583
-276
4029
10250383
-8
-1
-1
-1569
-313
4065
10251408
19
-5
5
-1577
-279
4071
10244322
16
-9
11
-1576
-292
4052
10245347
16
-9
8
-1539
-260
4074
10246372
0
-7
7
-1551
-215
4044
10247397
-32
-3
6
-1600
-302
4046
10248422
30
-15
-17
-1529
-212
4109
10249447
21
-13
-25
-1521
-197
4120
10250472
-21
-9
-26
-1515
-287
4108
10251497
-19
-2
-24
-1562
-317
4115
10252522
-7
-8
-19
-1555
-308
4123
10253547
-17
-9
-1
-1596
-333
4112
10254572
-23
-14
10
-1592
-328
4096
10255597
19
-13
19
-1576
-226
4129
10256622
-7
-8
28
-1581
-198
4110
10257647
-22
-4
31
-1571
-228
4090
10258672
4
1
30
-1592
-230
4089
10259697
13
1
19
-1589
-262
4100
10252416
18
1
7
-1550
-270
4097
10253441
6
11
5
-1547
-294
4082
10254466
-7
16
10
-1533
-311
4079
10255491
-6
13
18
-1547
-306
4072
10256516
-1
2
23
-1530
-278
4063
10257541
-5
-6
25
-1544
-278
4051
10258566
9
-15
20
-1546
-260
4081
10259591
12
-19
16
-1554
-225
4083
10260616
0
-16
8
-1553
-245
4095
10261641
11
-12
1
-1561
-214
4104
10262666
3
-12
3
-1574
-239
4088
10263691
5
-12
8
-1580
-267
4101
10264716
11
-12
12
-1592
-282
4103
10265741
18
-6
9
-1584
-285
4127
10266766
5
2
7
-1565
-269
4123
10267791
-17
14
12
-1563
-293
4089
10260608
-7
18
11
-1546
-265
4071
10261633
-2
12
12
-1521
-222
4066
10262658
-9
4
12
-1517
-231
4044
10263683
9
-6
6
-1520
-210
4027
10264708
24
-19
-7
-1528
-156
4074
10265733
3
-35
-14
-1513
-248
4073
10266758
25
-41
-23
-1498
-240
4098
10267783
10
-31
-28
-1505
-266
4133
10268808
-1
-22
-25
-1541
-283
4155
10269833
9
-15
-24
-1573
-264
4136
10270858
23
-9
-20
-1589
-241
4143
10271883
37
-3
-20
-1584
-233
4129
10272908
47
3
-28
-1569
-203
4128
10273933
36
10
-33
-1548
-190
4143
10274958
33
16
-45
-1533
-202
4119
10275983
41
21
-59
-1546
-170
4099
10268800
27
18
-74
-1539
-174
4063
10269825
13
10
-81
-1525
-219
4008
10270850
18
11
-72
-1508
-320
4056
10271875
22
8
-64
-1533
-303
4086
10272900
-3
1
-45
-1569
-294
4036
10273925
-20
-9
-31
-1593
-278
4056
10274950
-4
-22
-19
-1595
-291
4081
10275975
20
-30
-17
-1602
-288
4089
10277000
28
-32
-25
-1576
-254
4107
10278025
1
-25
-18
-1575
-300
3923
10279050
-33
-36
-43
-1432
-415
3714
10280075
11
54
-148
-1253
-227
4637
10281100
-1
109
-86
-1533
-94
4959
10282125
-147
63
81
-1899
-480
4090
10283150
58
-49
34
-1884
-460
3540
10284175
326
-91
-103
-1673
-45
3843
10276992
169
-87
-104
-1533
322
3916
10278017
-68
-58
-15
-1453
-166
4127
10279042
-152
13
9
-1534
-407
4460
10280067
-438
101
-83
-1458
-419
4302
10281092
-373
95
27
-1423
-785
3820
10282117
-45
32
136
-1324
-544
3646
10283142
137
1
72
-1653
-268
3219
10284167
200
96
-104
-1537
-127
4129
10285192
172
156
-73
-1254
-79
4926
10286217
70
191
66
-1875
-135
4739
10287242
112
55
118
-2015
-411
4037
10288267
241
-40
67
-1900
-208
3936
10289292
145
-54
23
-1750
37
4030
10290317
-7
-41
54
-1665
-24
4171
10291342
-143
1
16
-1641
-146
4245
10292367
-481
41
-51
-1617
-362
3737
10285183
-384
-14
33
-1308
-831
3605
10286208
100
-56
171
-1245
-654
3677
10287233
218
23
27
-1654
247
4423
10288258
-225
24
24
-1544
-337
4319
10289283
-98
21
24
-1703
-245
3987
10290308
-121
9
-13
-1706
-201
3859
10291333
-82
-8
-11
-1609
-359
3949
10292358
4
-14
9
-1622
-291
4113
10293383
-76
-17
40
-1664
-324
4141
10294408
-126
-29
79
-1661
-460
4084
10295433
-44
-42
122
-1703
-480
4076
10296458
18
-65
147
-1663
-407
4060
10297483
60
-75
169
-1614
-289
4111
10298508
26
-71
182
-1591
-285
4069
10299533
36
-62
171
-1481
-270
4123
10300558
64
-34
153
-1477
-135
4181
10293376
17
-13
125
-1505
-157
4120
10294401
18
-13
68
-1451
-87
4058
10295426
-2
-7
20
-1487
-57
4036
10296451
-26
-16
-7
-1515
-155
4045
10297476
22
-29
-22
-1532
-219
4123
10298501
46
-40
-24
-1592
-292
4133
10299526
66
-54
-27
-1546
-300
4125
10300551
77
-50
-24
-1569
-247
4127
10301576
60
-39
-11
-1583
-291
4142
10302601
50
-33
-9
-1567
-272
4124
10303626
50
-22
-11
-1565
-240
4104
10304651
41
-8
-17
-1573
-243
4123
10305676
28
0
-26
-1569
-195
4099
10306701
6
6
-26
-1593
-251
4073
10307726
31
-2
-33
-1591
-224
4062
10308751
40
-8
-37
-1598
-202
4060
10301568
13
-6
-31
-1571
-300
4076
10302593
20
4
-23
-1569
-320
4115
10303618
18
14
-12
-1582
-326
4112
10304643
4
19
-1
-1566
-282
4092
10305668
-22
23
9
-1573
-276
4072
10306693
-22
19
17
-1576
-266
4055
10307718
-11
12
17
-1566
-237
4051
10308743
-9
4
13
-1578
-209
4075
10309768
-4
-9
0
-1551
-188
4052
10310793
-10
-8
-6
-1565
-185
4082
10311818
-16
-7
-10
-1560
-223
4117
10312843
7
-4
-14
-1567
-215
4125
10313868
-8
1
-10
-1563
-232
4150
10314893
-30
10
3
-1589
-318
4133
10315918
-5
7
8
-1580
-276
4089
10316943
2
6
13
-1579
-254
4081
10309760
-8
4
17
-1585
-255
4070
10310785
5
-4
18
-1574
-235
4048
10311810
20
-12
17
-1578
-213
4058
10312835
15
-21
16
-1563
-218
4072
10313860
17
-29
21
-1592
-240
4067
10314885
37
-39
20
-1588
-233
4098
10315910
48
-37
16
-1593
-201
4121
10316935
27
-26
8
-1562
-243
4128
10317960
26
-11
0
-1548
-223
4115
10318985
4
10
2
-1607
-258
4101
10320010
14
13
-1
-1590
-267
4095
10321035
30
11
4
-1568
-248
4077
10322060
4
8
7
-1555
-305
4047
10323085
23
0
6
-1533
-230
4065
10324110
0
-6
14
-1552
-195
4053
10325135
-22
-21
20
-1566
-247
3993
10317952
7
-41
20
-1547
-207
4025
10318977
-5
-65
34
-1506
-264
4014
10320002
38
-86
49
-1479
-178
4054
10321027
30
-102
59
-1481
-128
4078
10322052
32
-108
58
-1477
-114
4082
10323077
46
-106
38
-1500
-65
4113
10324102
27
-99
8
-1542
-131
4170
10325127
27
-91
-21
-1533
-185
4176
10326152
33
-69
-35
-1527
-216
4175
10327177
14
-39
-34
-1516
-242
4190
10328202
-2
-14
-22
-1531
-231
4167
10329227
-10
-1
-11
-1564
-227
4122
10330252
-4
-2
-5
-1558
-210
4085
10331277
16
-7
-3
-1552
-176
4076
10332302
23
-15
-6
-1527
-178
4080
10333327
30
-16
-8
-1521
-212
4101
10326145
28
-10
-14
-1508
-224
4104
10327170
13
2
-17
-1493
-229
4107
10328195
-12
14
-12
-1504
-234
4102
10329220
-25
22
-3
-1526
-247
4097
10330245
-18
22
2
-1518
-230
4105
10331270
-18
16
4
-1507
-181
4101
10332295
-37
10
9
-1491
-217
4097
10333320
-24
3
14
-1483
-198
4085
10334345
-13
-5
13
-1480
-173
4092
10335370
-11
-11
10
-1460
-182
4093
10336395
-5
-13
4
-1468
-132
4092
10337420
-27
-18
-1
-1486
-163
4081
10338445
-15
-28
-6
-1481
-213
4104
10339470
14
-31
-16
-1458
-168
4102
10340495
8
-27
-26
-1475
-189
3841
10341520
77
-40
-68
-1391
-394
3694
10334335
311
1
-134
-1223
-224
4488
10335360
332
64
-102
-1579
299
4768
10336385
-20
72
-71
-1826
125
4205
10337410
-98
36
-56
-1649
-450
4015
10338435
101
19
-56
-1614
-449
4307
10339460
181
13
-85
-1643
-57
4214
10340485
42
6
-70
-1593
166
3953
10341510
-175
58
-34
-1612
-77
4480
10342535
-515
162
-136
-1625
-276
4557
10343560
-659
144
-145
-1425
-372
3922
10344585
-441
-43
113
-980
-494
3247
10345610
-43
-82
43
-1840
-285
3265
10346635
-48
-53
-115
-1465
-749
3504
10347660
385
71
-190
-1207
-416
4043
10348685
571
215
-119
-1308
131
5522
10349710
263
138
30
-1888
-14
4713
10342528
-123
-1
84
-2119
-173
3579
10343553
-134
-76
66
-1704
-472
3847
10344578
216
-70
22
-1605
-306
4233
10345603
265
-69
-8
-1626
204
4125
10346628
-82
-38
27
-1574
40
4203
10347653
-430
38
-8
-1587
-438
4191
10348678
-485
33
-43
-1460
-448
3704
10349703
-214
-1
97
-1108
-637
3812
10350728
125
-28
172
-1490
-258
3893
10351753
-104
13
85
-1685
-237
4318
10352778
-81
-32
93
-1595
-383
4128
10353803
39
-25
65
-1703
-97
4092
10354828
-50
-38
50
-1619
-241
4083
10355853
21
-41
62
-1627
-266
4073
10356878
40
-45
80
-1607
-278
4137
10357903
13
-47
97
-1572
-283
4163
10350720
35
-46
119
-1564
-279
4189
10351745
52
-46
132
-1556
-285
4152
10352770
96
-51
114
-1476
-109
4136
10353795
63
-35
94
-1482
-79
4119
10354820
11
-16
68
-1483
-185
4081
10355845
44
-2
20
-1452
-118
4091
10356870
35
11
-16
-1472
-73
4093
10357895
-22
14
-30
-1501
-195
4036
10358920
-16
0
-42
-1478
-266
4031
10359945
20
-15
-40
-1506
-218
4070
10360970
-6
-29
-18
-1563
-311
4054
10361995
16
-42
-12
-1512
-320
4063
10363020
24
-40
-3
-1525
-229
4117
10364045
-28
-37
9
-1573
-270
4097
10365070
-13
-42
11
-1534
-274
4083
10366095
8
-38
13
-1550
-201
4125
10358912
-22
-36
18
-1551
-265
4118
10359937
14
-33
15
-1517
-244
4129
10360962
27
-22
8
-1531
-169
4142
10361987
-13
-6
11
-1532
-265
4125
10363012
19
1
10
-1518
-222
4164
10364037
31
5
5
-1524
-157
4150
10365062
0
9
2
-1510
-188
4099
10366087
-4
10
-3
-1496
-211
4063
10367112
4
9
-6
-1499
-229
4087
10368137
11
3
-8
-1481
-218
4111
10369162
1
-2
-8
-1502
-206
4095
10370187
-10
-9
-8
-1503
-262
4086
10371212
16
-13
-8
-1492
-211
4125
10372237
12
-13
1
-1525
-188
4129
10373262
-12
-9
10
-1549
-237
4114
10374287
2
-7
11
-1517
-276
4155
10367104
8
1
-2
-1504
-131
4153
10368129
-53
15
-1
-1515
-224
4116
10369154
-35
15
4
-1526
-249
4102
10370179
11
8
4
-1522
-197
4103
10371204
14
3
3
-1547
-212
4101
10372229
18
-5
3
-1528
-253
4097
10373254
45
-4
-4
-1504
-179
4122
10374279
4
8
-2
-1524
-227
4114
10375304
-4
16
-1
-1531
-243
4099
10376329
5
19
0
-1549
-208
4090
10377354
-15
15
4
-1562
-261
4088
10378379
16
1
8
-1541
-227
4085
10379404
23
-9
21
-1565
-195
4090
10380429
18
-18
31
-1564
-202
4098
10381454
40
-21
38
-1565
-157
4129
10382479
42
-18
36
-1545
-165
4154
10375295
37
-9
27
-1513
-170
4135
10376320
29
8
15
-1495
-180
4111
10377345
14
21
-2
-1503
-149
4084
10378370
-16
21
-17
-1493
-215
4055
10379395
2
13
-28
-1456
-203
4045
10380420
-6
7
-26
-1486
-211
4029
10381445
-15
-5
-17
-1477
-263
4044
10382470
2
-19
-5
-1504
-207
4035
10383495
-20
-26
4
-1537
-232
4041
10384520
-4
-30
3
-1536
-183
4089
10385545
-3
-27
7
-1583
-170
4111
10386570
-11
-30
5
-1567
-197
4113
10387595
12
-27
9
-1540
-168
4140
10388620
6
-15
10
-1540
-160
4178
10389645
-3
-4
9
-1555
-196
4158
10390670
-4
2
4
-1567
-211
4142
10383488
3
8
-5
-1552
-225
4166
10384513
-7
12
-5
-1526
-271
4138
10385538
6
15
-5
-1512
-238
4092
10386563
-9
16
0
-1531
-211
4100
10387588
-23
10
6
-1531
-217
4088
10388613
-8
4
9
-1528
-186
4112
10389638
-8
-7
14
-1543
-144
4150
10390663
-4
-28
27
-1572
-160
4032
10391688
16
-36
22
-1503
-176
4039
10392713
25
-33
25
-1485
-197
4049
10393738
52
-27
17
-1484
-157
4109
10394763
29
-18
-3
-1463
-168
4116
10395788
18
-5
-15
-1472
-159
4141
10396813
-11
5
-16
-1496
-217
4128
10397838
-1
5
-21
-1504
-221
4104
10398863
9
2
-24
-1516
-191
4107
10391680
-14
-1
-20
-1516
-237
4118
10392705
-1
-6
-16
-1515
-228
4109
10393730
3
-8
-14
-1520
-200
4114
10394755
-9
-4
-12
-1530
-212
4103
10395780
-9
0
-14
-1537
-202
4105
10396805
-1
5
-19
-1536
-201
4115
10397830
-6
10
-23
-1541
-197
4106
10398855
-15
15
-23
-1530
-205
4092
10399880
-25
18
-10
-1555
-216
4077
10400905
-14
12
8
-1549
-296
4078
10401930
33
4
1
-1525
-155
4124
10402955
-9
9
-4
-1546
-175
4115
10403980
-20
13
-7
-1531
-193
4066
10405005
14
29
-12
-1552
-205
3909
10406030
42
26
-41
-1475
-271
3724
10407055
134
47
-104
-1318
-431
3993
10399871
271
123
-113
-1468
59
4523
10400896
20
183
-24
-1683
66
4577
10401921
-153
184
8
-1743
-269
4124
10402946
41
131
-25
-1687
-209
3941
10403971
89
78
-31
-1646
-126
4202
10404996
14
48
-7
-1685
-255
4159
10406021
40
11
9
-1672
-24
4074
10407046
-75
38
15
-1715
22
4472
10408071
-373
102
-54
-1672
-79
4474
10409096
-480
61
21
-1607
-361
3710
10410121
-351
-137
197
-1298
-843
2894
10411146
-17
-212
136
-1615
-620
3367
10412171
-3
-92
-15
-1415
-521
4244
10413196
234
7
2
-1505
-463
3745
10414221
275
57
-45
-1329
28
4468
10415246
66
120
46
-1492
123
5086
10408064
-109
122
175
-2211
-76
4225
10409089
-140
-9
93
-2013
-298
3762
10410114
29
-74
-2
-1707
-146
4179
10411139
152
-80
-21
-1656
248
4141
10412164
10
-53
-12
-1562
281
4249
10413189
-461
42
-44
-1561
-253
4037
10414214
-640
31
-26
-1463
-799
3543
10415239
-257
-52
105
-1125
-843
3631
10416264
173
-79
90
-1505
47
3948
10417289
-119
-15
-12
-1722
-172
4331
10418314
-107
-58
2
-1648
-407
4092
10419339
-2
-72
-14
-1775
-300
3923
10420364
93
-103
-50
-1639
-258
3938
10421389
141
-84
-46
-1596
-251
4096
10422414
30
-60
-22
-1598
-342
4247
10423439
-49
-46
10
-1592
-440
4202
10416256
18
-35
42
-1616
-451
4187
10417281
69
-29
55
-1590
-316
4158
10418306
24
-10
51
-1551
-247
4171
10419331
-42
16
55
-1590
-339
4203
10420356
-5
15
46
-1564
-319
4117
10421381
38
12
38
-1532
-223
4108
10422406
-7
12
43
-1533
-235
4072
10423431
-14
10
52
-1530
-318
4086
10424456
39
7
42
-1518
-239
4117
10425481
17
11
37
-1544
-207
4069
10426506
-18
15
40
-1557
-357
4059
10427531
58
7
18
-1507
-260
4081
10428556
46
13
3
-1517
-177
4059
10429581
-20
21
7
-1523
-294
4034
10430606
11
24
5
-1539
-287
4083
10431631
20
18
-4
-1563
-247
4072
10424447
-1
7
-12
-1574
-269
4038
10425472
14
-9
-20
-1595
-224
4035
10426497
7
-24
-24
-1596
-292
4055
10427522
22
-40
-22
-1581
-274
4060
10428547
15
-46
-10
-1584
-277
4062
10429572
13
-40
-4
-1583
-294
4106
10430597
27
-31
-4
-1594
-277
4134
10431622
13
-15
-9
-1611
-259
4131
10432647
-6
-3
-15
-1596
-286
4109
10433672
7
9
-13
-1603
-259
4100
10434697
-8
12
-10
-1602
-325
4069
10435722
20
8
-11
-1585
-241
4055
10436747
-1
9
6
-1613
-239
4062
10437772
-4
5
18
-1629
-297
4093
10438797
34
-3
19
-1620
-250
4097
10439822
25
-1
20
-1601
-271
4107
10432640
33
3
13
-1586
-240
4112
10433665
14
10
5
-1568
-257
4096
10434690
-6
23
1
-1549
-289
4105
10435715
7
29
0
-1545
-249
4083
10436740
-14
26
0
-1559
-230
4035
10437765
-22
15
1
-1566
-298
4025
10438790
15
-1
-4
-1548
-253
4053
10439815
10
-10
-5
-1543
-252
4052
10440840
-7
-12
-7
-1561
-291
4042
10441865
6
-15
-11
-1561
-246
4053
10442890
-22
-10
-5
-1582
-278
4061
10443915
-24
-7
-4
-1597
-302
4049
10444940
-17
-4
-6
-1607
-279
4083
10445965
-27
-1
-11
-1588
-277
4080
10446990
-36
7
-14
-1586
-276
4080
10448015
-41
10
-10
-1597
-280
4062
10440832
-34
7
-11
-1584
-272
4057
10441857
-30
0
-9
-1564
-266
4077
10442882
-20
-3
-11
-1543
-247
4104
10443907
-29
-3
-13
-1556
-244
4080
10444932
-18
-4
-20
-1572
-275
4093
10445957
1
-11
-28
-1565
-235
4132
10446982
-13
-10
-37
-1567
-278
4101
10448007
-14
-6
-42
-1580
-311
4094
10449032
-8
-6
-41
-1577
-327
4103
10450057
-9
-2
-33
-1604
-344
4099
10451082
-17
-2
-23
-1634
-361
4093
10452107
-10
-3
-10
-1646
-364
4056
10453132
2
-3
-5
-1644
-299
4072
10454157
-27
2
1
-1625
-339
4067
10455182
-29
7
7
-1612
-324
4050
10456207
-24
5
8
-1598
-307
4066
10449024
-17
1
13
-1586
-315
4041
10450049
0
-5
10
-1569
-291
4047
10451074
-3
-11
8
-1571
-282
4076
10452099
-11
-14
7
-1581
-334
4092
10453124
11
-18
1
-1567
-278
4100
10454149
-14
-15
9
-1571
-303
4085
10455174
-23
-8
15
-1595
-343
4110
10456199
10
-12
12
-1593
-288
4108
10457224
-3
-12
7
-1579
-280
4099
10458249
-11
-5
3
-1575
-320
4109
10459274
-7
-5
3
-1596
-297
4097
10460299
1
-6
3
-1587
-291
4112
10461324
2
-5
0
-1611
-280
4105
10462349
0
-4
-5
-1630
-311
4092
10463374
28
-12
-11
-1594
-298
4084
10464399
31
-10
-8
-1580
-288
4085
10457217
0
0
0
-1573
-335
4080
10458242
1
3
4
-1579
-342
4050
10459267
10
-2
7
-1580
-317
4060
10460292
7
-7
11
-1570
-315
4058
10461317
-5
-11
15
-1565
-329
4042
10462342
0
-17
15
-1564
-317
4037
10463367
4
-27
13
-1566
-298
4043
10464392
5
-34
13
-1560
-303
4069
10465417
11
-39
11
-1552
-279
4081
10466442
0
-34
7
-1558
-270
4095
10467467
-1
-28
0
-1557
-276
4110
10468492
2
-29
-7
-1560
-262
4089
10469517
18
-27
-19
-1536
-260
4088
10470542
23
-23
-32
-1532
-237
4058
10471567
22
-10
-45
-1591
-349
3812
10472592
135
-14
-117
-1465
-391
3865
10465408
226
51
-194
-1190
-246
4640
10466433
176
94
-62
-1686
-231
4418
10467458
22
60
57
-1924
-239
3833
10468483
89
17
27
-1720
-553
4168
10469508
359
5
-39
-1670
-156
4455
10470533
222
21
-60
-1689
5
4177
10471558
-41
33
-37
-1678
132
3897
10472583
-225
42
12
-1611
31
4133
10473608
-564
135
21
-1637
-483
4388
10474633
-760
196
-40
-1617
-989
3940
10475658
-215
105
73
-1371
-927
3658
10476683
101
-84
120
-1269
-119
3257
10477708
-54
0
-35
-2018
-149
3531
10478733
11
8
-179
-1274
-664
3917
10479758
491
168
-81
-1329
-54
5014
10480783
455
180
25
-1834
-37
4915
10473601
17
73
55
-2218
-209
4034
10474626
-117
-48
23
-1986
-397
3779
10475651
159
-107
-17
-1756
-279
3902
10476676
268
-111
-32
-1678
348
3990
10477701
-101
-55
3
-1579
-4
4101
10478726
-391
11
-27
-1608
-765
3915
10479751
-203
-41
-21
-1169
-722
3831
10480776
131
-97
160
-1178
-546
3640
10481801
-47
33
26
-1751
124
4399
10482826
-292
15
34
-1600
-592
4224
10483851
-24
15
23
-1848
-278
3922
10484876
-36
-29
-25
-1796
-231
3870
10485901
15
-49
-12
-1682
-299
4044
10486926
19
-53
24
-1692
-343
4141
10487951
-51
-55
69
-1665
-428
4141
10488976
-22
-52
130
-1676
-493
4110
10481793
59
-51
171
-1679
-414
4088
10482818
86
-47
179
-1627
-288
4110
10483843
31
-33
176
-1639
-213
4082
10484868
5
-27
151
-1526
-250
4102
10485893
46
-10
123
-1510
-156
4121
10486918
27
3
93
-1536
-97
4027
10487943
9
2
51
-1493
-134
4025
10488968
37
0
12
-1503
-109
4067
10489993
32
-10
-9
-1539
-224
4049
10491018
45
-28
-27
-1520
-239
4083
10492043
69
-42
-32
-1557
-239
4064
10493068
94
-48
-25
-1559
-278
4114
10494093
116
-44
-22
-1589
-219
4091
10495118
91
-41
-20
-1635
-249
4095
10496143
30
-45
-21
-1614
-270
4088
10497168
42
-43
-31
-1623
-256
4103
10489983
58
-42
-38
-1636
-206
4098
10491008
35
-37
-32
-1666
-236
4077
10492033
42
-40
-22
-1660
-240
4094
10493058
78
-42
-18
-1637
-202
4065
10494083
91
-33
-14
-1626
-207
4054
10495108
55
-25
-4
-1610
-253
4041
10496133
65
-18
-2
-1585
-240
4055
10497158
83
-11
-3
-1571
-213
4079
10498183
56
-3
2
-1567
-232
4105
10499208
32
2
8
-1576
-232
4108
10500233
35
2
9
-1568
-218
4085
10501258
48
0
12
-1568
-174
4076
10502283
42
-2
19
-1561
-146
4099
10503308
20
-6
23
-1563
-145
4117
10504333
1
-12
18
-1558
-141
4111
10505358
0
-15
9
-1550
-109
4095
10498176
6
-10
4
-1544
-111
4104
10499201
7
-8
-2
-1539
-112
4104
10500226
10
-3
-7
-1545
-131
4092
10501251
23
0
-20
-1547
-98
4124
10502276
22
1
-30
-1552
-100
4121
10503301
15
2
-39
-1559
-141
4104
10504326
21
5
-44
-1560
-166
4110
10505351
12
5
-39
-1581
-210
4076
10506376
25
1
-38
-1581
-217
4066
10507401
25
-2
-30
-1576
-199
4092
10508426
-3
-4
-8
-1593
-246
4057
10509451
3
-11
6
-1585
-270
4024
10510476
33
-15
8
-1574
-134
4058
10511501
2
-12
14
-1567
-165
4086
10512526
-12
-9
17
-1564
-204
4071
10513551
0
-7
14
-1563
-155
4064
10506368
-6
-6
10
-1571
-127
4087
10507393
-22
-9
9
-1574
-155
4076
10508418
-12
-14
10
-1579
-157
4091
10509443
11
-14
2
-1557
-114
4120
10510468
3
-10
-4
-1568
-123
4124
10511493
-14
-6
0
-1553
-179
4102
10512518
9
2
0
-1544
-134
4103
10513543
3
10
-1
-1563
-123
4103
10514568
-11
8
-4
-1571
-148
4075
10515593
2
-1
-4
-1575
-144
4061
10516618
8
-6
-3
-1563
-163
4073
10517643
-1
-6
3
-1558
-192
4062
10518668
-1
-4
10
-1574
-175
4072
10519693
-17
-6
14
-1568
-181
4077
10520718
-30
-6
13
-1578
-188
4059
10521743
-38
-9
12
-1575
-172
4033
10514559
-37
-10
22
-1567
-175
4024
10515584
-33
-9
30
-1555
-169
4042
10516609
-38
0
38
-1551
-189
4093
10517634
-47
5
40
-1578
-166
4074
10518659
-50
8
35
-1579
-170
4009
10519684
-53
20
41
-1591
-242
4059
10520709
-48
28
39
-1595
-205
4106
10521734
-63
36
28
-1614
-131
4110
10522759
-106
41
36
-1639
-190
4075
10523784
-108
25
51
-1641
-233
4111
10524809
-103
16
52
-1637
-276
4073
10525834
-66
7
53
-1616
-209
4025
10526859
-46
4
65
-1582
-185
4073
10527884
-82
14
74
-1558
-254
4153
10528909
-111
30
80
-1577
-229
4128
10529934
-102
45
81
-1584
-208
4063
10522752
-104
69
79
-1587
-252
4122
10523777
-149
95
60
-1603
-204
4157
10524802
-240
107
47
-1618
-218
4118
10525827
-355
110
44
-1631
-242
4110
10526852
-392
114
33
-1634
-324
4066
10527877
-266
124
29
-1647
-445
4016
10528902
-94
135
17
-1664
-422
4048
10529927
-8
150
3
-1668
-315
4053
10530952
-11
180
-13
-1655
-266
3835
10531977
-37
264
-34
-1609
-170
3855
10533002
-107
271
-22
-1505
-184
4637
10534027
-322
163
70
-1817
-593
4657
10535052
-448
65
36
-2034
-425
3693
10536077
-592
63
-31
-1887
-247
3493
10537102
-712
135
-47
-1781
-819
4223
10538127
-573
229
-103
-1814
-813
4507
10530943
-583
228
-192
-1632
-428
4351
10531968
-822
184
-154
-1698
-293
4100
10532993
-740
-46
-32
-1689
-1045
2899
10534018
-129
-104
-146
-2024
-1010
2539
10535043
255
-24
-204
-1435
-671
3735
10536068
310
64
-54
-1603
-375
4820
10537093
61
-11
30
-1873
-723
4794
10538118
-294
-63
5
-2152
-785
4267
10539143
-539
-68
-33
-2123
-520
3605
10540168
-575
37
-75
-1862
-1124
4210
10541193
-385
132
-160
-1744
-843
4539
10542218
-607
93
-54
-1810
-507
3979
10543243
-720
-98
186
-1635
-1357
2933
10544268
-400
-220
235
-1924
-968
2952
10545293
-387
-242
138
-1633
-1501
3579
10546318
-111
-204
136
-1604
-1217
3947
10539135
-216
-151
125
-1782
-821
3985
10540160
-683
-138
124
-1789
-976
3878
10541185
-1001
-134
105
-1825
-1172
3797
10542210
-917
-147
75
-1782
-1320
3740
10543235
-672
-156
61
-1796
-1310
3694
10544260
-503
-187
53
-1793
-1286
3701
10545285
-343
-232
44
-1763
-1353
3783
10546310
-80
-264
40
-1664
-1443
3936
10547335
223
-269
53
-1585
-1471
3983
10548360
421
-230
64
-1610
-1330
4038
10549385
470
-198
53
-1586
-1180
4085
10550410
409
-154
42
-1640
-1086
4097
10551435
283
-128
20
-1633
-1094
4062
10552460
160
-114
16
-1658
-1081
3991
10553485
61
-110
36
-1746
-1135
3923
10554510
17
-124
47
-1843
-1165
3817
10547328
19
-155
53
-1989
-1116
3648
10548353
-34
-190
45
-2237
-1039
3553
10549378
-169
-248
-13
-2202
-1054
3552
10550403
-165
-297
-85
-1866
-1304
3656
10551428
130
-304
-121
-1548
-1539
3812
10552453
560
-273
-120
-1368
-1446
3913
10553478
840
-219
-91
-1204
-1318
4025
10554503
889
-150
-64
-1040
-1235
4072
10555528
811
-67
-40
-1054
-1011
4062
10556553
662
-10
-40
-1052
-922
4052
10557578
535
13
-53
-1050
-860
4011
10558603
400
13
-66
-1050
-711
4015
10559628
241
-15
-77
-1020
-674
4099
10560653
237
-51
-83
-1007
-719
4281
10561678
384
-71
-90
-1029
-653
4372
10562703
448
-62
-107
-1126
-454
4469
10555521
225
-38
-124
-1219
-346
4519
10556546
-94
-2
-132
-1225
-436
4437
10557571
-178
8
-109
-1226
-580
4334
10558596
-68
3
-109
-1294
-583
4128
10559621
-45
-8
-162
-1396
-553
3919
10560646
-150
-42
-235
-1444
-621
3962
10561671
-338
-58
-314
-1469
-726
4046
10562696
-506
-54
-375
-1470
-916
4150
10563721
-591
-30
-395
-1471
-1130
4192
10564746
-606
-7
-348
-1508
-1306
4183
10565771
-538
-34
-236
-1479
-1363
4169
10566796
-360
-67
-117
-1441
-1345
4073
10567821
-172
-110
-43
-1392
-1256
3992
10568846
-43
-169
-14
-1325
-1193
4004
10569871
34
-235
8
-1253
-1182
4038
10570896
57
-297
35
-1216
-1129
4050
10563712
67
-345
51
-1169
-1117
4048
10564737
135
-362
57
-1121
-1078
4126
10565762
137
-350
64
-1184
-981
4074
10566787
133
-338
42
-1235
-1009
4104
10567812
200
-336
27
-1185
-885
4155
10568837
166
-348
40
-1130
-847
4176
10569862
86
-356
59
-1051
-951
4164
10570887
76
-338
76
-1002
-972
4193
10571912
77
-302
101
-967
-930
4216
10572937
36
-262
142
-957
-971
4201
10573962
-3
-225
186
-926
-983
4213
10574987
-15
-178
227
-923
-997
4202
10576012
-15
-136
273
-928
-1020
4207
10577037
-2
-102
317
-949
-1056
4174
10578062
-14
-85
358
-956
-924
4158
10579087
-129
-95
366
-992
-851
4174
10571904
-258
-128
369
-971
-999
4145
10572929
-199
-162
350
-930
-1067
4151
10573954
12
-181
316
-872
-1028
4179
10574979
110
-173
317
-873
-990
4191
10576004
77
-150
329
-860
-980
4201
10577029
40
-116
302
-809
-911
4233
10578054
93
-45
238
-777
-925
4251
10579079
153
60
179
-754
-873
4287
10580104
68
175
149
-764
-904
4275
10581129
-88
261
101
-742
-830
4272
10582154
-254
320
40
-952
-1045
4177
10583179
-199
380
2
-1051
-962
4161
10584204
-204
385
-21
-1126
-966
4156
10585229
-180
370
-36
-1239
-984
4088
10586254
-83
342
-40
-1260
-905
4085
10587279
-69
284
-49
-1232
-896
4079
10580095
-101
231
-58
-1242
-897
4077
10581120
-109
179
-79
-1214
-930
4087
10582145
-111
125
-107
-1179
-976
4036
10583170
-77
127
-134
-1091
-1124
4049
10584195
13
200
-86
-762
-1131
4690
10585220
-174
283
82
-1040
-986
4529
10586245
-282
184
157
-1505
-1369
3742
10587270
72
135
71
-1518
-1181
3666
10588295
235
98
-86
-1418
-838
3749
10589320
-75
2
-86
-1390
-726
4218
10590345
-550
74
-38
-1158
-854
4117
10591370
-876
255
-98
-1405
-1653
3647
10592395
-293
198
-209
-1247
-1702
3792
10593420
457
48
-104
-984
-1192
4367
10594445
340
210
-95
-1434
-801
4277
10595470
-92
390
-125
-1144
-1322
4284
10588288
57
501
-96
-1186
-993
4386
10589313
155
393
-16
-1629
-1056
3857
10590338
248
82
-14
-1867
-1213
3220
10591363
321
-172
-110
-1777
-919
3523
10592388
166
-243
-175
-1457
-679
4473
10593413
-321
-120
-108
-1284
-1217
4301
10594438
-457
43
-104
-1496
-1638
3641
10595463
-69
-50
-181
-1083
-1088
3926
10596488
192
-231
11
-1083
-1013
4199
10597513
-42
-187
58
-1586
-989
4164
10598538
-48
-148
47
-1306
-1250
3895
10599563
5
-143
7
-1512
-964
3897
10600588
-133
-226
-20
-1423
-986
3966
10601613
-163
-303
-41
-1334
-1067
4047
10602638
-89
-349
-49
-1211
-1141
4077
10603663
-74
-351
-43
-1159
-1285
4074
10596675
-48
-320
-5
-1055
-1492
4127
10597700
-1
-271
80
-1081
-1490
4093
10598725
81
-247
148
-1079
-1292
4074
10599750
133
-240
162
-1101
-1145
4086
10600775
98
-245
160
-1134
-1115
4087
10601800
62
-268
139
-1174
-1034
4055
10602825
75
-295
94
-1094
-1107
4121
10603850
99
-279
79
-1020
-1163
4145
10604875
90
-239
93
-984
-1133
4159
10605900
16
-204
105
-994
-997
4146
10606925
-100
-189
78
-1003
-925
4166
10607950
-201
-180
43
-948
-1042
4153
10608975
-237
-154
17
-955
-1142
4124
10610000
-256
-128
-2
-943
-1182
4137
10611025
-300
-101
4
-944
-1253
4122
10612050
-266
-73
-8
-922
-1328
4108
10604672
-170
-43
-18
-924
-1360
4096
10605697
-100
-18
-16
-947
-1311
4097
10606722
-65
-18
-10
-973
-1318
4076
10607747
-17
-36
-13
-969
-1277
4085
10608772
2
-46
-17
-927
-1246
4119
10609797
4
-33
-19
-923
-1258
4109
10610822
17
-27
-19
-925
-1273
4109
10611847
6
-30
-14
-943
-1234
4108
10612872
-26
-39
-18
-941
-1201
4112
10613897
-71
-48
-22
-913
-1186
4128
10614922
-127
-41
-21
-902
-1238
4111
10615947
-145
-30
-22
-901
-1304
4098
10616972
-130
-22
-21
-905
-1340
4086
10617997
-100
-16
-18
-908
-1346
4083
10619022
-70
-21
-16
-921
-1315
4080
10620047
-49
-36
-22
-907
-1324
4100
10612864
-26
-22
-12
-885
-1423
4083
10613889
16
6
1
-919
-1347
4098
10614914
0
6
12
-942
-1295
4061
10615939
-1
-16
4
-936
-1287
4063
10616964
-9
-31
-10
-892
-1244
4114
10617989
-61
-18
-22
-900
-1262
4108
10619014
-92
-9
-26
-885
-1357
4085
10620039
-75
-5
-15
-868
-1393
4066
10621064
-35
7
-5
-878
-1365
4067
10622089
-8
20
-7
-889
-1330
4093
10623114
-17
31
-8
-900
-1328
4100
10624139
-35
35
-12
-888
-1335
4088
10625164
-48
42
-33
-895
-1301
4083
10626189
-85
49
-38
-884
-1373
4084
10627214
-81
62
-48
-903
-1376
4077
10628239
-82
72
-57
-917
-1325
4089
10621056
-112
85
-71
-910
-1371
4090
10622081
-122
109
-82
-941
-1386
4074
10623106
-138
119
-95
-953
-1344
4065
10624131
-169
125
-107
-966
-1427
4045
10625156
-158
127
-106
-974
-1480
4027
10626181
-140
124
-92
-971
-1409
4033
10627206
-164
112
-78
-972
-1406
4038
10628231
-186
96
-53
-975
-1524
4010
10629256
-160
82
-33
-997
-1516
4002
10630281
-146
62
-19
-1005
-1466
4003
10631306
-148
36
-9
-1015
-1525
4000
10632331
-135
15
7
-1029
-1613
3978
10633356
-76
-9
15
-1027
-1641
3969
10634381
15
-32
13
-980
-1597
3974
10635406
60
-27
27
-951
-1540
4022
10636431
41
-4
50
-974
-1500
4032
10629247
-6
3
65
-996
-1483
4020
10630272
-53
-5
67
-995
-1482
4009
10631297
-102
-5
70
-1010
-1460
3996
10632322
-125
-4
55
-1001
-1538
3997
10633347
-86
25
23
-959
-1679
3935
10634372
43
126
-29
-978
-1622
4031
10635397
23
172
-18
-826
-1352
4287
10636422
-307
233
104
-1018
-1307
4085
10637447
-649
197
131
-1158
-1547
3898
10638472
-685
87
93
-1078
-2046
3891
10639497
-337
108
65
-1136
-1690
3888
10640522
-222
131
3
-1186
-1478
3828
10641547
-202
75
-31
-1186
-1699
3759
10642572
-154
-3
-43
-1174
-1721
3816
10643597
-237
-43
-6
-1089
-1521
4029
10644622
-430
-7
76
-986
-1991
3915
10637440
-316
81
82
-1323
-2548
3238
10638465
491
-48
-53
-1021
-2004
3660
10639490
1160
-237
45
-964
-2188
3843
10640515
1288
6
-31
-767
-1271
4720
10641540
483
341
64
-845
-870
4648
10642565
-311
509
156
-1192
-903
4331
10643590
-912
383
166
-1582
-1525
3295
10644615
-590
85
5
-1671
-1836
3015
10645640
-51
-164
-188
-1469
-1466
3700
10646665
-198
-270
-232
-1004
-1241
4490
10647690
-865
-96
-38
-899
-1613
4118
10648715
-1187
87
90
-1235
-2464
3468
10649740
-599
0
41
-989
-2359
3524
10650765
77
-190
130
-1081
-2083
3608
10651790
278
-247
49
-1439
-1459
3984
10652815
55
-266
7
-1062
-2081
3858
10645632
204
-195
12
-1144
-2202
3749
10646657
390
-113
-49
-1083
-1687
3980
10647682
174
-49
-59
-1053
-1501
4017
10648707
-108
-26
-66
-1033
-1634
3860
10649732
-175
-28
-81
-1019
-1819
3819
10650757
-110
-35
-68
-1002
-1944
3833
10651782
-53
-21
-32
-1039
-2016
3833
10652807
9
-4
5
-1100
-1979
3817
10653832
91
-11
-14
-1076
-1828
3861
10654857
69
-13
-23
-1082
-1791
3881
10655882
38
-20
-22
-1074
-1838
3864
10656907
42
-27
-26
-1084
-1817
3841
10657932
35
-40
-31
-1075
-1819
3867
10658957
24
-55
-30
-1061
-1795
3861
10659982
0
-62
-39
-1041
-1739
3894
10661007
-73
-62
-32
-1052
-1812
3868
10653824
-81
-76
-41
-1056
-1871
3830
10654849
-42
-83
-58
-1011
-1856
3858
10655874
-31
-77
-52
-1005
-1855
3872
10656899
-26
-68
-47
-989
-1845
3877
10657924
-33
-50
-44
-979
-1869
3874
10658949
-29
-33
-41
-983
-1855
3872
10659974
-30
-18
-38
-986
-1849
3886
10660999
-38
-9
-27
-993
-1905
3855
10662024
-11
-12
-34
-1005
-1879
3845
10663049
-6
-21
-34
-1000
-1872
3853
10664074
7
-28
-30
-995
-1898
3855
10665099
20
-31
-28
-998
-1867
3859
10666124
24
-37
-30
-987
-1843
3862
10667149
9
-38
-32
-965
-1846
3881
10668174
-17
-32
-27
-972
-1861
3859
10669199
-21
-28
-28
-976
-1879
3844
10662039
-8
-30
-34
-978
-1890
3865
10663064
12
-28
-36
-950
-1877
3873
10664089
5
-20
-28
-945
-1846
3869
10665114
-10
-15
-23
-958
-1835
3860
10666139
-20
-12
-20
-955
-1862
3866
10667164
-29
-8
-22
-965
-1885
3856
10668189
-44
-4
-32
-980
-1865
3865
10669214
-64
-9
-48
-967
-1848
3855
10670239
-79
-17
-57
-959
-1867
3850
10671264
-74
-27
-60
-947
-1923
3841
10672289
-38
-31
-61
-942
-1977
3824
10673314
24
-15
-77
-935
-1948
3833
10674339
60
-17
-73
-944
-1880
3857
10675364
60
-39
-55
-934
-1886
3855
10676389
59
-47
-43
-917
-1876
3874
10677414
47
-45
-30
-899
-1883
3888
10670209
28
-29
-21
-900
-1855
3885
10671234
-3
-13
-14
-891
-1821
3888
10672259
-42
4
-4
-898
-1855
3882
10673284
-60
17
1
-901
-1900
3864
10674309
-48
25
4
-922
-1934
3857
10675334
-28
26
9
-925
-1920
3856
10676359
-15
24
11
-922
-1894
3868
10677384
-17
23
13
-917
-1865
3867
10678409
-36
25
21
-928
-1866
3850
10679434
-46
30
24
-921
-1897
3857
10680459
-49
37
28
-918
-1916
3862
10681484
-50
48
37
-938
-1926
3846
10682509
-48
50
40
-958
-1904
3853
10683534
-56
42
34
-970
-1895
3847
10684559
-63
35
24
-987
-1904
3829
10685584
-62
17
13
-988
-1913
3829
10678400
-61
-1
7
-973
-1946
3829
10679425
-55
-14
4
-967
-1932
3831
10680450
-43
-21
1
-953
-1937
3821
10681475
-34
-19
6
-937
-1937
3829
10682500
-38
-8
19
-935
-1944
3840
10683525
-33
3
30
-945
-1956
3828
10684550
-25
4
38
-958
-1965
3819
10685575
-10
0
44
-970
-1968
3817
10686600
12
-1
46
-963
-1943
3838
10687625
8
2
50
-966
-1913
3836
10688650
-11
6
53
-963
-1918
3838
10689675
-34
15
48
-974
-1910
3840
10690700
-60
17
36
-976
-1922
3835
10691725
-62
22
18
-975
-1976
3822
10692750
-35
35
-7
-976
-1930
3819
10693775
-39
44
-12
-966
-1969
3790
10686592
0
72
-22
-955
-2065
3798
10687617
33
115
-19
-933
-1978
3877
10688642
-21
163
-8
-977
-1814
3864
10689667
-157
208
-23
-1034
-1716
3950
10690692
-380
185
-35
-1107
-1863
3835
10691717
-476
129
-45
-1095
-2116
3680
10692742
-386
102
-63
-1077
-2190
3708
10693767
-321
79
-73
-1092
-2112
3712
10694792
-284
43
-66
-1070
-2191
3614
10695817
-145
11
-49
-1040
-2301
3599
10696842
32
-9
-23
-1040
-2245
3666
10697867
113
-15
-6
-1051
-2103
3727
10698892
90
-13
1
-1067
-2027
3703
10699917
56
-15
-10
-1072
-2033
3754
10700942
-8
-4
-23
-1067
-2048
3738
10701967
-30
6
-38
-1053
-2167
3717
10694784
-9
19
-46
-1002
-2070
3785
10695809
-93
46
-31
-989
-1922
3844
10696834
-245
47
8
-1032
-2121
3744
10697859
-262
32
6
-1033
-2193
3687
10698884
-197
6
6
-1126
-2248
3545
10699909
-47
-21
-5
-1104
-2279
3654
10700934
-94
-1
42
-898
-2006
3901
10701959
-319
123
145
-1030
-2179
3620
10702984
-333
206
142
-1289
-2695
3181
10704009
329
51
77
-1186
-3130
3162
10705034
1224
-165
80
-816
-2561
3484
10706059
1411
-78
35
-1201
-1124
4347
10707084
498
117
-34
-871
-1169
4501
10708109
-253
239
32
-1110
-1414
4079
10709134
-674
222
6
-1450
-1507
3532
10710159
-837
52
-94
-1414
-2097
3264
10702976
-558
-113
-230
-1220
-2240
3540
10704001
-350
-146
-175
-863
-2568
3903
10705026
-217
37
-63
-995
-2463
3481
10706051
11
85
-26
-1069
-2872
3342
10707076
459
-68
161
-873
-2852
3453
10708101
485
-43
179
-1312
-1521
3996
10709126
88
-37
76
-1308
-1822
3713
10710151
180
-79
-30
-1205
-1952
3660
10711176
230
-63
-129
-1115
-1730
3812
10712201
22
-34
-164
-1043
-1767
3922
10713226
-216
-20
-134
-1000
-1985
3770
10714251
-281
-24
-83
-1016
-2268
3662
10715276
-172
-35
-39
-1023
-2351
3629
10716301
-32
-38
4
-1046
-2423
3632
10717326
145
-44
26
-1082
-2319
3634
10718351
269
-52
20
-1087
-2069
3716
10711168
233
-60
17
-1078
-2016
3767
10712193
186
-68
10
-1065
-1988
3751
10713218
165
-61
-6
-1041
-1955
3760
10714243
118
-58
-10
-1040
-1970
3788
10715268
47
-53
0
-1031
-2038
3777
10716293
17
-48
5
-1058
-2030
3742
10717318
30
-59
-1
-1035
-2042
3770
10718343
38
-57
4
-1029
-2105
3747
10719368
76
-58
-1
-1042
-2058
3753
10720393
92
-63
-6
-1026
-2020
3790
10721418
88
-67
-6
-1024
-2005
3775
10722443
83
-71
-8
-1011
-2017
3790
10723468
76
-73
-5
-1015
-2025
3777
10724493
97
-79
-15
-1014
-1966
3778
10725518
95
-76
-19
-969
-1959
3815
10726543
61
-49
-9
-945
-1988
3836
10719359
23
-14
2
-969
-1971
3823
10720384
0
1
4
-992
-1933
3809
10721409
-19
-2
0
-983
-1963
3800
10722434
-24
-5
3
-976
-2017
3805
10723459
-5
-2
8
-1006
-2034
3787
10724484
30
-7
-1
-1004
-2021
3788
10725509
53
-20
-6
-1000
-1964
3786
10726534
50
-28
-5
-982
-1941
3824
10727559
21
-26
5
-972
-1964
3825
10728584
5
-22
10
-986
-1939
3807
10729609
-19
-23
5
-995
-1937
3815
10730634
-37
-33
2
-981
-1987
3802
10731659
-28
-37
-1
-968
-2000
3804
10732684
-10
-26
-5
-956
-2032
3801
10733709
16
-13
3
-964
-2025
3795
10734734
35
-11
6
-980
-1945
3817
10727552
22
-9
7
-968
-1961
3821
10728577
10
-1
11
-972
-1980
3811
10729602
7
5
12
-977
-1939
3811
10730627
-7
3
11
-977
-1964
3812
10731652
-8
1
10
-973
-1986
3798
10732677
2
5
10
-967
-1980
3811
10733702
8
12
12
-976
-1979
3820
10734727
6
21
12
-988
-1969
3812
10735752
2
18
14
-988
-1962
3800
10736777
-3
8
11
-998
-1935
3817
10737802
-19
-2
13
-1002
-1976
3810
10738827
-16
-6
12
-999
-1996
3792
10739852
-2
-10
5
-983
-1957
3810
10740877
-10
-10
6
-983
-1959
3811
10741902
-11
-10
8
-987
-1985
3803
10742927
0
-10
7
-986
-1983
3807
10735828
10
-7
9
-984
-1995
3809
10736853
18
-10
9
-988
-1959
3808
10737878
11
-4
6
-982
-1957
3814
10738903
3
1
10
-987
-1995
3806
10739928
8
2
9
-982
-1949
3820
10740953
-7
4
8
-975
-1962
3813
10741978
-10
6
7
-984
-1974
3802
10743003
-6
1
8
-1008
-1978
3805
10744028
-7
-10
4
-1010
-1930
3815
10745053
-22
-16
1
-989
-1964
3812
10746078
-29
-13
3
-981
-1994
3802
10747103
-11
-9
3
-991
-1992
3800
10748128
-2
-6
4
-976
-1956
3815
10749153
-15
-2
10
-986
-1957
3808
10750178
-25
1
11
-989
-1980
3803
10751203
-16
3
11
-981
-2001
3809
10743937
0
9
14
-981
-2006
3804
10744962
13
12
16
-1004
-1983
3799
10745987
24
7
11
-1004
-1979
3801
10747012
31
-1
5
-998
-1968
3809
10748037
24
-3
5
-990
-1953
3804
10749062
14
0
9
-983
-1951
3807
10750087
2
5
12
-988
-1947
3824
10751112
-17
13
15
-997
-1944
3821
10752137
-32
15
13
-1011
-1968
3801
10753162
-28
7
5
-1015
-1973
3797
10754187
-19
-3
-1
-1012
-1993
3802
10755212
5
-4
-6
-994
-2063
3751
10756237
112
44
-21
-905
-2094
3751
10757262
150
128
16
-911
-1712
4019
10758287
-151
167
74
-998
-1770
4048
10759312
-416
161
64
-1170
-2041
3688
10752129
-299
93
4
-1124
-2022
3720
10753154
-236
53
-44
-1121
-1699
3810
10754179
-420
30
-42
-1049
-1952
3813
10755204
-524
25
48
-916
-2326
3793
10756229
-433
99
129
-1116
-2575
3325
10757254
-54
91
73
-1170
-2366
3387
10758279
322
-86
100
-1017
-2386
3649
10759304
684
-303
188
-1385
-2719
3203
10760329
1299
-225
-101
-819
-2112
4163
10761354
895
44
-31
-709
-980
4609
10762379
-75
206
90
-1205
-999
4062
10763404
-603
141
39
-1318
-1653
3494
10764429
-573
1
-129
-1227
-1798
3542
10765454
-468
-81
-221
-1030
-2068
3789
10766479
-364
-97
-181
-987
-2366
3735
10767504
-285
-80
-92
-1008
-2132
3934
10760321
-355
-25
20
-884
-2354
3704
10761346
-261
43
89
-1187
-2664
3253
10762371
248
-48
43
-1050
-2521
3519
10763396
675
-155
102
-937
-2203
3656
10764421
722
-165
82
-1236
-1661
3996
10765446
440
-186
2
-944
-1735
3939
10766471
180
-93
18
-999
-1796
3881
10767496
40
-28
-22
-998
-1700
3872
10768521
-70
-6
-67
-962
-1725
3886
10769546
-217
0
-67
-957
-1825
3852
10770571
-278
-3
-44
-968
-2058
3754
10771596
-191
-7
-29
-971
-2234
3732
10772621
-59
-3
-3
-993
-2286
3725
10773646
100
1
0
-1006
-2173
3732
10774671
215
-7
-9
-1026
-1959
3789
10775696
190
-27
-4
-1008
-1872
3821
10768512
120
-43
-5
-1009
-1868
3828
10769537
54
-45
-12
-972
-1916
3834
10770562
5
-40
-11
-965
-1918
3827
10771587
-26
-29
-9
-954
-1961
3836
10772612
-34
-14
-4
-973
-2018
3801
10773637
1
-14
-7
-972
-1989
3792
10774662
23
-15
-6
-984
-1986
3821
10775687
34
-18
-3
-979
-1989
3810
10776712
44
-20
-4
-981
-1913
3827
10777737
17
-23
-7
-974
-1933
3815
10778762
9
-27
-12
-972
-1973
3813
10779787
16
-34
-6
-960
-1979
3812
10780812
30
-35
-3
-957
-1943
3826
10781837
32
-34
-1
-964
-1961
3833
10782862
28
-32
1
-966
-1958
3821
10783887
35
-29
-2
-968
-1942
3821
10776704
37
-24
-6
-947
-1943
3843
10777729
28
-16
-1
-941
-1932
3830
10778754
15
-9
2
-951
-1917
3840
10779779
-4
-6
2
-956
-1917
3845
10780804
-17
-6
2
-954
-1944
3833
10781829
-14
-3
4
-946
-1959
3827
10782854
-8
2
5
-942
-1942
3831
10783879
-5
7
7
-958
-1946
3837
10784904
0
8
7
-961
-1948
3829
10785929
4
4
7
-974
-1925
3810
10786954
-4
-5
5
-955
-1947
3824
10787979
-2
-6
5
-972
-1950
3823
10789004
5
-10
0
-948
-1916
3838
10790029
-7
-3
1
-949
-1947
3831
10791054
-5
-1
4
-957
-1959
3824
10792079
10
-3
3
-961
-1942
3821
10784897
12
-8
1
-963
-1921
3842
10785922
1
-9
4
-951
-1938
3835
10786947
-3
-5
6
-957
-1929
3841
10787972
-7
-2
9
-966
-1959
3828
10788997
1
-2
3
-953
-1916
3826
10790022
-12
4
7
-953
-1928
3827
10791047
-16
4
5
-970
-1947
3831
10792072
-12
-3
1
-976
-1935
3820
10793097
-8
-12
-3
-979
-1945
3821
10794122
-5
-23
-4
-977
-1951
3820
10795147
2
-33
-7
-951
-1935
3823
10796172
3
-33
-2
-950
-1950
3820
10797197
11
-30
2
-943
-1935
3837
10798222
4
-21
9
-935
-1936
3838
10799247
-3
-6
12
-933
-1940
3844
10800272
-14
12
12
-942
-1924
3836
10793088
-26
18
14
-970
-1929
3822
10794113
-26
6
9
-970
-1951
3820
10795138
-17
-2
5
-958
-1975
3819
10796163
0
-3
5
-956
-1959
3825
10797188
5
-2
9
-968
-1932
3824
10798213
-2
-7
11
-954
-1909
3837
10799238
-23
-8
14
-942
-1923
3830
10800263
-32
-1
17
-951
-1980
3817
10801288
-6
2
13
-969
-1965
3814
10802313
29
-3
5
-957
-2001
3790
10803338
92
16
-3
-895
-2070
3817
10804363
135
90
7
-849
-1914
3883
10805388
56
167
32
-934
-1685
3949
10806413
-124
201
26
-970
-1684
3958
10807438
-331
181
2
-1189
-1842
3766
10808463
-328
90
-35
-1063
-2171
3789
10801280
-262
78
-53
-998
-2019
3914
10802305
-329
76
-39
-1002
-1911
3814
10803330
-382
82
-2
-1011
-2113
3622
10804355
-271
69
36
-1089
-2188
3528
10805380
-153
11
50
-1108
-1970
3689
10806405
-225
-32
94
-927
-2029
3921
10807430
-373
50
198
-1003
-2510
3578
10808455
-120
105
208
-1290
-2856
3182
10809480
607
-45
129
-953
-2557
3552
10810505
1122
-234
269
-943
-2343
3774
10811530
1004
-98
111
-1132
-946
4285
10812555
289
45
32
-965
-1573
4038
10813580
135
166
8
-957
-1618
4129
10814605
-118
238
15
-1028
-1468
4108
10815630
-523
137
22
-1519
-1815
3331
10816655
-433
-53
-130
-1520
-1791
3299
10809473
-360
-201
-249
-1170
-1731
3757
10810498
-461
-205
-144
-684
-2263
4260
10811523
-442
-11
106
-887
-2898
3483
10812548
-24
72
119
-1124
-2565
3400
10813573
259
-4
116
-759
-1776
3823
10814598
286
-86
228
-1562
-2043
3647
10815623
233
-150
-3
-1140
-1766
3885
10816648
195
-127
-58
-1063
-1932
3813
10817673
191
-82
-93
-1109
-1872
3849
10818698
32
-65
-100
-1010
-1751
3923
10819723
-161
-60
-77
-978
-1902
3803
10820748
-173
-68
-60
-963
-2101
3716
10821773
-63
-75
-35
-971
-2158
3728
10822798
59
-69
-3
-973
-2167
3756
10823823
153
-40
10
-1010
-2080
3805
10824848
148
-27
2
-1041
-1885
3862
10817664
56
-39
-9
-1060
-1913
3789
10818689
39
-54
-39
-994
-1934
3812
10819714
22
-49
-33
-957
-1985
3816
10820739
24
-41
-16
-1004
-1998
3776
10821764
54
-44
-26
-1005
-1995
3791
10822789
68
-50
-33
-1001
-1954
3820
10823814
60
-55
-33
-969
-1979
3795
10824839
81
-55
-37
-972
-1956
3816
10825864
82
-55
-26
-931
-1913
3855
10826889
46
-35
0
-937
-1892
3845
10827914
16
-11
11
-935
-1931
3861
10828939
-1
14
21
-965
-1986
3832
10829964
6
27
10
-1017
-1936
3817
10830989
2
15
-9
-998
-1930
3830
10832014
-14
-1
-24
-994
-1916
3807
10833039
-13
-22
-36
-969
-1914
3808
10825856
-21
-35
-24
-935
-1950
3824
10826881
-15
-37
-3
-963
-1983
3805
10827906
19
-39
0
-954
-1972
3830
10828931
33
-27
5
-932
-1970
3850
10829956
31
3
16
-938
-1937
3848
10830981
12
30
17
-958
-1914
3858
10832006
-20
38
14
-988
-1925
3832
10833031
-29
31
-3
-989
-1918
3810
10834056
-31
23
-13
-954
-1925
3836
10835081
-33
24
-6
-967
-1978
3812
10836106
-12
21
-3
-993
-1960
3805
10837131
0
4
-6
-993
-1924
3814
10838156
-10
-15
-5
-992
-1949
3816
10839181
-4
-23
-8
-971
-1955
3829
10840206
0
-20
-7
-966
-1941
3831
10841231
-5
-16
-5
-955
-1927
3826
10834047
-17
-8
-5
-951
-1942
3826
10835072
-16
3
-5
-961
-1957
3820
10836097
-17
9
-2
-952
-1933
3829
10837122
-33
14
9
-957
-1958
3826
10838147
-27
17
19
-977
-2004
3797
10839172
-4
18
17
-1000
-1966
3792
10840197
11
4
5
-1001
-1938
3804
10841222
10
-14
0
-974
-1936
3826
10842247
-3
-24
3
-976
-1945
3817
10843272
-7
-27
3
-982
-1949
3808
10844297
-7
-25
-1
-974
-1946
3829
10845322
-18
-21
-3
-964
-1963
3827
10846347
-19
-11
-5
-957
-1965
3819
10847372
-14
-2
0
-950
-1966
3806
10848397
-6
6
7
-955
-1966
3815
10849422
-2
14
10
-961
-1964
3826
10842240
-10
20
11
-975
-1930
3824
10843265
-26
18
4
-988
-1939
3819
10844290
-29
11
-2
-975
-1980
3814
10845315
-12
6
-6
-975
-1985
3806
10846340
-3
4
-3
-978
-1980
3793
10847365
2
3
3
-978
-1973
3811
10848390
6
3
7
-982
-1982
3807
10849415
10
0
3
-984
-1957
3810
10850440
5
-5
-3
-987
-1957
3812
10851465
4
-11
-4
-986
-1955
3806
10852490
2
-15
-5
-968
-1956
3810
10853515
-10
-11
-1
-963
-1971
3813
10854540
-16
-2
1
-981
-1958
3810
10855565
-19
-2
-2
-978
-1966
3816
10856590
-6
-4
-6
-976
-1998
3797
10857615
10
-5
-6
-973
-1982
3806
10850432
17
-6
0
-970
-1976
3802
10851457
23
-7
-1
-975
-1954
3810
10852482
20
-7
-1
-976
-1942
3815
10853507
10
-10
-1
-975
-1935
3812
10854532
0
-16
-1
-977
-1950
3824
10855557
-5
-19
-3
-968
-1960
3826
10856582
-3
-15
0
-961
-1980
3808
10857607
0
-7
0
-963
-1949
3823
10858632
-4
-1
2
-956
-1978
3824
10859657
-1
6
6
-964
-1960
3821
10860682
-7
4
7
-977
-1950
3819
10861707
-12
-1
3
-1002
-1956
3813
10862732
-12
-13
-6
-985
-1941
3813
10863757
-18
-21
-7
-962
-1985
3802
10864782
-4
-21
-1
-956
-1978
3815
10865807
