Device = VHR-0009
time_stamp = 1777440641440
sample_rate = 50
Data format = INT16
TYPE = 6-AXIS IMU RAW DATA
-18
-31
1
185
-2182
3685
14386304
-25
-27
6
200
-2251
3666
14387329
8
-23
1
186
-2146
3680
14388354
-15
-20
4
197
-2225
3688
14389379
-9
-16
5
163
-2146
3699
14390404
-42
-13
9
172
-2245
3647
14391429
-14
-12
9
178
-2262
3629
14392454
21
-5
17
162
-2236
3673
14393479
21
4
24
172
-2155
3746
14394504
-26
5
44
178
-2246
3720
14395529
-15
-3
26
134
-2209
3621
14396554
13
2
18
164
-2197
3657
14397579
23
1
12
151
-2193
3690
14398604
15
-5
13
157
-2195
3680
14399629
9
-6
10
142
-2182
3660
14400654
17
1
6
158
-2210
3688
14401679
24
-1
3
142
-2125
3746
14394624
-26
-15
4
132
-2115
3645
14395649
-46
-22
-3
142
-2190
3607
14396674
-18
-29
-18
171
-2230
3632
14397699
6
-22
-28
188
-2179
3718
14398724
-23
-11
-19
174
-2220
3718
14399749
-27
-8
-14
178
-2250
3632
14400774
13
-4
-14
197
-2248
3650
14401799
50
-3
-15
207
-2176
3676
14402824
45
11
-12
202
-2161
3734
14403849
19
43
-4
177
-2109
3785
14404874
-47
22
-2
133
-2141
3570
14405899
-23
25
-9
122
-2261
3624
14406924
5
20
-33
132
-2133
3711
14407949
-33
-3
-40
148
-2172
3631
14408974
-39
-17
-38
114
-2156
3594
14409999
-28
-31
-31
168
-2176
3692
14402688
-49
-25
-19
218
-2220
3748
14403713
-76
-6
9
204
-2343
3742
14404738
-37
13
26
220
-2285
3716
14405763
-26
26
34
154
-2198
3628
14406788
-24
20
32
132
-2200
3604
14407813
-2
4
17
144
-2186
3616
14408838
7
-13
4
143
-2177
3644
14409863
-4
-21
-3
159
-2234
3676
14410888
-3
-20
-5
164
-2221
3685
14411913
-9
-14
-3
173
-2222
3670
14412938
-12
-7
3
174
-2228
3663
14413963
-13
-4
6
175
-2230
3660
14414988
-2
-4
9
192
-2216
3654
14416013
3
-3
12
183
-2230
3651
14417038
15
-7
14
163
-2177
3661
14418063
8
-10
16
152
-2195
3662
14410880
2
-7
10
158
-2190
3683
14411905
-23
-8
8
169
-2221
3671
14412930
-31
-7
7
152
-2210
3667
14413955
-36
-5
6
154
-2211
3669
14414980
-49
-3
7
169
-2247
3659
14416005
-39
-1
9
184
-2243
3645
14417030
-25
-1
9
167
-2241
3619
14418055
-3
-8
10
171
-2256
3625
14419080
12
-12
10
190
-2274
3643
14420105
33
-9
9
196
-2262
3677
14421130
41
-2
13
182
-2223
3680
14422155
29
1
14
177
-2220
3660
14423180
21
3
13
181
-2188
3670
14424205
6
4
17
170
-2178
3677
14425230
-13
1
15
157
-2184
3663
14426255
-25
2
15
144
-2225
3646
14419071
-9
2
12
125
-2228
3642
14420096
0
-2
6
114
-2202
3651
14421121
-9
-7
1
122
-2210
3653
14422146
-12
-10
-5
123
-2236
3648
14423171
1
-10
-7
148
-2221
3674
14424196
-10
-11
-5
173
-2242
3668
14425221
-13
-8
-2
183
-2245
3666
14426246
-10
-1
0
187
-2234
3649
14427271
-1
2
1
192
-2242
3652
14428296
12
0
2
186
-2221
3647
14429321
11
0
2
175
-2219
3644
14430346
13
-1
3
178
-2239
3657
14431371
19
2
3
201
-2228
3678
14432396
7
6
4
200
-2251
3672
14433421
11
10
6
183
-2213
3677
14434446
12
14
9
186
-2197
3660
14427264
8
12
7
168
-2225
3633
14428289
8
10
3
177
-2215
3693
14429314
-12
14
2
167
-2200
3703
14430339
-38
18
3
155
-2237
3655
14431364
-30
24
5
161
-2285
3639
14432389
2
29
4
159
-2239
3653
14433414
16
29
5
154
-2225
3659
14434439
24
25
11
142
-2227
3656
14435464
29
20
15
124
-2204
3654
14436489
29
18
15
107
-2218
3636
14437514
43
15
7
110
-2198
3657
14438539
32
12
9
70
-2185
3680
14439564
14
0
1
95
-2174
3652
14440589
3
-5
-5
83
-2191
3658
14441614
7
-7
-7
96
-2180
3675
14442639
-3
-11
-10
101
-2175
3656
14435456
-5
-16
-12
104
-2193
3650
14436481
7
-18
-13
117
-2165
3693
14437506
-10
-21
-12
108
-2153
3687
14438531
-37
-26
-12
120
-2198
3664
14439556
-38
-29
-16
133
-2190
3661
14440581
-38
-28
-18
155
-2210
3670
14441606
-36
-27
-16
171
-2213
3675
14442631
-49
-21
-9
187
-2223
3666
14443656
-53
-20
-6
193
-2235
3646
14444681
-40
-20
-4
191
-2240
3645
14445706
-31
-23
-5
197
-2243
3646
14446731
-27
-22
-4
201
-2264
3657
14447756
-16
-16
1
217
-2251
3667
14448781
-17
-7
10
214
-2291
3659
14449806
3
1
16
198
-2242
3679
14450831
-5
4
23
190
-2230
3650
14443647
-8
9
24
171
-2277
3634
14444672
9
9
16
163
-2227
3655
14445697
-4
6
13
156
-2240
3648
14446722
1
8
15
159
-2278
3647
14447747
17
13
20
172
-2268
3653
14448772
26
15
21
151
-2269
3641
14449797
44
14
24
142
-2224
3636
14450822
50
14
26
123
-2218
3660
14451847
50
8
22
114
-2207
3660
14452872
45
2
16
112
-2182
3665
14453897
29
-1
8
117
-2189
3666
14454922
17
-3
4
127
-2196
3669
14455947
8
-5
1
132
-2193
3668
14456972
0
-7
-2
129
-2190
3659
14457997
-2
-8
-3
134
-2216
3657
14459022
14
-13
-8
131
-2197
3672
14451840
12
-17
-6
155
-2205
3675
14452865
7
-11
-4
154
-2209
3657
14453890
21
-8
-4
156
-2230
3665
14454915
47
-12
-8
160
-2206
3679
14455940
34
-9
-8
170
-2201
3703
14456965
17
1
0
159
-2243
3671
14457990
55
-7
-5
148
-2287
3570
14459015
147
17
-5
195
-2227
3780
14460040
119
36
4
159
-2003
3790
14461065
-13
27
9
119
-2260
3593
14462090
54
53
17
170
-2216
3759
14463115
51
75
8
177
-2001
3777
14464140
-57
75
17
159
-2170
3694
14465165
-42
68
11
157
-2170
3673
14466190
-39
47
1
96
-2067
3610
14467215
-83
19
2
99
-2147
3632
14460032
-71
3
-5
85
-2199
3669
14461057
-50
-10
-10
82
-2233
3665
14462082
-43
-21
-13
77
-2239
3628
14463107
-19
-20
-7
107
-2286
3671
14464132
26
-15
-11
145
-2313
3696
14465157
82
0
1
176
-2266
3752
14466182
76
20
19
159
-2094
3764
14467207
1
22
33
114
-2110
3651
14468232
-4
14
31
100
-2149
3633
14469257
17
5
17
95
-2125
3662
14470282
-12
-5
2
62
-2121
3638
14471307
-27
-19
-9
84
-2233
3679
14472332
5
-15
-15
132
-2187
3784
14473357
-40
-2
-2
136
-2202
3749
14474382
-58
5
10
118
-2248
3637
14475407
0
1
12
115
-2234
3614
14468223
49
0
16
121
-2176
3667
14469248
43
-6
16
83
-2128
3670
14470273
27
-15
10
83
-2149
3674
14471298
20
-21
-5
101
-2131
3739
14472323
-17
-22
-10
134
-2166
3732
14473348
-44
-14
-5
140
-2189
3691
14474373
-40
-10
-3
128
-2198
3650
14475398
-19
-10
-1
142
-2207
3671
14476423
-18
-6
5
128
-2181
3677
14477448
-34
-3
10
103
-2230
3676
14478473
-45
-9
29
64
-2163
3827
14479498
-133
-57
6
42
-2245
3719
14480523
-82
-36
15
384
-2508
3915
14481548
166
44
212
564
-2256
3982
14482573
40
96
193
-263
-2124
3360
14483598
-39
16
126
9
-2473
2958
14476416
271
-9
52
56
-2149
3353
14477441
274
-19
11
72
-1837
3988
14478466
-17
-14
20
105
-2100
4041
14479491
-47
6
6
47
-2145
3707
14480516
36
42
17
61
-1973
3680
14481541
-19
53
11
52
-2051
3626
14482566
-67
19
-27
87
-2127
3620
14483591
-60
-16
-51
80
-2054
3700
14484616
-87
-23
-60
74
-2141
3781
14485641
-112
-25
-58
82
-2279
3756
14486666
-106
-26
-48
83
-2330
3665
14487691
-68
-25
-36
110
-2298
3659
14488716
-18
-16
-23
151
-2247
3702
14489741
1
-1
-7
112
-2219
3703
14490766
-5
0
5
72
-2195
3655
14491791
-1
-11
3
73
-2153
3648
14484608
8
-17
2
110
-2176
3675
14485633
7
-15
-5
106
-2184
3683
14486658
-1
-15
-8
108
-2165
3696
14487683
-21
-15
-12
109
-2173
3699
14488708
-41
-16
-10
120
-2216
3683
14489733
-38
-12
-9
132
-2245
3677
14490758
-25
-7
-4
129
-2235
3664
14491783
-14
-3
0
116
-2232
3673
14492808
-6
-4
3
118
-2190
3660
14493833
-9
-5
8
108
-2238
3647
14494858
9
-7
4
106
-2224
3666
14495883
18
-8
1
116
-2190
3689
14496908
4
-7
2
116
-2207
3692
14497933
-8
-5
4
124
-2207
3679
14498958
-16
-2
4
120
-2210
3667
14499983
-11
-2
9
116
-2229
3680
14492801
-1
-2
9
105
-2194
3673
14493826
-8
-2
6
113
-2229
3645
14494851
0
-4
1
100
-2210
3659
14495876
-1
-9
-3
100
-2216
3674
14496901
1
-9
0
124
-2223
3705
14497926
-5
-3
5
127
-2248
3676
14498951
12
1
9
115
-2231
3651
14499976
29
-2
11
105
-2194
3658
14501001
26
-4
13
98
-2188
3665
14502026
19
-4
12
101
-2175
3680
14503051
12
-5
7
95
-2186
3685
14504076
0
-6
2
104
-2190
3682
14505101
-13
-6
-2
118
-2214
3687
14506126
-13
-6
-2
129
-2213
3683
14507151
-14
-4
1
122
-2219
3678
14508176
-8
-3
5
108
-2199
3667
14500993
-4
-3
8
101
-2202
3654
14502018
6
-5
6
97
-2211
3655
14503043
14
-7
3
104
-2203
3682
14504068
9
-6
2
116
-2190
3709
14505093
-13
-3
4
116
-2197
3683
14506118
-18
-4
3
112
-2208
3653
14507143
-7
-7
-1
122
-2202
3658
14508168
-6
-7
0
127
-2222
3686
14509193
-9
-5
3
117
-2215
3682
14510218
-12
-3
6
109
-2233
3672
14511243
-1
-5
5
111
-2225
3657
14512268
9
-3
5
122
-2224
3685
14513293
10
1
5
118
-2192
3688
14514318
-7
-1
4
109
-2193
3672
14515343
-11
-3
4
118
-2220
3665
14516368
-7
-1
2
122
-2213
3667
14509183
-5
-3
5
119
-2221
3678
14510208
0
-1
9
110
-2202
3685
14511233
-7
1
9
99
-2220
3653
14512258
5
0
2
100
-2223
3665
14513283
10
-5
-4
111
-2185
3682
14514308
-13
-8
0
108
-2211
3673
14515333
-14
-4
3
121
-2240
3654
14516358
7
2
4
126
-2233
3660
14517383
14
2
6
121
-2202
3676
14518408
2
5
5
105
-2189
3715
14519433
15
-1
2
101
-2230
3674
14520458
-13
-18
13
62
-2227
3738
14521483
-64
-21
5
90
-2282
3653
14522508
84
7
11
297
-2209
3706
14523533
115
36
110
120
-2263
3769
14524558
-49
15
69
-41
-2253
3506
14517376
59
-16
16
70
-2109
3441
14518401
158
-22
-22
83
-2052
3695
14519426
51
-22
-9
151
-2177
3906
14520451
-15
24
10
153
-2108
3798
14521476
-51
61
39
21
-2145
3608
14522501
-58
43
22
16
-2198
3549
14523526
-22
5
-9
93
-2143
3618
14524551
-7
-20
-31
102
-2181
3677
14525576
-15
-33
-29
95
-2238
3736
14526601
-31
-33
-25
84
-2225
3716
14527626
-32
-25
-19
90
-2230
3689
14528651
-15
-12
-14
133
-2221
3702
14529676
-14
-9
-5
126
-2250
3689
14530701
2
-4
0
120
-2173
3679
14531726
-14
-4
-1
97
-2149
3675
14532751
-33
-9
-5
104
-2179
3653
14525568
-33
-18
-7
118
-2236
3656
14526593
-11
-12
-6
129
-2226
3698
14527618
-8
-8
-2
118
-2240
3684
14528643
2
-3
2
119
-2217
3687
14529668
-2
-4
9
101
-2182
3663
14530693
-6
-6
15
91
-2205
3682
14531718
1
-6
10
92
-2169
3675
14532743
-15
-12
2
99
-2228
3650
14533768
-10
-15
-6
121
-2182
3678
14534793
-23
-17
-6
124
-2215
3665
14535818
-11
-13
0
142
-2284
3680
14536843
19
-5
4
141
-2220
3681
14537868
18
2
13
133
-2228
3672
14538893
22
4
14
119
-2160
3673
14539918
4
2
13
105
-2181
3675
14540943
-4
-1
4
101
-2159
3663
14533778
-18
-6
0
107
-2191
3666
14534803
-22
-7
-3
113
-2223
3684
14535828
-20
-5
-3
125
-2244
3685
14536853
-14
-1
0
122
-2240
3661
14537878
-4
2
8
109
-2239
3663
14538903
11
1
10
105
-2208
3672
14539928
18
1
10
106
-2205
3665
14540953
21
-1
7
98
-2186
3658
14541978
11
-4
4
96
-2165
3664
14543003
-2
-7
2
103
-2188
3689
14544028
-11
-9
-1
117
-2190
3681
14545053
-21
-8
-2
113
-2200
3664
14546078
-23
-6
0
123
-2219
3671
14547103
-19
-6
0
125
-2224
3678
14548128
-18
-7
3
113
-2228
3671
14549153
-9
-7
5
117
-2223
3652
14541952
8
-6
5
111
-2215
3650
14542977
17
-6
6
122
-2201
3681
14544002
7
-6
6
128
-2204
3685
14545027
0
-4
5
120
-2199
3678
14546052
-8
-1
4
127
-2203
3681
14547077
-12
-2
3
126
-2229
3660
14548102
-5
0
3
125
-2230
3659
14549127
1
1
7
112
-2223
3676
14550152
0
1
11
98
-2196
3678
14551177
1
0
8
90
-2196
3633
14552202
8
-3
1
102
-2227
3659
14553227
10
-8
-5
105
-2189
3698
14554252
-12
-11
-2
124
-2213
3692
14555277
-17
-3
3
128
-2258
3666
14556302
5
4
5
127
-2241
3679
14557327
20
4
9
130
-2190
3672
14550145
16
2
14
109
-2185
3655
14551170
11
0
12
99
-2159
3669
14552195
-2
-1
8
86
-2175
3674
14553220
-13
-3
0
94
-2202
3686
14554245
-22
-7
-3
108
-2210
3684
14555270
-32
-7
-2
115
-2233
3663
14556295
-23
-4
1
122
-2246
3649
14557320
-16
1
9
109
-2239
3642
14558345
-15
11
17
112
-2212
3782
14559370
-50
-9
32
74
-2284
3699
14560395
-24
-13
3
53
-2310
3590
14561420
98
21
29
329
-2244
3898
14562445
91
39
141
179
-2095
3829
14563470
-110
25
102
-84
-2260
3398
14564495
10
11
45
77
-2279
3406
14565520
143
-3
-3
13
-2004
3585
14558336
39
-52
-37
23
-2150
3607
14559361
37
-56
-65
98
-2258
3740
14560386
65
4
-67
163
-2104
3965
14561411
-66
44
-42
198
-2117
3815
14562436
-124
65
13
119
-2241
3589
14563461
-97
52
15
32
-2251
3536
14564486
-48
14
-17
88
-2197
3615
14565511
-29
-13
-29
85
-2203
3677
14566536
-33
-30
-23
32
-2254
3658
14567561
-28
-47
-17
63
-2303
3625
14568586
18
-47
-14
85
-2329
3630
14569611
74
-31
-9
119
-2287
3752
14570636
72
-7
9
160
-2153
3834
14571661
-11
8
24
106
-2183
3684
14572686
-22
11
11
89
-2170
3615
14573711
-20
-3
-5
103
-2107
3610
14566528
-44
-22
-10
104
-2226
3633
14567553
-24
-23
-12
144
-2246
3702
14568578
-26
-11
-6
127
-2268
3720
14569603
-20
-5
-1
104
-2300
3663
14570628
16
-4
4
100
-2193
3661
14571653
-8
-3
16
89
-2201
3656
14572678
-19
-6
14
78
-2203
3622
14573703
-14
-15
7
87
-2242
3629
14574728
8
-22
-5
101
-2235
3643
14575753
19
-24
-11
125
-2289
3653
14576778
48
-9
-2
174
-2244
3733
14577803
26
6
12
140
-2215
3708
14578828
22
11
20
142
-2170
3685
14579853
7
13
23
141
-2147
3664
14580878
-21
11
17
107
-2158
3655
14581903
-38
5
2
108
-2161
3665
14574720
-54
3
1
88
-2216
3670
14575745
-61
-2
8
70
-2221
3682
14576770
-65
-5
16
88
-2245
3677
14577795
-63
-2
8
78
-2256
3619
14578820
-56
1
-6
85
-2307
3613
14579845
-39
-4
-14
55
-2315
3631
14580870
-14
-10
-8
62
-2318
3669
14581895
16
-15
1
55
-2277
3620
14582920
44
-20
1
78
-2278
3604
14583945
71
-26
-6
130
-2240
3625
14584970
74
-30
-14
134
-2254
3662
14585995
81
-24
-14
147
-2177
3719
14587020
41
-18
-9
152
-2213
3690
14588045
24
-10
-12
197
-2253
3686
14589070
26
0
-10
170
-2201
3675
14590095
25
4
-1
132
-2205
3645
14582912
41
5
2
122
-2214
3670
14583937
37
-2
-2
129
-2172
3681
14584962
25
-3
0
115
-2157
3685
14585987
15
-1
2
102
-2134
3679
14587012
-12
-3
3
93
-2164
3668
14588037
-25
-9
0
98
-2155
3667
14589062
-30
-13
-1
101
-2162
3677
14590087
-42
-13
-1
91
-2176
3676
14591112
-56
-14
0
98
-2224
3659
14592137
-47
-15
-2
115
-2238
3668
14593162
-36
-12
-2
140
-2269
3665
14594187
-20
-7
-1
162
-2264
3662
14595212
-6
-4
3
156
-2242
3657
14596237
10
1
4
146
-2205
3669
14597262
2
0
7
132
-2212
3677
14598287
-14
0
4
122
-2161
3681
14591104
-42
-3
0
130
-2201
3660
14592129
-48
-1
-5
163
-2252
3671
14593154
-43
5
-8
173
-2250
3687
14594179
-44
16
-5
154
-2286
3676
14595204
-43
24
2
132
-2255
3663
14596229
-47
25
11
114
-2285
3633
14597254
-25
22
11
101
-2289
3615
14598279
5
18
10
95
-2277
3622
14599304
25
13
10
81
-2271
3638
14600329
40
9
10
67
-2226
3658
14601354
38
-3
7
48
-2208
3617
14602379
43
-10
4
77
-2208
3662
14603404
27
-10
0
70
-2156
3688
14604429
-10
-13
-1
71
-2167
3672
14605454
-33
-20
-4
83
-2216
3638
14606479
-34
-26
-8
97
-2222
3634
14599295
-33
-29
-10
111
-2238
3664
14600320
-36
-30
-6
99
-2270
3713
14601345
-38
-39
-6
120
-2247
3706
14602370
-33
-41
-16
172
-2262
3692
14603395
-2
-8
-6
230
-2192
3725
14604420
-36
-17
70
202
-2219
3599
14605445
-90
-4
36
53
-2301
3537
14606470
-15
-26
-2
158
-2250
3531
14607495
46
-26
-15
148
-2182
3610
14608520
19
-21
-11
174
-2298
3692
14609545
21
2
-11
169
-2232
3752
14610570
-13
23
-6
150
-2172
3676
14611595
-56
39
0
161
-2203
3619
14612620
-73
41
13
104
-2272
3576
14613645
-52
20
-7
82
-2289
3598
14614670
-30
2
-19
134
-2271
3645
14607489
-29
-5
-11
117
-2335
3661
14608514
-14
-9
-3
128
-2371
3648
14609539
19
-3
6
117
-2358
3612
14610564
62
3
12
133
-2265
3660
14611589
48
5
19
121
-2255
3640
14612614
49
4
13
116
-2233
3633
14613639
48
0
9
122
-2191
3651
14614664
16
-4
7
129
-2216
3667
14615689
-7
-9
1
131
-2203
3664
14616714
-22
-10
-1
117
-2243
3624
14617739
-6
-7
-2
123
-2301
3651
14618764
14
-4
-2
117
-2223
3668
14619789
-4
-3
6
114
-2272
3649
14620814
7
-5
7
110
-2242
3635
14621839
7
-9
6
114
-2224
3644
14622864
2
-12
3
127
-2235
3624
14615681
16
-12
1
141
-2256
3669
14616706
16
-13
5
138
-2206
3677
14617731
-6
-11
6
119
-2234
3654
14618756
0
-7
5
121
-2221
3645
14619781
-11
-7
2
133
-2230
3660
14620806
-27
-9
-2
139
-2231
3645
14621831
-30
-11
-6
140
-2271
3653
14622856
-22
-8
-4
154
-2277
3659
14623881
-23
-5
4
143
-2311
3638
14624906
1
-4
8
137
-2259
3638
14625931
10
-4
14
123
-2252
3632
14626956
18
-7
11
113
-2251
3623
14627981
27
-10
6
123
-2260
3651
14629006
23
-8
5
124
-2228
3675
14630031
-5
-4
6
129
-2229
3652
14631056
-17
-2
7
144
-2244
3634
14623873
-12
-2
7
138
-2275
3640
14624898
-2
-4
6
122
-2274
3639
14625923
7
-3
10
131
-2284
3671
14626948
11
1
12
113
-2251
3649
14627973
12
1
11
110
-2258
3641
14628998
21
-2
6
113
-2218
3650
14630023
8
-1
7
124
-2232
3650
14631048
4
-3
4
123
-2231
3654
14632073
0
-5
3
126
-2247
3655
14633098
0
-5
3
127
-2240
3657
14634123
-5
-5
0
130
-2247
3649
14635148
-3
-7
1
131
-2270
3643
14636173
10
-6
0
131
-2246
3650
14637198
8
-3
1
136
-2241
3661
14638223
6
-1
2
127
-2217
3653
14639248
-2
-3
2
131
-2234
3636
14632065
1
-5
-1
128
-2241
3647
14633090
4
-5
-2
143
-2234
3655
14634115
-2
-3
2
149
-2248
3663
14635140
-6
1
10
134
-2248
3668
14636165
-11
5
15
125
-2218
3664
14637190
-13
10
12
112
-2249
3645
14638215
-9
9
6
116
-2239
3643
14639240
-21
1
1
127
-2228
3652
14640265
-28
-4
1
126
-2254
3636
14641290
-17
-3
1
125
-2295
3642
14642315
3
5
0
138
-2289
3662
14643340
11
8
3
137
-2228
3663
14644365
-1
5
12
125
-2225
3633
14645390
-5
0
16
106
-2245
3630
14646415
-5
-7
14
114
-2260
3702
14647440
-27
-14
24
77
-2304
3704
14640256
-25
-23
-19
135
-2210
3718
14641281
0
-32
49
289
-2308
3626
14642306
-27
10
77
-29
-2353
3611
14643331
16
-16
32
99
-2216
3469
14644356
101
-17
10
72
-2125
3574
14645381
66
-32
-5
90
-2232
3650
14646406
47
-28
-23
135
-2245
3719
14647431
20
-8
-33
138
-2132
3727
14648456
-35
23
-28
147
-2147
3708
14649481
-78
38
-15
171
-2211
3668
14650506
-89
32
-3
126
-2305
3586
14651531
-50
15
-5
100
-2335
3597
14652556
1
4
-10
117
-2268
3647
14653581
10
-7
-5
92
-2309
3642
14654606
30
-12
-1
119
-2301
3641
14655631
57
-12
2
123
-2236
3654
14648447
46
-12
4
127
-2233
3659
14649472
35
-6
6
140
-2184
3690
14650497
2
-7
5
132
-2181
3657
14651522
-19
-9
2
148
-2211
3653
14652547
-30
-8
-1
135
-2225
3661
14653572
-35
-8
-2
138
-2261
3651
14654597
-24
-7
-1
130
-2293
3622
14655622
0
-3
0
122
-2294
3666
14656647
12
-1
6
117
-2204
3670
14657672
-15
-2
12
91
-2259
3612
14658697
0
-7
5
97
-2246
3623
14659722
5
-16
-4
121
-2223
3643
14660747
2
-20
-6
148
-2258
3665
14661772
-3
-13
-2
152
-2277
3658
14662797
2
-3
2
143
-2283
3656
14663822
18
4
10
143
-2224
3681
14656640
2
4
17
116
-2198
3640
14657665
-7
0
16
102
-2240
3629
14658690
5
-2
2
110
-2196
3647
14659715
-19
-10
-3
118
-2229
3644
14660740
-30
-14
-4
130
-2277
3651
14661765
-20
-13
-4
145
-2274
3648
14662790
-8
-10
0
137
-2307
3633
14663815
22
-4
2
136
-2282
3661
14664840
35
-1
5
127
-2220
3655
14665865
26
-2
9
116
-2233
3641
14666890
24
-7
7
105
-2198
3632
14667915
15
-8
4
123
-2203
3655
14668940
2
-9
-1
129
-2216
3663
14669965
-11
-8
-4
130
-2230
3669
14670990
-24
-8
-5
136
-2229
3655
14672015
-32
-6
-2
139
-2264
3646
14664832
-23
-6
-2
134
-2246
3636
14665857
-16
-9
-1
138
-2268
3637
14666882
-3
-9
0
141
-2262
3646
14667907
8
-8
2
140
-2252
3645
14668932
16
-7
4
147
-2255
3648
14669957
18
-2
4
150
-2237
3659
14670982
8
-1
6
153
-2223
3666
14672007
-9
-1
8
151
-2229
3654
14673032
-16
-1
6
148
-2242
3642
14674057
-14
-2
3
151
-2265
3637
14675082
-3
2
3
150
-2270
3645
14676107
2
4
8
134
-2249
3653
14677132
6
3
13
114
-2229
3627
14678157
10
0
9
112
-2247
3630
14679182
11
-4
-1
122
-2232
3648
14680207
0
-8
-7
130
-2234
3665
14673024
-9
-6
-3
149
-2266
3654
14674049
-5
0
2
153
-2267
3652
14675074
8
7
9
149
-2259
3659
14676099
22
6
15
128
-2216
3639
14677124
17
0
15
125
-2213
3643
14678149
8
-2
7
116
-2203
3666
14679174
-14
-4
1
114
-2206
3673
14680199
-37
-5
-4
123
-2232
3664
14681224
-41
-7
-5
136
-2250
3642
14682249
-32
-7
0
143
-2302
3624
14683274
-2
-7
0
127
-2277
3633
14684299
15
-4
1
139
-2255
3664
14685324
11
-2
5
112
-2211
3661
14686349
-5
-4
9
125
-2262
3653
14687374
-2
-13
7
106
-2236
3719
14688399
-45
-27
8
174
-2239
3750
14681216
-44
-37
32
232
-2178
3593
14682241
-60
-11
80
72
-2345
3667
14683266
-33
-18
48
105
-2414
3467
14684291
115
-10
18
105
-2224
3546
14685316
126
-13
-1
107
-2193
3633
14686341
88
-20
-23
130
-2171
3680
14687366
57
-4
-32
177
-2205
3754
14688391
5
28
-28
176
-2083
3788
14689416
-97
40
-14
160
-2086
3658
14690441
-136
47
0
136
-2186
3549
14691466
-106
41
4
96
-2334
3577
14692491
-46
12
-12
116
-2361
3615
14693516
3
-5
-8
112
-2353
3643
14694541
31
-10
0
101
-2342
3640
14695566
57
-13
7
108
-2285
3650
14696591
75
-11
11
115
-2234
3662
14689408
65
-10
11
125
-2204
3662
14690433
38
-12
3
122
-2180
3660
14691458
11
-16
-5
140
-2168
3677
14692483
-22
-15
-7
148
-2241
3663
14693508
-22
-5
-6
167
-2254
3692
14694533
-29
2
4
162
-2239
3669
14695558
-28
6
11
126
-2269
3640
14696583
-2
1
12
116
-2196
3615
14697608
-7
-5
11
98
-2254
3619
14698633
6
-5
4
115
-2218
3661
14699658
-7
-4
2
113
-2245
3659
14700683
-9
-6
2
124
-2265
3647
14701708
-3
-11
-1
130
-2282
3628
14702733
19
-10
1
149
-2265
3652
14703758
22
-10
5
135
-2246
3659
14704783
18
-8
8
147
-2228
3661
14697600
11
-5
10
144
-2221
3646
14698625
4
1
11
146
-2214
3667
14699650
-11
5
11
140
-2214
3671
14700675
-23
3
12
132
-2237
3635
14701700
-14
-3
11
115
-2231
3625
14702725
-5
-11
7
118
-2251
3634
14703750
2
-13
-3
147
-2261
3646
14704775
-4
-10
-5
147
-2288
3645
14705800
10
-4
1
128
-2260
3668
14706825
16
-3
6
104
-2214
3638
14707850
11
-5
9
112
-2263
3635
14708875
25
-2
7
120
-2197
3668
14709900
4
-3
2
108
-2200
3654
14710925
-12
-9
1
124
-2264
3656
14711950
-6
-8
-3
140
-2241
3666
14712975
-5
-5
-2
155
-2254
3663
14705792
-3
0
1
144
-2226
3656
14706817
-12
-4
3
123
-2229
3642
14707842
-7
-9
2
120
-2214
3637
14708867
-1
-11
-1
105
-2226
3644
14709892
3
-13
-7
125
-2233
3655
14710917
-4
-18
-10
141
-2246
3652
14711942
-3
-17
-9
147
-2257
3640
14712967
6
-16
-4
162
-2271
3669
14713992
14
-9
4
168
-2250
3683
14715017
5
1
8
155
-2224
3666
14716042
-3
3
12
160
-2203
3651
14717067
-8
2
11
137
-2188
3646
14718092
-19
-2
6
125
-2207
3640
14719117
-34
-7
-2
119
-2251
3644
14720142
-30
-6
-6
134
-2257
3663
14721167
-30
-4
-3
133
-2267
3653
14713984
-30
-3
3
145
-2300
3637
14715009
-7
0
8
141
-2281
3624
14716034
18
-2
9
136
-2261
3627
14717059
33
-5
9
141
-2240
3643
14718084
30
-3
9
147
-2223
3663
14719109
16
4
7
148
-2198
3681
14720134
-12
8
7
143
-2213
3657
14721159
-30
6
6
144
-2226
3656
14722184
-45
5
5
131
-2260
3628
14723209
-40
8
8
125
-2277
3628
14724234
-31
7
13
113
-2282
3649
14725259
-25
9
20
120
-2314
3713
14726284
-11
1
14
111
-2293
3718
14727309
-24
-34
30
125
-2318
3614
14728334
23
-9
65
313
-2231
3728
14729359
9
11
127
26
-2256
3653
14722177
-13
-2
86
92
-2387
3404
14723202
152
7
50
86
-2226
3523
14724227
158
-6
12
66
-2073
3618
14725252
61
-6
-17
117
-2176
3713
14726277
44
12
-32
103
-2127
3756
14727302
-8
21
-42
101
-2076
3759
14728327
-87
19
-42
154
-2122
3698
14729352
-137
25
-27
145
-2222
3623
14730377
-137
19
-16
95
-2364
3610
14731402
-79
4
-30
104
-2309
3605
14732427
-34
-7
-22
114
-2338
3620
14733452
6
-15
-11
116
-2353
3622
14734477
47
-19
1
135
-2289
3653
14735502
52
-20
8
102
-2244
3635
14736527
57
-18
9
108
-2240
3660
14737552
49
-17
4
119
-2194
3678
14730369
10
-18
-1
111
-2207
3666
14731394
-12
-20
-8
144
-2173
3665
14732419
-47
-17
-8
146
-2238
3639
14733444
-46
-15
-8
149
-2276
3656
14734469
-37
-16
-6
139
-2243
3639
14735494
-38
-13
-1
136
-2296
3633
14736519
-5
-3
2
141
-2291
3653
14737544
0
1
7
123
-2264
3639
14738569
-2
-3
8
112
-2256
3617
14739594
11
-9
3
118
-2237
3621
14740619
18
-12
2
134
-2241
3642
14741644
8
-12
0
135
-2264
3656
14742669
11
-11
-2
139
-2245
3659
14743694
5
-10
0
141
-2263
3661
14744719
5
-4
2
147
-2223
3656
14745744
-12
-1
6
146
-2249
3646
14738559
-8
-1
4
143
-2232
3639
14739584
-10
-2
4
134
-2248
3649
14740609
-6
-5
3
127
-2234
3642
14741634
-14
-8
5
140
-2280
3641
14742659
1
-6
5
145
-2284
3650
14743684
11
-1
6
150
-2256
3661
14744709
6
3
10
128
-2252
3660
14745734
-5
0
12
113
-2198
3639
14746759
-15
-2
9
106
-2250
3614
14747784
-6
-8
-3
114
-2233
3644
14748809
-20
-15
-8
145
-2268
3650
14749834
-20
-13
-5
150
-2301
3644
14750859
-1
-4
0
159
-2302
3654
14751884
17
5
9
165
-2258
3661
14752909
15
4
14
146
-2238
3622
14753934
20
2
13
134
-2204
3622
14746979
16
-5
8
100
-2199
3637
14748004
3
-9
3
106
-2233
3653
14749029
-12
-8
0
134
-2258
3678
14750054
-19
-4
2
145
-2262
3679
14751079
-23
0
4
143
-2255
3642
14752104
-19
-1
6
133
-2274
3606
14753129
5
-8
4
129
-2254
3614
14754154
20
-13
3
132
-2260
3643
14755179
22
-12
2
133
-2235
3660
14756204
8
-8
4
140
-2248
3662
14757229
4
-2
5
138
-2242
3658
14758254
0
4
3
140
-2219
3657
14759279
-17
1
2
124
-2225
3629
14760304
-22
-5
0
139
-2270
3640
14761329
-14
-4
-1
139
-2270
3656
14762354
-13
-2
-1
133
-2268
3641
14754944
-6
-2
2
131
-2278
3626
14755969
10
-5
3
133
-2268
3621
14756994
18
-7
5
139
-2250
3644
14758019
16
-4
7
133
-2243
3668
14759044
7
-2
5
136
-2222
3657
14760069
-8
-2
2
136
-2240
3648
14761094
-10
-3
1
139
-2255
3646
14762119
-12
0
3
149
-2257
3656
14763144
-13
-3
11
125
-2332
3669
14764169
0
-22
13
116
-2278
3715
14765194
-24
-39
10
159
-2156
3711
14766219
-35
-39
62
209
-2170
3616
14767244
-95
-13
76
32
-2398
3565
14768269
-2
-29
30
126
-2363
3481
14769294
122
-24
12
124
-2302
3561
14770319
139
-21
-7
132
-2241
3683
14763135
104
1
-11
182
-2184
3764
14764160
59
34
-18
169
-2147
3747
14765185
-4
47
-10
163
-2105
3715
14766210
-79
47
-4
152
-2083
3652
14767235
-125
38
1
95
-2185
3575
14768260
-109
13
-19
67
-2307
3571
14769285
-56
-14
-36
106
-2352
3605
14770310
-11
-17
-26
131
-2397
3678
14771335
20
-6
-8
151
-2372
3708
14772360
35
2
9
143
-2308
3653
14773385
47
7
20
137
-2252
3619
14774410
57
3
20
128
-2186
3623
14775435
46
-8
12
123
-2154
3643
14776460
17
-16
-1
132
-2175
3644
14777485
-5
-20
-9
146
-2234
3682
14778510
-22
-14
-11
150
-2241
3688
14771328
-41
-4
-4
159
-2288
3693
14772353
-46
5
7
145
-2284
3651
14773378
-34
8
10
120
-2285
3609
14774403
-8
2
9
116
-2262
3598
14775428
11
-9
4
108
-2268
3600
14776453
34
-16
-2
115
-2265
3627
14777478
47
-12
-4
134
-2266
3671
14778503
39
-8
-3
137
-2245
3686
14779528
22
-5
-1
163
-2243
3662
14780553
20
0
4
164
-2250
3645
14781578
24
1
5
157
-2233
3653
14782603
19
4
4
156
-2223
3662
14783628
5
6
9
147
-2205
3674
14784653
-9
7
12
122
-2204
3662
14785678
-17
8
10
122
-2217
3650
14786703
-31
6
6
124
-2250
3640
14779520
-27
2
6
127
-2241
3658
14780545
-26
4
11
136
-2263
3676
14781570
-23
9
19
143
-2263
3655
14782595
-21
12
25
128
-2252
3630
14783620
-10
10
27
117
-2237
3621
14784645
-5
1
27
101
-2210
3635
14785670
-22
-6
24
84
-2221
3630
14786695
-32
-11
13
91
-2274
3631
14787720
-19
-6
10
118
-2253
3675
14788745
-30
-4
16
106
-2278
3656
14789770
-26
-2
18
95
-2272
3634
14790795
-8
-4
13
81
-2279
3611
14791820
2
-11
7
52
-2217
3632
14792845
-27
-24
3
76
-2256
3617
14793870
-28
-33
-9
97
-2294
3620
14794895
-16
-31
-13
150
-2317
3646
14787712
-2
-23
-9
172
-2299
3649
14788737
6
-15
-4
178
-2297
3648
14789762
17
-10
-2
179
-2250
3650
14790787
4
-9
-2
172
-2255
3639
14791812
-5
-5
-7
159
-2245
3653
14792837
-18
-3
-8
170
-2252
3646
14793862
-23
0
-8
170
-2292
3629
14794887
-16
4
-5
163
-2294
3639
14795912
-8
8
1
156
-2305
3634
14796937
4
10
5
151
-2303
3614
14797962
23
12
7
147
-2296
3626
14798987
41
13
8
128
-2290
3642
14800012
51
13
7
123
-2250
3657
14801037
37
12
13
114
-2234
3653
14802062
32
11
13
98
-2222
3648
14803087
21
9
12
108
-2223
3649
14795904
4
12
11
95
-2240
3652
14796929
-3
7
6
83
-2243
3640
14797954
-2
1
2
92
-2241
3656
14798979
-13
0
3
92
-2249
3646
14800004
-16
-1
2
100
-2268
3616
14801029
0
1
-5
115
-2240
3646
14802054
-4
-1
-14
119
-2224
3648
14803079
-8
2
0
126
-2306
3619
14804104
18
13
-5
121
-2205
3637
14805129
-7
10
7
125
-2279
3657
14806154
-6
9
10
117
-2280
3688
14807179
-16
0
8
109
-2239
3655
14808204
-30
-1
5
137
-2244
3638
14809229
-29
3
5
128
-2257
3638
14810254
-30
1
12
138
-2301
3647
14811279
-19
-10
19
95
-2270
3669
14804096
-1
-28
13
121
-2360
3639
14805121
18
-27
21
146
-2358
3667
14806146
70
11
26
284
-2201
3892
14807171
49
37
96
74
-2138
3683
14808196
-57
14
54
-12
-2390
3273
14809221
109
-8
21
94
-2298
3402
14810246
152
-36
3
47
-2161
3583
14811271
79
-50
-18
95
-2206
3747
14812296
37
-22
-20
129
-2204
3821
14813321
-11
19
-23
131
-2066
3805
14814346
-96
39
-21
146
-2082
3670
14815371
-114
41
-11
127
-2167
3567
14816396
-125
15
-19
50
-2266
3514
14817421
-104
-20
-31
80
-2388
3549
14818446
-4
-26
-34
93
-2363
3650
14819471
33
-27
-20
102
-2361
3705
14812288
40
-22
1
107
-2342
3679
14813313
55
-16
9
104
-2265
3636
14814338
70
-13
8
128
-2213
3631
14815363
52
-18
6
132
-2202
3633
14816388
27
-22
-3
152
-2178
3679
14817413
1
-16
-5
162
-2219
3690
14818438
-19
-7
-5
152
-2256
3669
14819463
-24
-3
-2
157
-2248
3654
14820488
-20
1
2
142
-2247
3635
14821513
-10
6
3
117
-2240
3652
14822538
-11
5
3
111
-2249
3652
14823563
-12
-1
5
102
-2271
3631
14824588
-3
-4
7
109
-2241
3638
14825613
-7
-6
6
100
-2243
3634
14826638
-4
-8
0
112
-2271
3636
14827663
6
-11
-3
127
-2254
3647
14820480
11
-9
1
133
-2278
3650
14821505
21
-4
6
133
-2226
3668
14822530
4
0
10
117
-2209
3654
14823555
-11
-5
5
117
-2223
3636
14824580
-12
-13
-2
117
-2215
3626
14825605
-15
-16
-3
118
-2255
3632
14826630
-4
-11
-3
144
-2260
3692
14827655
-19
-7
1
131
-2250
3667
14828680
-27
-4
5
130
-2279
3645
14829705
-8
-3
6
131
-2222
3627
14830730
-7
-5
7
137
-2268
3629
14831755
11
-4
6
135
-2236
3647
14832780
4
0
9
128
-2255
3673
14833805
-5
3
10
115
-2206
3665
14834830
-30
2
10
124
-2257
3641
14835855
-28
-2
5
121
-2269
3621
14828672
-19
-5
4
115
-2251
3648
14829697
-15
-5
5
113
-2259
3632
14830722
-4
-4
6
109
-2303
3637
14831747
8
-7
3
123
-2258
3648
14832772
3
-10
4
139
-2259
3648
14833797
2
-5
7
141
-2272
3649
14834822
6
0
9
140
-2254
3649
14835847
4
1
7
139
-2251
3647
14836872
1
-1
8
133
-2231
3638
14837897
-5
-2
10
113
-2240
3634
14838922
-2
-3
6
102
-2250
3640
14839947
-3
-3
3
107
-2261
3650
14840972
-10
-3
-1
112
-2241
3637
14841997
-13
-4
1
121
-2289
3630
14843022
4
-3
0
127
-2273
3642
14844047
10
-3
2
134
-2281
3653
14836864
18
-2
5
133
-2253
3658
14837889
15
-2
7
121
-2236
3649
14838914
11
-1
7
113
-2228
3641
14839939
5
-1
4
119
-2219
3649
14840964
-8
-1
3
125
-2239
3650
14841989
-13
0
1
123
-2240
3653
14843014
-19
-3
2
130
-2252
3649
14844039
-21
-3
3
125
-2283
3626
14845064
-8
-3
2
127
-2263
3636
14846089
1
-3
5
126
-2263
3636
14847114
0
-6
7
126
-2265
3646
14848139
4
-4
7
122
-2251
3646
14849164
7
-2
4
123
-2229
3654
14850189
-2
-2
5
134
-2239
3653
14851214
-12
-1
5
129
-2244
3643
14852239
-15
-4
4
121
-2243
3646
14845056
-11
-4
5
114
-2243
3652
14846081
-15
-3
4
119
-2282
3643
14847106
-11
0
1
128
-2276
3643
14848131
-13
1
2
127
-2260
3650
14849156
-18
2
6
116
-2286
3625
14850181
-6
1
6
122
-2287
3632
14851206
7
4
8
141
-2284
3639
14852231
11
7
11
109
-2247
3619
14853256
3
4
21
97
-2316
3719
14854281
-19
-29
15
95
-2221
3714
14855306
-51
-16
20
218
-2301
3738
14856331
9
22
58
180
-2246
3608
14857356
-26
12
71
-11
-2168
3509
14858381
-46
-16
28
107
-2289
3508
14859406
52
-23
-1
70
-2192
3559
14860431
44
-36
-14
67
-2310
3599
14853248
43
-48
-29
114
-2314
3682
14854273
60
-23
-31
140
-2241
3729
14855298
38
20
-24
179
-2241
3775
14856323
-11
41
-4
174
-2228
3713
14857348
-38
48
13
138
-2122
3572
14858373
-56
37
26
67
-2239
3516
14859398
-18
8
-4
64
-2259
3585
14860423
0
-21
-23
91
-2226
3649
14861448
-24
-28
-23
97
-2297
3675
14862473
-28
-21
-15
109
-2341
3667
14863498
-8
-9
-10
133
-2302
3686
14864523
-9
-5
3
139
-2301
3635
14865548
6
-4
10
137
-2297
3606
14866573
36
-2
9
140
-2235
3617
14867598
35
-5
8
117
-2234
3639
14868623
19
-9
5
116
-2220
3661
14861441
-3
-5
3
118
-2222
3661
14862466
-19
0
0
120
-2246
3657
14863491
-37
-1
-3
123
-2267
3637
14864516
-41
-3
-2
116
-2284
3635
14865541
-28
-2
1
119
-2312
3631
14866566
-6
1
5
122
-2303
3635
14867591
15
2
8
121
-2271
3627
14868616
24
2
11
132
-2255
3621
14869641
33
-2
11
116
-2242
3637
14870666
24
-4
7
111
-2209
3657
14871691
-3
-5
3
106
-2234
3661
14872716
-19
-4
0
108
-2236
3647
14873741
-27
-4
1
114
-2282
3629
14874766
-9
-4
-3
125
-2281
3633
14875791
-1
-3
1
133
-2288
3633
14876816
7
-2
4
119
-2275
3632
14869632
18
-3
7
110
-2246
3640
14870657
12
-3
7
109
-2246
3636
14871682
2
-1
6
120
-2246
3644
14872707
-1
0
3
120
-2241
3649
14873732
-5
1
2
122
-2253
3636
14874757
-4
2
4
126
-2263
3627
14875782
0
0
5
121
-2263
3622
14876807
6
-2
4
101
-2263
3639
14877832
11
-3
4
114
-2258
3645
14878857
7
-1
6
116
-2252
3652
14879882
4
-1
7
111
-2236
3645
14880907
-1
-2
5
109
-2236
3641
14881932
-7
-6
2
110
-2248
3633
14882957
-12
-5
2
119
-2250
3640
14883982
-16
-6
3
110
-2248
3640
14885007
-14
-7
4
105
-2261
3639
14877824
-9
-7
4
116
-2279
3639
14878849
-3
-5
3
118
-2276
3635
14879874
-2
-6
1
116
-2256
3636
14880899
-7
-7
1
120
-2274
3638
14881924
-4
-4
1
128
-2292
3640
14882949
10
1
2
134
-2254
3640
14883974
6
0
4
124
-2257
3636
14884999
7
-3
6
112
-2244
3626
14886024
8
-4
8
114
-2254
3637
14887049
9
0
5
112
-2245
3656
14888074
-9
-1
2
105
-2259
3647
14889099
-13
-6
-1
109
-2279
3623
14890124
0
-7
1
125
-2296
3618
14891149
18
-4
2
114
-2286
3637
14892174
25
-6
6
110
-2262
3638
14893199
30
-10
8
106
-2260
3636
14886133
38
-8
7
118
-2234
3656
14887158
27
-6
5
111
-2208
3658
14888183
6
-5
4
117
-2222
3655
14889208
-6
-4
1
114
-2226
3643
14890233
-11
-4
1
114
-2233
3660
14891258
-18
-8
0
108
-2253
3627
14892283
-11
-6
-2
126
-2273
3636
14893308
1
-3
0
122
-2249
3659
14894333
-5
-8
-1
112
-2268
3640
14895358
3
-11
-2
129
-2239
3637
14896383
-4
-7
1
130
-2239
3647
14897408
-8
-8
5
126
-2295
3694
14898433
-3
-24
1
107
-2294
3705
14899458
-21
-38
-16
152
-2203
3645
14900483
-28
-32
13
214
-2169
3591
14901508
-39
-23
46
37
-2189
3578
14894209
-54
-32
18
114
-2366
3566
14895234
44
-17
3
147
-2277
3657
14896259
27
-12
10
120
-2348
3648
14897284
39
-4
-2
133
-2253
3664
14898309
40
12
-3
157
-2186
3663
14899334
1
25
-2
148
-2236
3644
14900359
-4
32
-3
157
-2214
3649
14901384
-5
37
0
138
-2173
3667
14902409
-33
37
15
101
-2253
3631
14903434
-28
30
12
70
-2301
3607
14904459
-3
10
-2
85
-2289
3621
14905484
12
-4
-8
96
-2257
3650
14906509
2
-8
-6
98
-2275
3663
14907534
1
-10
-10
104
-2225
3648
14908559
-10
-16
-15
124
-2240
3627
14909584
-8
-19
-10
137
-2275
3634
14902399
6
-19
-8
139
-2248
3651
14903424
9
-12
-4
139
-2246
3667
14904449
-1
-9
2
125
-2258
3649
14905474
-4
-4
2
133
-2258
3656
14906499
-7
-2
2
124
-2217
3655
14907524
-25
-6
1
114
-2250
3633
14908549
-25
-9
-2
119
-2255
3628
14909574
-19
-7
-2
125
-2253
3637
14910599
-17
-5
-1
123
-2275
3641
14911624
-12
-7
-1
117
-2281
3642
14912649
1
-9
0
130
-2280
3625
14913674
15
-6
1
135
-2265
3638
14914699
14
-7
2
134
-2242
3636
14915724
9
-7
3
144
-2266
3641
14916749
9
-3
3
146
-2259
3641
14917774
10
-1
5
140
-2248
3651
14910592
9
-1
6
119
-2228
3651
14911617
0
0
7
118
-2230
3642
14912642
-9
0
4
116
-2256
3630
14913667
-9
-4
-3
123
-2254
3634
14914692
-11
-6
-2
138
-2289
3658
14915717
-7
-4
5
145
-2287
3654
14916742
2
2
11
138
-2291
3635
14917767
21
5
13
128
-2248
3635
14918792
24
-1
14
117
-2216
3624
14919817
14
-7
10
115
-2220
3633
14920842
4
-9
4
108
-2228
3649
14921867
-10
-9
-2
124
-2239
3661
14922892
-24
-7
-1
136
-2261
3647
14923917
-21
-3
2
142
-2290
3646
14924942
-6
0
5
130
-2274
3627
14925967
4
-3
6
107
-2268
3620
14918784
19
-7
6
121
-2253
3641
14919809
20
-6
6
125
-2243
3664
14920834
9
-4
5
126
-2230
3665
14921859
-5
-3
1
116
-2231
3645
14922884
-12
-5
-2
129
-2240
3639
14923909
-13
-5
-3
134
-2255
3651
14924934
-13
-4
-1
141
-2255
3659
14925959
-17
-4
2
129
-2273
3634
14926984
-11
-4
4
121
-2283
3619
14928009
8
-5
3
128
-2268
3629
14929034
15
-1
2
131
-2244
3654
14930059
4
-1
3
130
-2254
3652
14931084
1
-2
5
132
-2249
3651
14932109
-4
0
6
134
-2241
3646
14933134
-12
2
6
137
-2263
3641
14934159
-9
2
6
130
-2269
3639
14926977
0
-2
7
119
-2230
3645
14928002
-5
-3
10
118
-2257
3636
14929027
-5
2
6
118
-2257
3642
14930052
-5
-1
2
115
-2258
3641
14931077
-5
-6
-2
120
-2244
3650
14932102
-19
-8
-5
140
-2276
3648
14933127
-12
2
-1
144
-2291
3624
14934152
9
8
4
143
-2285
3624
14935177
25
7
9
126
-2254
3634
14936202
25
5
7
125
-2234
3663
14937227
9
8
7
119
-2226
3668
14938252
-15
12
6
114
-2221
3691
14939277
-44
4
15
98
-2282
3734
14940302
-68
-30
-8
59
-2270
3597
14941327
-8
-41
-11
237
-2372
3650
14942352
80
-20
76
166
-2135
3658
14935168
-94
-21
71
-9
-2250
3545
14936193
-10
-23
31
151
-2309
3541
14937218
88
-8
13
85
-2194
3604
14938243
23
-15
6
117
-2277
3650
14939268
18
-10
-16
139
-2209
3667
14940293
23
18
-22
138
-2183
3733
14941318
-34
30
-16
153
-2204
3693
14942343
-73
33
-9
135
-2222
3595
14943368
-52
29
5
120
-2333
3577
14944393
-10
18
-3
82
-2318
3628
14945418
8
0
-6
90
-2264
3629
14946443
12
-7
-4
98
-2303
3640
14947468
22
-12
0
113
-2296
3651
14948493
27
-14
0
114
-2275
3640
14949518
36
-11
2
133
-2229
3660
14950543
14
-11
5
132
-2227
3651
14943359
3
-9
3
141
-2236
3656
14944384
-8
-6
2
132
-2246
3644
14945409
-16
-5
0
123
-2262
3631
14946434
-5
-7
2
120
-2256
3628
14947459
3
-4
4
118
-2258
3644
14948484
4
-1
7
100
-2257
3633
14949509
8
-2
2
103
-2260
3633
14950534
8
-6
-3
107
-2241
3639
14951559
1
-10
-3
111
-2260
3643
14952584
6
-8
-4
126
-2261
3656
14953609
4
-1
2
136
-2272
3663
14954634
6
6
8
136
-2233
3650
14955659
2
9
12
104
-2205
3622
14956684
0
1
9
105
-2252
3632
14957709
3
-5
0
99
-2224
3654
14958734
-18
-11
-6
116
-2283
3672
14951552
-18
-6
-6
115
-2233
3660
14952577
-38
-4
-6
102
-2241
3608
14953602
-26
-8
-4
132
-2299
3620
14954627
8
-11
-5
146
-2296
3643
14955652
19
-5
4
138
-2274
3677
14956677
13
4
12
139
-2235
3665
14957702
-1
10
13
118
-2241
3623
14958727
0
8
6
119
-2217
3623
14959752
-7
-1
-1
114
-2230
3626
14960777
-16
-6
-6
126
-2246
3650
14961802
-25
-6
-3
108
-2272
3641
14962827
-18
-3
-2
115
-2309
3641
14963852
-2
1
-1
126
-2307
3644
14964877
12
4
3
126
-2258
3630
14965902
17
1
8
119
-2263
3614
14966927
26
-2
8
122
-2223
3636
14959745
17
-8
5
119
-2222
3644
14960770
5
-9
1
117
-2264
3647
14961795
6
-5
-3
125
-2259
3669
14962820
-9
0
-1
148
-2261
3671
14963845
-20
9
5
135
-2257
3649
14964870
-16
11
8
124
-2254
3624
14965895
-3
1
7
101
-2250
3589
14966920
14
-6
5
112
-2251
3633
14967945
21
-3
5
107
-2237
3658
14968970
5
-2
4
100
-2254
3660
14969995
-6
-4
0
114
-2236
3662
14971020
-19
-5
3
120
-2258
3647
14972045
-16
-4
2
125
-2277
3629
14973070
1
2
5
142
-2249
3642
14974095
4
2
12
122
-2270
3636
14975120
15
0
12
110
-2223
3631
14967936
11
-3
11
104
-2238
3641
14968961
3
-3
4
112
-2233
3662
14969986
-18
-3
-1
124
-2234
3669
14971011
-37
-2
-3
120
-2245
3649
14972036
-45
-3
-3
115
-2282
3625
14973061
-29
-3
1
126
-2309
3619
14974086
-4
-2
5
123
-2309
3620
14975111
26
-1
7
121
-2274
3651
14976136
17
-1
12
105
-2241
3646
14977161
0
0
13
103
-2276
3631
14978186
15
5
4
129
-2242
3685
14979211
-21
3
23
132
-2297
3741
14980236
-62
-35
44
14
-2334
3652
14981261
28
-23
-24
230
-2241
3698
14982286
100
-7
76
282
-2331
3628
14983311
-35
14
97
-113
-2220
3600
14976128
-36
-17
24
104
-2235
3420
14977153
126
-4
-9
66
-2089
3547
14978178
18
-26
-16
106
-2168
3670
14979203
-48
-31
-27
108
-2288
3661
14980228
12
-7
-41
116
-2182
3692
14981253
-11
11
-34
158
-2215
3720
14982278
-58
27
-1
166
-2304
3683
14983303
-64
28
10
98
-2329
3614
14984328
-22
21
1
127
-2270
3607
14985353
7
7
0
102
-2268
3611
14986378
13
-12
-1
91
-2323
3586
14987403
40
-19
-2
107
-2267
3669
14988428
33
-17
7
102
-2225
3699
14989453
4
-12
10
90
-2261
3658
14990478
6
-9
3
101
-2210
3643
14991503
-16
-16
-3
118
-2220
3627
14984320
-26
-23
-6
135
-2284
3643
14985345
-11
-20
-10
142
-2259
3656
14986370
-19
-14
-4
140
-2278
3629
14987395
-6
-1
-1
153
-2304
3658
14988420
8
3
9
139
-2244
3662
14989445
-4
2
16
107
-2250
3628
14990470
-4
-3
13
96
-2220
3612
14991495
-12
-12
3
95
-2230
3619
14992520
-17
-15
-4
112
-2259
3645
14993545
-20
-18
-6
112
-2308
3627
14994570
-1
-12
-7
141
-2299
3662
14995595
6
-5
1
137
-2280
3663
14996620
9
-5
8
136
-2258
3638
14997645
10
-5
10
125
-2242
3632
14998670
11
-4
8
122
-2233
3629
14999695
10
-3
3
124
-2222
3653
14992511
-9
-7
1
111
-2228
3647
14993536
-23
-8
1
126
-2255
3637
14994561
-23
-6
0
129
-2272
3625
14995586
-16
-1
1
128
-2276
3638
14996611
-11
-3
1
120
-2277
3616
14997636
-1
-6
5
134
-2302
3632
14998661
15
-6
5
126
-2246
3634
14999686
13
-10
6
125
-2276
3627
15000711
23
-7
5
133
-2236
3665
15001736
2
-5
5
125
-2229
3647
15002761
-9
-2
6
137
-2251
3653
15003786
-16
-1
6
125
-2228
3638
15004811
-20
-2
4
129
-2280
3630
15005836
-12
-2
3
129
-2278
3636
15006861
-8
0
3
126
-2284
3659
15007886
-7
3
8
126
-2273
3643
15000704
-7
3
11
108
-2274
3612
15001729
6
-1
10
97
-2233
3617
15002754
13
-5
7
103
-2244
3636
15003779
4
-5
2
108
-2251
3651
15004804
-13
-8
-2
120
-2258
3638
15005829
-18
-10
-4
136
-2270
3635
15006854
-13
-6
1
139
-2302
3634
15007879
2
-1
5
150
-2304
3630
15008904
20
0
9
141
-2262
3642
15009929
24
1
13
125
-2239
3642
15010954
18
-1
13
108
-2220
3636
15011979
10
-3
7
109
-2219
3639
15013004
-4
-4
0
116
-2232
3656
15014029
-23
-5
-2
117
-2259
3654
15015054
-31
-4
-1
123
-2269
3634
15016079
-27
-3
2
129
-2312
3621
15008897
-2
2
5
122
-2263
3629
15009922
1
-1
7
109
-2271
3628
15010947
8
-6
8
118
-2282
3638
15011972
15
0
9
151
-2273
3673
15012997
5
13
7
196
-2292
3661
15014022
2
25
6
216
-2320
3625
15015047
27
31
1
166
-2240
3608
15016072
17
22
-23
135
-2275
3574
15017097
-11
14
-54
139
-2306
3569
15018122
-2
17
-86
98
-2258
3607
15019147
48
25
-64
3
-2268
3658
15020172
114
17
-28
-49
-2264
3690
15021197
114
-3
-5
20
-2176
3736
15022222
42
-4
10
108
-2117
3713
15023247
-17
1
20
139
-2179
3657
15024272
-24
-1
8
151
-2133
3654
15017088
-75
-2
5
115
-2149
3680
15018113
-143
-4
21
67
-2273
3692
15019138
-129
-24
33
-12
-2357
3710
15020163
-41
-36
-15
71
-2319
3682
15021188
-14
-29
4
151
-2273
3541
15022213
-39
-43
72
56
-2234
3541
15023238
-83
-51
35
0
-2354
3483
15024263
65
-58
-18
136
-2223
3541
15025288
81
-64
-17
152
-2240
3642
15026313
21
-70
-12
197
-2271
3683
15027338
21
-51
-15
247
-2227
3718
15028363
-3
-18
-13
266
-2217
3721
15029388
-56
6
8
284
-2276
3684
15030413
-68
24
37
206
-2348
3637
15031438
-45
22
24
160
-2269
3583
15032463
-34
15
17
168
-2271
3597
15025288
-27
12
14
148
-2337
3626
15026313
-17
9
14
128
-2339
3648
15027338
-10
6
17
109
-2315
3613
15028363
7
7
17
99
-2320
3620
15029388
25
5
18
105
-2309
3611
15030413
39
5
16
110
-2277
3635
15031438
31
-1
11
109
-2227
3630
15032463
14
-6
7
91
-2275
3604
15033488
34
-7
3
106
-2225
3638
15034513
23
-9
-2
114
-2244
3642
15035538
15
-10
-6
135
-2253
3667
15036563
-12
-9
-7
118
-2213
3646
15037588
-38
-9
-12
125
-2280
3620
15038613
-21
-10
-16
139
-2264
3619
15039638
-16
-11
-11
137
-2277
3622
15040663
-5
-12
-9
145
-2270
3636
15033472
-5
-15
-8
137
-2254
3617
15034497
-8
-16
-8
145
-2286
3619
15035522
10
-9
-12
156
-2266
3650
15036547
3
-4
-10
157
-2265
3664
15037572
-17
-7
-3
161
-2292
3630
15038597
-15
-5
-1
167
-2271
3630
15039622
-10
0
3
163
-2279
3634
15040647
-8
-2
7
149
-2248
3626
15041672
-16
-3
9
133
-2287
3617
15042697
-9
-1
5
126
-2280
3624
15043722
-11
2
-1
126
-2302
3655
15044747
-19
2
0
137
-2285
3658
15045772
-40
4
6
136
-2300
3616
15046797
-27
3
7
133
-2328
3571
15047822
17
1
8
141
-2288
3606
15048847
28
-7
12
129
-2286
3602
15041664
41
-11
10
134
-2259
3638
15042689
31
-11
8
130
-2242
3650
15043714
7
-11
4
130
-2269
3650
15044739
-11
-8
2
148
-2247
3648
15045764
-29
-3
4
151
-2274
3625
15046789
-23
-3
4
151
-2297
3612
15047814
-7
-5
4
138
-2303
3604
15048839
8
-7
4
137
-2292
3616
15049864
20
-6
6
141
-2279
3635
15050889
15
-4
8
142
-2269
3637
15051914
12
-4
8
142
-2269
3635
15052939
11
-2
5
145
-2243
3633
15053964
-3
-2
3
141
-2254
3637
15054989
-12
-1
5
140
-2251
3650
15056014
-23
-4
3
138
-2283
3622
15057039
-13
0
1
152
-2285
3643
15049857
-19
3
6
134
-2263
3637
15050882
-20
-6
7
108
-2305
3565
15051907
17
-10
2
150
-2325
3601
15052932
37
8
7
152
-2264
3684
15053957
2
18
9
136
-2263
3663
15054982
-18
18
8
143
-2266
3619
15056007
-3
15
2
141
-2270
3582
15057032
14
10
4
145
-2258
3635
15058057
1
10
15
131
-2219
3674
15059082
-37
8
16
110
-2249
3632
15060107
-48
7
7
101
-2271
3593
15061132
-41
-2
-1
103
-2297
3597
15062157
-36
-11
-6
116
-2303
3620
15063182
-33
-12
-3
134
-2346
3632
15064207
-19
-4
8
169
-2410
3699
15065232
-20
2
20
101
-2431
3770
15058049
34
-40
-25
70
-2309
3568
15059074
144
-59
4
323
-2110
3442
15060099
81
-39
103
69
-2291
3715
15061124
-18
-55
41
47
-2284
3477
15062149
108
-42
7
177
-2206
3574
15063174
86
-28
-4
137
-2211
3707
15064199
-39
-20
-18
182
-2292
3721
15065224
-22
26
-24
192
-2202
3743
15066249
-51
55
-10
181
-2111
3707
15067274
-122
47
11
139
-2222
3540
15068299
-104
29
12
75
-2327
3509
15069324
-35
3
-10
122
-2336
3589
15070349
8
-9
-20
119
-2312
3645
15071374
-5
-15
-9
111
-2375
3643
15072399
17
-12
0
117
-2359
3649
15073424
38
-9
9
139
-2304
3617
15066241
52
-9
9
142
-2310
3606
15067266
69
-5
9
160
-2195
3668
15068291
18
-8
11
135
-2207
3631
15069316
0
-13
3
148
-2235
3637
15070341
-4
-10
-1
151
-2217
3655
15071366
-38
-7
0
137
-2268
3642
15072391
-47
-7
-2
147
-2288
3638
15073416
-41
-5
1
140
-2315
3608
15074441
-22
-3
4
142
-2370
3617
15075466
12
-1
3
133
-2262
3630
15076491
7
-5
11
123
-2283
3595
15077516
21
-9
11
118
-2274
3597
15078541
30
-15
4
138
-2254
3629
15079566
15
-17
0
144
-2241
3661
15080591
-13
-16
-2
144
-2272
3655
15081616
-25
-11
-1
158
-2290
3641
15074432
-21
-4
2
159
-2311
3637
15075457
-8
2
3
152
-2260
3623
15076482
-10
1
8
145
-2268
3609
15077507
-3
-5
8
121
-2276
3594
15078532
8
-11
3
129
-2277
3608
15079557
8
-14
-3
145
-2317
3632
15080582
20
-7
-3
160
-2266
3664
15081607
-1
-3
3
151
-2283
3634
15082632
-2
0
5
154
-2277
3630
15083657
4
-2
6
150
-2264
3602
15084682
16
-5
5
145
-2280
3627
15085707
19
-6
4
140
-2247
3640
15086732
4
-4
4
140
-2290
3640
15087757
6
-2
3
136
-2244
3646
15088782
-15
1
6
141
-2268
3643
15089807
-19
2
3
130
-2255
3629
15082623
-23
-1
2
140
-2271
3613
15083648
-21
0
1
146
-2268
3626
15084673
-25
-1
2
140
-2280
3613
15085698
-16
-4
1
132
-2296
3603
15086723
-1
-6
1
139
-2295
3626
15087748
4
-4
1
137
-2294
3633
15088773
2
-2
1
142
-2270
3644
15089798
-10
-2
3
142
-2269
3623
15090823
-16
-5
1
148
-2278
3604
15091848
-11
-3
2
167
-2299
3631
15092873
-3
-4
3
154
-2270
3637
15093898
-11
-3
8
146
-2274
3633
15094923
-17
4
8
127
-2278
3620
15095948
-25
0
2
135
-2269
3623
15096973
-33
-4
1
152
-2308
3618
15097998
-28
-1
-3
153
-2324
3620
15090816
-16
2
1
152
-2321
3617
15091841
3
7
9
155
-2321
3623
15092866
15
7
14
143
-2280
3613
15093891
19
4
13
126
-2265
3583
15094916
26
4
11
138
-2261
3618
15095941
11
3
5
136
-2263
3640
15096966
-16
1
-1
138
-2268
3625
15097991
-29
3
2
140
-2294
3618
15099016
-23
5
7
134
-2323
3627
15100041
-15
4
10
153
-2335
3727
15101066
-35
-6
19
158
-2413
3706
15102091
6
-13
4
122
-2340
3596
15103116
122
-18
64
233
-2211
3487
15104141
88
-23
105
-31
-2233
3554
15105166
38
-50
49
108
-2363
3513
15106191
143
-35
27
120
-2282
3578
15099078
122
-27
9
116
-2173
3666
15100103
27
-11
-15
172
-2122
3736
15101128
-43
22
-29
172
-2163
3716
15102153
-92
51
-27
195
-2174
3725
15103178
-126
57
-22
190
-2108
3634
15104203
-144
50
-7
76
-2231
3508
15105228
-103
28
-29
52
-2338
3546
15106253
-72
-2
-32
125
-2410
3613
15107278
-33
-7
-24
107
-2417
3631
15108303
-3
-13
-4
125
-2476
3601
15109328
69
-7
11
134
-2401
3642
15110353
99
-5
22
134
-2278
3638
15111378
84
-9
29
127
-2234
3608
15112403
70
-12
21
132
-2170
3634
15113428
35
-16
5
150
-2188
3653
15114453
-10
-16
-8
151
-2211
3663
15107200
-49
-8
-12
152
-2240
3675
15108225
-75
-2
-6
148
-2311
3631
15109250
-61
4
-1
147
-2356
3621
15110275
-28
8
7
134
-2306
3615
15111300
-16
4
14
110
-2343
3573
15112325
28
-2
13
104
-2308
3592
15113350
43
-6
11
113
-2281
3609
15114375
37
-5
7
122
-2286
3640
15115400
26
-7
4
130
-2240
3641
15116425
8
-9
5
137
-2271
3630
15117450
10
-8
1
146
-2280
3629
15118475
9
-3
2
153
-2235
3674
15119500
-17
-3
2
124
-2244
3646
15120525
-32
-5
5
128
-2286
3612
15121550
-24
-4
4
118
-2279
3612
15122575
-16
-3
2
124
-2297
3613
15115392
0
-5
0
127
-2302
3617
15116417
6
-5
4
140
-2289
3633
15117442
2
-5
5
132
-2290
3618
15118467
12
-6
5
139
-2269
3634
15119492
7
-7
4
138
-2268
3619
15120517
2
-5
3
142
-2267
3628
15121542
-1
-5
2
139
-2261
3632
15122567
-4
-5
2
139
-2272
3641
15123592
-13
-4
3
128
-2269
3629
15124617
-17
-2
3
138
-2294
3625
15125642
-11
-2
2
136
-2292
3621
15126667
-9
-2
5
144
-2304
3631
15127692
-6
-3
7
129
-2295
3618
15128717
7
-3
8
124
-2267
3621
15129742
10
-4
8
123
-2281
3619
15130767
11
-3
7
127
-2268
3639
15123584
-2
-3
2
142
-2257
3636
15124609
-19
-5
1
138
-2288
3635
15125634
-21
-5
1
142
-2291
3628
15126659
-16
-2
3
144
-2320
3614
15127684
-2
3
4
148
-2303
3614
15128709
9
3
9
133
-2287
3616
15129734
15
0
10
111
-2269
3615
15130759
18
-6
7
108
-2262
3623
15131784
14
-7
3
130
-2278
3624
15132809
10
-6
0
143
-2270
3643
15133834
-4
-3
1
139
-2284
3640
15134859
-6
1
3
143
-2285
3634
15135884
-6
2
5
129
-2271
3619
15136909
-6
0
7
121
-2271
3616
15137934
-4
-5
6
122
-2277
3620
15138959
0
-4
6
128
-2287
3629
15131776
0
-2
5
118
-2270
3628
15132801
-3
-3
4
120
-2281
3623
15133826
-7
-3
5
137
-2293
3637
15134851
-14
0
6
131
-2274
3633
15135876
-19
0
9
135
-2283
3624
15136901
-11
-1
6
131
-2280
3619
15137926
-11
-1
5
130
-2281
3619
15138951
-10
0
3
135
-2293
3628
15139976
-14
1
5
131
-2293
3624
15141001
-21
7
11
135
-2312
3647
15142026
-7
8
19
143
-2304
3674
15143051
-28
0
15
134
-2276
3659
15144076
-59
-15
18
122
-2386
3638
15145101
4
-21
15
142
-2411
3694
15146126
115
-21
76
289
-2243
3659
15147151
66
-25
133
-51
-2228
3532
15139968
16
-44
76
78
-2458
3353
15140993
163
-26
43
88
-2306
3477
15142018
163
-16
-3
78
-2063
3634
15143043
50
-5
-30
121
-2182
3756
15144068
3
25
-40
157
-2137
3839
15145093
-64
40
-40
175
-2092
3723
15146118
-98
50
-22
201
-2117
3637
15147143
-142
42
-11
72
-2211
3525
15148168
-146
9
-28
77
-2383
3545
15149193
-62
-9
-49
85
-2340
3612
15150218
-55
-20
-41
77
-2383
3652
15151243
-50
-28
-23
97
-2450
3606
15152268
20
-28
-12
123
-2443
3594
15153293
100
-17
1
160
-2335
3635
15154318
103
-16
18
130
-2282
3624
15155343
87
-21
22
133
-2188
3635
15148159
62
-23
12
120
-2171
3636
15149184
30
-19
2
140
-2192
3676
15150209
-13
-10
-7
151
-2172
3688
15151234
-67
-8
-9
150
-2252
3664
15152259
-85
-6
-8
145
-2276
3641
15153284
-92
-4
-4
140
-2322
3612
15154309
-68
-3
-2
128
-2353
3592
15155334
-34
-5
1
110
-2347
3594
15156359
-2
-10
5
111
-2338
3586
15157384
28
-14
5
132
-2296
3590
15158409
40
-19
3
128
-2299
3622
15159434
43
-18
1
149
-2249
3652
15160459
15
-12
4
154
-2276
3652
15161484
0
-5
4
164
-2243
3650
15162509
-21
-5
6
149
-2269
3608
15163534
-17
-5
4
138
-2274
3633
15156352
-22
-4
4
130
-2255
3618
15157377
-34
-3
3
135
-2325
3616
15158402
-23
-2
-1
139
-2295
3623
15159427
-30
-6
0
139
-2328
3606
15160452
-9
-5
2
142
-2330
3601
15161477
13
-1
6
148
-2334
3615
15162502
33
1
9
143
-2284
3626
15163527
29
-2
12
139
-2261
3613
15164552
24
-4
11
129
-2243
3601
15165577
14
-7
4
133
-2267
3625
15166602
6
-5
-1
141
-2249
3648
15167627
-22
-2
1
145
-2287
3642
15168652
-28
2
3
136
-2283
3621
15169677
-27
1
5
136
-2299
3597
15170702
-12
-1
6
127
-2297
3604
15171727
-2
-6
5
117
-2282
3612
15164544
-1
-8
2
123
-2298
3621
15165569
2
-10
0
130
-2298
3615
15166594
8
-8
-1
140
-2301
3629
15167619
5
-6
1
155
-2271
3642
15168644
-13
-4
4
141
-2293
3614
15169669
-9
-2
1
138
-2274
3616
15170694
-13
-4
0
135
-2284
3616
15171719
-15
-8
-3
137
-2296
3605
15172744
-7
-7
-2
147
-2306
3619
15173769
0
-3
0
145
-2288
3631
15174794
-5
-2
3
134
-2281
3618
15175819
-11
-4
1
131
-2291
3601
15176844
-5
-5
-4
138
-2298
3605
15177869
4
-5
-6
161
-2299
3618
15178894
-1
-5
1
159
-2304
3627
15179919
0
-4
6
151
-2283
3623
15172737
0
-3
7
142
-2305
3602
15173762
7
-2
4
158
-2302
3616
15174787
0
-5
-2
145
-2280
3621
15175812
-11
-7
-4
150
-2311
3616
15176837
-4
-3
3
166
-2305
3646
15177862
-7
3
12
154
-2294
3606
15178887
4
2
17
133
-2289
3593
15179912
12
0
14
133
-2249
3612
15180937
-6
-4
11
116
-2283
3608
15181962
-4
-2
2
126
-2287
3640
15182987
-25
-1
1
129
-2253
3637
15184012
-54
-4
7
125
-2349
3578
15185037
-16
-5
7
145
-2377
3651
15186062
-4
-31
22
131
-2394
3703
15187087
-25
-30
-8
154
-2245
3691
15188112
29
-32
46
272
-2256
3526
15180929
37
-10
96
-1
-2237
3562
15181954
-23
-26
37
112
-2460
3418
15182979
135
-8
5
137
-2282
3544
15184004
112
-5
-12
109
-2151
3651
15185029
14
1
-24
168
-2256
3721
15186054
2
26
-32
166
-2164
3732
15187079
-59
25
-27
146
-2167
3614
15188104
-93
16
-23
167
-2239
3578
15189129
-92
10
-16
153
-2282
3584
15190154
-88
1
-14
140
-2384
3598
15191179
-43
-3
-13
135
-2417
3611
15192204
3
-1
-2
121
-2407
3610
15193229
38
1
8
138
-2403
3605
15194254
69
0
16
128
-2304
3605
15195279
70
-5
18
135
-2268
3622
15196304
65
-8
17
133
-2216
3627
15189121
36
-14
8
128
-2231
3630
15190146
8
-16
-6
141
-2232
3642
15191171
-25
-15
-13
160
-2269
3666
15192196
-53
-7
-10
167
-2319
3647
15193221
-49
0
-3
158
-2344
3611
15194246
-22
5
5
174
-2325
3600
15195271
-2
6
13
149
-2326
3580
15196296
32
1
15
127
-2273
3597
15197321
31
-7
14
107
-2279
3595
15198346
31
-10
5
124
-2272
3635
15199371
14
-10
1
149
-2259
3637
15200396
-6
-7
3
156
-2309
3632
15201421
-2
-1
3
163
-2282
3643
15202446
-7
2
6
154
-2264
3636
15203471
-18
-2
10
143
-2293
3607
15204496
-8
-2
8
136
-2289
3620
15197311
-1
-2
5
127
-2266
3625
15198336
-8
-1
6
126
-2299
3621
15199361
-11
-4
5
113
-2278
3613
15200386
-14
-7
4
131
-2295
3607
15201411
-7
-11
1
137
-2306
3595
15202436
12
-11
-1
155
-2306
3623
15203461
14
-8
1
157
-2272
3639
15204486
-6
-6
4
141
-2288
3626
15205511
-7
-5
3
151
-2274
3604
15206536
-4
-5
1
153
-2295
3616
15207561
0
-5
-1
152
-2268
3632
15208586
-15
-5
1
148
-2318
3616
15209611
-2
2
1
160
-2301
3635
15210636
-9
5
6
147
-2283
3632
15211661
-18
3
11
137
-2312
3611
15212686
1
2
5
121
-2279
3587
15205505
11
0
3
143
-2317
3608
15206530
14
-5
0
137
-2266
3633
15207555
-4
-6
2
153
-2308
3639
15208580
-4
-2
3
151
-2326
3626
15209605
5
5
7
150
-2299
3624
15210630
11
6
8
146
-2267
3604
15211655
9
0
12
144
-2279
3601
15212680
14
-4
10
119
-2267
3613
15213705
14
-5
5
128
-2279
3627
15214730
6
-4
2
140
-2291
3646
15215755
-10
0
2
134
-2290
3644
15216780
-17
3
3
135
-2302
3610
15217805
-3
4
5
147
-2295
3607
15218830
0
4
8
138
-2292
3619
15219855
2
2
7
125
-2275
3613
15220880
5
-2
7
126
-2277
3611
15213697
4
0
4
129
-2266
3635
15214722
-9
1
4
135
-2283
3623
15215747
-9
0
2
132
-2273
3617
15216772
-13
-5
2
136
-2296
3603
15217797
-3
-7
0
151
-2302
3607
15218822
1
-4
3
145
-2289
3629
15219847
-7
-1
4
133
-2298
3617
15220872
-7
2
3
145
-2302
3622
15221897
-12
2
9
152
-2313
3688
15222922
-36
-13
25
124
-2379
3759
15223947
-32
-26
-20
134
-2399
3751
15224972
105
-49
64
314
-2226
3488
15225997
141
-46
149
-42
-2287
3492
15227022
71
-63
89
103
-2631
3292
15228047
255
-18
68
149
-2331
3538
15229072
217
16
43
118
-1968
3768
15221888
73
21
14
98
-2018
3721
15222913
9
35
-27
145
-2011
3744
15223938
-85
35
-55
157
-1966
3751
15224963
-195
25
-74
174
-2071
3677
15225988
-226
17
-83
182
-2218
3607
15227013
-213
15
-63
102
-2323
3597
15228038
-221
3
-51
115
-2473
3588
15229063
-144
-1
-37
112
-2513
3577
15230088
-51
-5
-15
88
-2528
3554
15231113
44
-7
9
135
-2527
3586
15232138
127
-3
28
128
-2346
3598
15233163
128
-11
37
117
-2277
3585
15234188
123
-21
27
145
-2216
3629
15235213
104
-21
20
138
-2116
3670
15236238
31
-25
9
143
-2160
3666
15237263
-9
-18
-5
162
-2187
3695
15230080
-60
-9
-12
157
-2221
3692
15231105
-110
-1
-11
144
-2304
3637
15232130
-105
2
-11
140
-2336
3598
15233155
-76
4
-5
140
-2361
3597
15234180
-44
-2
1
117
-2376
3569
15235205
2
-9
5
120
-2349
3572
15236230
37
-14
7
130
-2337
3593
15237255
57
-17
4
133
-2304
3619
15238280
57
-14
5
147
-2272
3645
15239305
37
-9
5
154
-2237
3656
15240330
5
-7
5
156
-2241
3630
15241355
-17
-6
1
169
-2258
3628
15242380
-31
-2
-1
172
-2269
3627
15243405
-41
0
1
151
-2318
3611
15244430
-28
0
4
138
-2310
3622
15245455
-20
-1
8
124
-2313
3612
15238271
-8
-1
8
120
-2335
3587
15239296
15
-3
4
133
-2324
3607
15240321
23
-3
3
146
-2272
3641
15241346
-2
-3
7
137
-2298
3617
15242371
5
-2
4
149
-2305
3614
15243396
16
0
6
150
-2256
3623
15244421
3
-2
10
141
-2283
3621
15245446
3
-1
10
142
-2249
3626
15246471
-13
-3
7
127
-2279
3612
15247496
-18
-7
1
137
-2297
3622
15248521
-20
-7
-3
137
-2299
3607
15249546
-21
-6
0
141
-2351
3616
15250571
-3
-1
2
144
-2295
3635
15251596
-8
0
8
144
-2318
3607
15252621
5
0
8
137
-2290
3600
15253646
9
-5
6
133
-2272
3605
15246464
6
-8
5
136
-2285
3612
15247489
1
-9
2
127
-2276
3620
15248514
-9
-10
-1
150
-2305
3629
15249539
-8
-6
-3
148
-2315
3631
15250564
-8
-3
-2
157
-2303
3631
15251589
-11
1
4
151
-2290
3634
15252614
-17
2
4
137
-2303
3592
15253639
-6
0
3
129
-2298
3586
15254664
1
1
0
120
-2287
3609
15255689
-4
2
-2
129
-2283
3629
15256714
-19
2
3
144
-2306
3640
15257739
-18
4
0
148
-2306
3591
15258764
-3
4
-3
160
-2323
3600
15259789
1
6
4
160
-2317
3625
15260814
0
5
10
154
-2294
3630
15261839
5
2
13
133
-2279
3594
15254656
8
0
10
128
-2306
3596
15255681
17
-2
2
139
-2297
3619
15256706
7
-4
-1
140
-2292
3624
15257731
-11
-3
0
135
-2315
3619
15258756
-9
0
3
154
-2332
3622
15259781
4
7
10
152
-2313
3614
15260806
17
10
15
132
-2293
3597
15261831
20
6
14
126
-2258
3611
15262856
1
1
10
106
-2263
3618
15263881
-24
-7
9
112
-2324
3661
15264906
-45
-6
0
146
-2313
3782
15265931
-103
-19
-7
63
-2496
3620
15266956
63
-67
-9
205
-2228
3485
15267981
129
-72
136
209
-2181
3668
15269006
-49
-44
86
9
-2692
3390
15270031
192
-9
57
177
-2394
3473
15262848
227
22
40
112
-2028
3690
15263873
67
14
14
114
-2063
3684
15264898
12
12
-22
132
-2101
3645
15265923
-23
23
-53
153
-2005
3722
15266948
-150
13
-66
176
-2110
3710
15267973
-207
5
-67
170
-2230
3609
15268998
-198
1
-52
106
-2376
3546
15270023
-163
-3
-41
107
-2519
3576
15271048
-79
-1
-27
155
-2527
3619
15272073
-5
-1
-5
119
-2472
3582
15273098
57
-2
15
130
-2424
3563
15274123
108
-10
24
123
-2351
3539
15275148
142
-16
23
136
-2273
3610
15276173
114
-19
18
159
-2179
3686
15277198
41
-21
13
144
-2202
3657
15278223
8
-15
3
148
-2200
3651
15271040
-27
-10
-8
146
-2211
3646
15272065
-72
-8
-10
171
-2303
3639
15273090
-86
-3
-11
160
-2309
3619
15274115
-81
0
-5
153
-2379
3594
15275140
-41
-1
0
132
-2399
3559
15276165
11
0
9
145
-2372
3601
15277190
41
0
16
128
-2316
3594
15278215
55
-6
19
132
-2285
3590
15279240
53
-9
15
125
-2253
3612
15280265
35
-13
5
130
-2249
3619
15281290
12
-14
-1
154
-2259
3647
15282315
-11
-2
-1
169
-2286
3633
15283340
-21
23
-8
153
-2269
3629
15284365
-45
23
-9
170
-2332
3629
15285390
-32
16
9
137
-2379
3580
15286415
10
6
10
126
-2320
3586
15279232
28
0
11
121
-2293
3600
15280257
28
-4
7
109
-2284
3608
15281282
23
-7
3
130
-2284
3630
15282307
17
-4
3
151
-2274
3650
15283332
-9
1
7
146
-2282
3637
15284357
-20
0
6
128
-2274
3611
15285382
-20
-4
4
132
-2287
3596
15286407
-14
-7
-1
120
-2289
3599
15287432
-12
-9
-2
143
-2307
3607
15288457
-6
-9
-1
144
-2307
3619
15289482
-4
-11
2
142
-2300
3610
15290507
3
-12
1
143
-2317
3604
15291532
17
-12
0
151
-2302
3621
15292557
14
-8
3
162
-2288
3629
15293582
5
-5
5
152
-2302
3624
15294607
3
-7
6
156
-2276
3623
15287425
-2
-4
8
136
-2272
3628
15288450
-12
-2
4
130
-2278
3614
15289475
-22
-4
-1
147
-2302
3614
15290500
-23
-5
-4
153
-2304
3636
15291525
-23
-6
0
150
-2335
3625
15292550
-13
-2
4
146
-2348
3601
15293575
14
4
7
145
-2306
3623
15294600
25
4
12
130
-2270
3610
15295625
17
-3
10
123
-2280
3581
15296650
22
-8
0
140
-2300
3594
15297675
35
-4
-3
151
-2339
3629
15298700
37
14
-7
159
-2262
3683
15299725
-14
23
0
180
-2236
3688
15300750
-51
29
5
171
-2261
3623
15301775
-57
24
7
141
-2273
3555
15302800
-46
18
13
121
-2312
3560
15295616
-18
10
8
108
-2325
3605
15296641
-1
5
11
119
-2340
3641
15297666
-8
6
14
100
-2310
3612
15298691
-11
0
13
110
-2313
3581
15299716
14
-8
9
123
-2294
3594
15300741
21
-12
6
125
-2285
3601
15301766
18
-17
2
112
-2278
3611
15302791
17
-27
-7
131
-2294
3610
15303816
16
-25
-7
151
-2282
3665
15304841
-14
-17
-1
147
-2288
3659
15305866
-36
-9
2
135
-2289
3619
15306891
-43
-10
17
164
-2399
3671
15307916
-37
-23
21
124
-2395
3713
15308941
-41
-24
-14
126
-2346
3649
15309966
45
-33
-8
246
-2158
3505
15310991
30
-52
102
117
-2213
3572
15303808
-73
-49
55
23
-2561
3395
15304833
147
-34
15
177
-2402
3501
15305858
172
-17
8
125
-2207
3647
15306883
45
-2
-7
172
-2275
3746
15307908
22
37
-14
207
-2139
3800
15308933
-48
59
-10
173
-2054
3701
15309958
-129
56
5
141
-2166
3518
15310983
-128
31
-3
85
-2297
3476
15312008
-75
0
-30
140
-2366
3581
15313033
-35
-11
-33
97
-2347
3649
15314058
-55
-16
-16
93
-2453
3646
15315083
-24
-11
-7
129
-2486
3622
15316108
38
2
7
150
-2369
3634
15317133
48
4
18
148
-2318
3563
15318158
69
-7
18
141
-2290
3552
15319183
90
-15
12
146
-2198
3640
15312278
39
-18
8
133
-2197
3670
15313303
-16
-18
2
135
-2255
3649
15314328
-34
-9
-5
154
-2259
3652
15315353
-61
0
-4
163
-2308
3638
15316378
-67
1
-4
141
-2330
3601
15317403
-51
0
0
137
-2331
3575
15318428
-29
-3
4
123
-2381
3562
15319453
15
-6
4
139
-2334
3606
15320478
19
-8
9
139
-2321
3597
15321503
24
-9
7
136
-2325
3594
15322528
43
-8
3
151
-2283
3626
15323553
25
-5
7
158
-2270
3630
15324578
-3
-6
6
141
-2284
3609
15325603
-7
-6
1
153
-2292
3613
15326628
-13
-2
1
156
-2297
3631
15327653
-29
-1
2
144
-2321
3613
15320193
-20
1
4
142
-2335
3611
15321218
-7
0
10
132
-2320
3612
15322243
4
-2
10
124
-2311
3594
15323268
12
-5
7
124
-2314
3596
15324293
10
-10
3
134
-2306
3606
15325318
5
-9
0
149
-2292
3625
15326343
-5
-6
1
155
-2315
3629
15327368
-9
-1
5
161
-2313
3616
15328393
-6
1
6
160
-2301
3596
15329418
5
-2
7
152
-2293
3595
15330443
8
-3
8
128
-2280
3603
15331468
4
-4
7
129
-2300
3617
15332493
0
-2
4
129
-2302
3623
15333518
-9
-1
2
136
-2303
3625
15334543
-17
-1
4
142
-2315
3606
15335568
-9
-4
2
150
-2316
3591
15328384
6
-4
4
157
-2320
3603
15329409
12
-4
6
138
-2304
3610
15330434
9
-3
9
140
-2312
3615
15331459
11
0
8
132
-2286
3625
15332484
1
0
5
139
-2300
3609
15333509
-3
-1
1
142
-2289
3604
15334534
-11
-3
0
148
-2305
3603
15335559
-7
-4
1
140
-2311
3614
15336584
-6
-6
2
134
-2332
3622
15337609
-4
-3
1
146
-2317
3617
15338634
0
-2
2
145
-2324
3597
15339659
12
0
2
144
-2305
3607
15340684
13
-1
4
135
-2296
3600
15341709
11
-3
5
141
-2310
3608
15342734
13
-2
4
136
-2301
3622
15343759
5
1
4
136
-2290
3630
15336576
-8
1
3
140
-2299
3607
15337601
-6
-2
3
140
-2308
3607
15338626
-1
-2
6
134
-2286
3617
15339651
-3
-2
6
129
-2303
3607
15340676
-2
-2
4
131
-2305
3610
15341701
-12
-1
3
133
-2299
3637
15342726
-23
-6
22
141
-2410
3663
15343751
-9
-14
-1
90
-2287
3649
15344776
-39
-23
0
179
-2302
3591
15345801
14
-3
55
286
-2296
3710
15346826
38
11
124
107
-2391
3648
15347851
19
8
86
77
-2457
3363
15348876
129
10
58
100
-2286
3449
15349901
129
-2
20
58
-2057
3603
15350926
29
-23
-18
80
-2220
3613
15351951
24
-10
-51
140
-2248
3766
15344768
-18
27
-49
195
-2131
3830
15345793
-117
40
-28
159
-2183
3624
15346818
-145
32
-9
80
-2280
3499
15347843
-127
3
-25
119
-2364
3520
15348868
-52
-11
-39
124
-2365
3591
15349893
-24
-18
-28
105
-2420
3633
15350918
-18
-23
-11
100
-2457
3598
15351943
36
-21
-3
132
-2396
3594
15352968
80
-15
9
160
-2338
3621
15353993
78
-15
17
138
-2303
3610
15355018
67
-16
13
145
-2226
3640
15356043
46
-13
8
133
-2196
3639
15357068
2
-15
0
142
-2243
3644
15358093
-22
-10
-7
158
-2241
3657
15359118
-54
-5
-9
147
-2291
3619
15360143
-52
-2
-8
149
-2353
3613
15352960
-32
3
-4
145
-2321
3619
15353985
-32
1
4
131
-2374
3576
15355010
11
-3
7
122
-2361
3577
15356035
50
-7
8
116
-2281
3617
15357060
41
-10
9
119
-2288
3616
15358085
34
-10
6
129
-2268
3614
15359110
18
-11
0
144
-2258
3632
15360135
-4
-11
-1
154
-2262
3650
15361160
-27
-8
0
159
-2312
3641
15362185
-26
1
2
159
-2311
3625
15363210
-20
6
6
149
-2305
3618
15364235
-16
4
11
125
-2293
3598
15365260
-16
-2
12
109
-2296
3584
15366285
-2
-8
6
114
-2312
3597
15367310
5
-8
1
120
-2292
3617
15368335
-8
-11
-2
138
-2323
3616
15361152
-1
-8
2
160
-2310
3628
15362177
-4
-5
5
154
-2322
3604
15363202
7
-4
7
152
-2286
3611
15364227
3
-6
7
141
-2285
3603
15365252
2
-6
4
143
-2290
3614
15366277
-5
-6
3
137
-2289
3634
15367302
-13
-3
3
138
-2304
3632
15368327
-20
1
5
141
-2302
3615
15369352
-22
0
5
138
-2320
3589
15370377
-7
-4
3
132
-2309
3590
15371402
1
-8
3
129
-2334
3610
15372427
12
-8
2
135
-2306
3615
15373452
11
-7
4
142
-2310
3628
15374477
8
-4
4
137
-2292
3627
15375502
-1
-3
4
147
-2295
3605
15376527
-6
-2
5
144
-2288
3613
15369344
-13
-1
5
145
-2290
3617
15370369
-19
-3
4
140
-2308
3603
15371394
-18
-4
6
138
-2316
3603
15372419
-6
-4
6
135
-2307
3613
15373444
-1
-2
7
129
-2317
3612
15374469
-4
-1
4
137
-2317
3609
15375494
-11
-1
1
144
-2300
3607
15376519
-14
-2
-1
145
-2313
3603
15377544
-8
-3
0
154
-2334
3604
15378569
2
-1
3
145
-2343
3590
15379594
17
1
8
144
-2316
3614
15380619
20
3
9
128
-2280
3605
15381644
15
-1
6
124
-2298
3595
15382669
12
-1
3
135
-2284
3610
15383694
1
-3
-1
139
-2302
3615
15384719
-2
-3
-1
149
-2308
3639
15377535
-11
3
4
143
-2323
3630
15378560
-12
7
4
128
-2307
3574
15379585
0
5
6
126
-2306
3592
15380610
7
4
7
133
-2297
3629
15381635
-2
2
6
123
-2290
3606
15382660
-7
1
4
125
-2303
3595
15383685
1
-5
1
129
-2314
3608
15384710
10
3
2
164
-2301
3668
15385735
-18
13
11
141
-2291
3625
15386760
-32
9
10
119
-2301
3562
15387785
-14
3
7
139
-2296
3587
15388810
-11
2
6
136
-2319
3624
15389835
-19
1
18
115
-2356
3678
15390860
-20
-11
-1
81
-2299
3707
15391885
3
-11
-14
208
-2471
3669
15392910
80
-23
57
287
-2279
3523
15385728
42
-31
123
-56
-2206
3465
15386753
-5
-61
48
58
-2492
3326
15387778
208
-37
10
142
-2312
3611
15388803
141
-21
3
121
-2112
3792
15389828
-8
-5
-8
150
-2213
3721
15390853
-19
34
-27
181
-2154
3731
15391878
-87
49
-30
189
-2103
3694
15392903
-159
41
-26
153
-2197
3557
15393928
-139
26
-19
103
-2316
3504
15394953
-101
10
-25
85
-2446
3566
15395978
-51
-11
-30
70
-2420
3569
15397003
-10
-19
-15
93
-2429
3608
15398028
37
-16
-2
130
-2452
3629
15399053
73
-7
14
149
-2365
3642
15400078
70
-5
26
127
-2284
3603
15401103
58
-13
20
133
-2283
3576
15393920
74
-10
13
155
-2200
3663
15394945
25
-8
5
146
-2196
3658
15395970
-26
-5
-1
153
-2251
3645
15396995
-51
-1
-5
135
-2243
3640
15398020
-78
-3
-5
118
-2332
3588
15399045
-52
-3
-6
129
-2366
3602
15400070
-28
3
-2
123
-2351
3606
15401095
-22
0
4
107
-2364
3573
15402120
12
-6
5
119
-2333
3570
15403145
35
-13
6
132
-2326
3593
15404170
50
-16
4
142
-2292
3614
15405195
43
-16
4
145
-2274
3629
15406220
22
-13
6
153
-2276
3633
15407245
4
-8
5
145
-2278
3622
15408270
-4
-3
2
143
-2275
3648
15409295
-26
0
1
133
-2274
3631
15402112
-42
-3
0
140
-2330
3589
15403137
-18
-2
0
150
-2332
3600
15404162
-2
-5
4
132
-2340
3599
15405187
15
-6
9
134
-2326
3617
15406212
21
-5
11
113
-2301
3602
15407237
25
-5
8
123
-2308
3620
15408262
21
-7
2
133
-2249
3632
15409287
-11
-11
0
146
-2293
3609
15410312
-11
-9
0
153
-2314
3619
15411337
-3
-3
2
161
-2310
3629
15412362
-1
1
8
160
-2295
3634
15413387
-12
2
12
129
-2291
3595
15414412
-8
0
10
119
-2292
3598
15415437
-4
-4
4
109
-2290
3606
15416462
-12
-9
0
128
-2321
3614
15417487
-8
-9
-1
137
-2328
3611
15410304
1
-6
2
150
-2333
3617
15411329
9
-6
4
145
-2320
3611
15412354
14
-5
6
137
-2304
3608
15413379
18
-4
8
127
-2282
3622
15414404
9
-4
7
139
-2273
3625
15415429
-7
-4
6
136
-2278
3617
15416454
-17
-4
2
132
-2294
3602
15417479
-16
-5
0
138
-2316
3601
15418504
-7
-7
0
133
-2320
3610
15419529
-3
-9
1
134
-2320
3610
15420554
2
-7
3
143
-2324
3621
15421579
8
-4
4
140
-2292
3619
15422604
2
-5
4
145
-2290
3622
15423629
-10
-4
3
133
-2260
3618
15424654
-30
-6
-4
133
-2291
3609
15425679
-29
-12
-11
121
-2301
3575
15418496
-20
-18
-16
130
-2341
3594
15419521
2
-13
-15
183
-2349
3649
15420546
5
6
0
179
-2313
3641
15421571
-14
13
9
129
-2317
3582
15422596
0
9
9
138
-2296
3563
15423621
12
9
7
147
-2286
3616
15424646
-9
4
3
145
-2285
3646
15425671
-31
0
4
139
-2295
3612
15426696
-36
-2
9
120
-2336
3565
15427721
-30
-3
26
124
-2348
3658
15428746
-43
3
31
162
-2419
3726
15429771
11
2
3
210
-2331
3628
15430796
91
-23
136
129
-2292
3622
15431821
-47
-29
121
14
-2384
3487
15432846
96
-24
60
142
-2398
3457
15433871
199
-8
53
113
-2301
3554
15426688
100
-15
22
83
-2176
3584
15427713
31
-13
-13
134
-2185
3638
15428738
33
22
-40
166
-2147
3766
15429763
-52
57
-45
192
-2140
3793
15430788
-140
61
-36
161
-2156
3645
15431813
-124
53
-28
133
-2188
3524
15432838
-139
29
-26
26
-2305
3476
15433863
-149
-16
-38
65
-2465
3501
15434888
-45
-36
-51
82
-2433
3585
15435913
3
-37
-32
113
-2503
3657
15436938
28
-31
-10
118
-2482
3610
15437963
84
-22
8
125
-2378
3595
15438988
109
-14
18
158
-2271
3630
15440013
76
-20
20
150
-2273
3600
15441038
69
-17
15
162
-2195
3652
15442063
31
-12
4
136
-2166
3652
15434880
-32
-12
-7
145
-2244
3641
15435905
-63
-6
-13
167
-2267
3644
15436930
-86
-4
-12
145
-2333
3608
15437955
-73
-2
-7
135
-2358
3599
15438980
-46
1
1
120
-2370
3585
15440005
-19
-5
1
108
-2384
3546
15441030
22
-12
-1
133
-2357
3577
15442055
46
-15
2
149
-2344
3611
15443080
54
-12
4
159
-2311
3632
15444105
46
-5
11
166
-2277
3642
15445130
27
-2
12
151
-2268
3613
15446155
18
1
12
155
-2232
3635
15447180
-17
2
9
119
-2241
3613
15448205
-43
-1
2
125
-2304
3613
15449230
-47
-3
-4
122
-2315
3607
15450255
-46
-6
-5
125
-2381
3589
15443073
-16
-4
-1
151
-2354
3605
15444098
-1
-2
6
144
-2363
3586
15445123
26
-4
10
135
-2328
3594
15446148
36
-9
12
123
-2294
3592
15447173
33
-12
8
131
-2282
3601
15448198
26
-9
5
148
-2278
3645
15449223
2
-6
1
143
-2277
3631
15450248
-16
-2
2
157
-2302
3627
15451273
-25
0
4
141
-2296
3609
15452298
-24
-2
2
134
-2324
3600
15453323
-14
-3
2
131
-2313
3597
15454348
-12
-6
2
130
-2361
3596
15455373
9
-3
3
141
-2307
3623
15456398
2
-3
6
134
-2324
3606
15457423
3
-5
5
136
-2306
3590
15458448
4
-7
2
147
-2309
3596
15451432
9
-6
1
151
-2303
3626
15452457
-1
-7
1
146
-2306
3622
15453482
-6
-5
5
151
-2316
3615
15454507
-2
-3
8
137
-2300
3618
15455532
-4
0
9
137
-2306
3619
15456557
-10
-1
5
130
-2313
3591
15457582
-13
-3
1
151
-2310
3609
15458607
-15
-2
-1
139
-2327
3609
15459632
-9
0
3
149
-2343
3612
15460657
0
1
7
149
-2332
3590
15461682
15
2
10
145
-2319
3583
15462707
29
-1
11
128
-2298
3603
15463732
27
-3
10
126
-2283
3626
15464757
10
-5
6
127
-2281
3615
15465782
-3
-4
3
137
-2306
3612
15466807
-6
-1
1
143
-2287
3631
15459457
-19
-1
2
143
-2312
3604
15460482
-15
-2
3
143
-2327
3588
15461507
0
-3
3
137
-2320
3608
15462532
8
-7
2
123
-2324
3607
15463557
11
-6
2
139
-2334
3632
15464582
14
6
5
155
-2308
3658
15465607
-2
12
9
139
-2275
3618
15466632
-11
8
4
121
-2272
3563
15467657
-8
4
1
138
-2283
3583
15468682
-13
-2
-3
135
-2298
3620
15469707
-26
-3
-2
142
-2296
3658
15470732
-62
-3
8
145
-2354
3672
15471757
-42
-3
15
155
-2472
3596
15472782
41
9
19
100
-2348
3606
15473807
80
-14
75
262
-2095
3692
15474832
-41
-31
134
1
-2418
3529
15467649
35
-41
66
119
-2628
3361
15468674
245
-15
57
113
-2331
3534
15469699
174
-12
27
85
-2084
3664
15470724
48
-7
-3
132
-2157
3690
15471749
22
26
-28
142
-2131
3762
15472774
-39
45
-46
169
-2050
3763
15473799
-142
47
-50
163
-2124
3661
15474824
-169
37
-45
131
-2211
3550
15475849
-191
9
-45
28
-2363
3476
15476874
-151
-20
-54
70
-2488
3514
15477899
-57
-27
-53
90
-2459
3602
15478924
-8
-22
-26
149
-2538
3659
15479949
44
-15
8
146
-2483
3584
15480974
111
-15
28
131
-2388
3539
15481999
152
-8
33
155
-2229
3638
15483024
91
-12
31
131
-2201
3632
15475840
50
-17
17
134
-2176
3638
15476865
14
-13
0
140
-2164
3665
15477890
-51
-8
-10
143
-2238
3637
15478915
-82
-5
-16
149
-2319
3645
15479940
-83
3
-12
149
-2322
3638
15480965
-88
6
-1
121
-2382
3580
15481990
-37
4
3
101
-2386
3539
15483015
16
-6
5
90
-2358
3543
15484040
46
-18
3
125
-2360
3575
15485065
70
-21
4
141
-2314
3618
15486090
64
-17
7
150
-2295
3638
15487115
48
-12
6
153
-2254
3646
15488140
16
-7
6
163
-2253
3628
15489165
-9
-4
4
157
-2255
3614
15490190
-20
-4
0
150
-2273
3620
15491215
-32
-6
-2
129
-2294
3620
15484032
-37
-8
-2
127
-2338
3601
15485057
-20
-5
0
140
-2340
3609
15486082
-6
-4
2
129
-2355
3597
15487107
15
-3
5
146
-2321
3605
15488132
20
-5
11
131
-2321
3584
15489157
36
-9
11
129
-2282
3616
15490182
29
-10
11
128
-2240
3625
15491207
5
-9
8
135
-2295
3619
15492232
-1
-5
1
155
-2272
3636
15493257
-24
-5
-3
154
-2295
3643
15494282
-42
-3
-1
152
-2312
3614
15495307
-39
0
3
153
-2344
3606
15496332
-14
4
7
143
-2331
3593
15497357
8
1
10
135
-2312
3593
15498382
15
-2
10
115
-2288
3601
15499407
13
-6
8
121
-2293
3606
15492223
7
-7
3
134
-2284
3620
15493248
-7
-9
-1
148
-2305
3623
15494273
-13
-6
-2
156
-2312
3628
15495298
-14
-3
1
152
-2316
3611
15496323
-7
-1
3
151
-2315
3618
15497348
-5
-3
7
134
-2301
3602
15498373
-2
-3
6
131
-2303
3609
15499398
1
-4
4
133
-2304
3609
15500423
0
-4
2
128
-2303
3617
15501448
-3
-5
3
136
-2301
3610
15502473
-4
-6
4
143
-2309
3602
15503498
0
-6
3
145
-2313
3608
15504523
3
-6
2
140
-2322
3614
15505548
6
-6
3
142
-2300
3610
15506573
4
-5
4
148
-2303
3613
15507598
3
-5
4
148
-2303
3614
15500416
-1
-4
4
141
-2299
3606
15501441
-3
-5
3
134
-2302
3609
15502466
-3
-3
2
138
-2302
3624
15503491
-11
-2
1
140
-2318
3614
15504516
-11
0
-3
140
-2328
3599
15505541
2
4
-3
153
-2316
3629
15506566
-9
5
4
130
-2311
3599
15507591
-5
5
7
129
-2294
3604
15508616
-9
14
7
151
-2299
3651
15509641
-32
19
9
134
-2285
3606
15510666
-55
12
5
123
-2285
3551
15511691
-46
13
2
181
-2369
3652
15512716
-28
27
13
192
-2350
3691
15513741
-58
33
40
112
-2360
3655
15514766
-65
6
55
63
-2384
3552
15515791
51
6
1
181
-2341
3635
15508608
136
-32
108
237
-2268
3603
15509633
-8
-44
115
-101
-2361
3436
15510658
55
-55
42
95
-2429
3365
15511683
197
-32
13
76
-2252
3553
15512708
113
-26
-16
137
-2163
3728
15513733
4
-11
-25
173
-2223
3745
15514758
-15
28
-37
163
-2181
3738
15515783
-71
37
-45
157
-2132
3676
15516808
-133
30
-49
146
-2196
3581
15517833
-132
18
-48
132
-2240
3530
15518858
-130
2
-32
90
-2417
3547
15519883
-89
-12
-34
77
-2491
3559
15520908
-21
-15
-21
103
-2468
3606
15521933
25
-17
-10
103
-2441
3570
15522958
73
-13
5
148
-2420
3616
15523983
107
-8
17
158
-2294
3618
15516800
72
-17
22
127
-2240
3580
15517825
55
-26
15
147
-2237
3615
15518850
49
-23
1
143
-2194
3646
15519875
0
-19
-7
161
-2267
3665
15520900
-39
-11
-10
166
-2287
3659
15521925
-69
1
-5
166
-2324
3651
15522950
-73
10
0
158
-2351
3599
15523975
-57
9
6
124
-2350
3558
15525000
-26
-2
11
108
-2344
3561
15526025
10
-9
12
99
-2336
3574
15527050
30
-14
8
111
-2330
3598
15528075
28
-20
3
129
-2318
3615
15529100
17
-19
1
146
-2322
3610
15530125
14
-17
0
167
-2319
3605
15531150
20
-16
-1
175
-2332
3616
15532175
31
-9
4
182
-2301
3656
15524993
10
1
14
147
-2288
3639
15526018
-7
4
12
125
-2273
3597
15527043
-15
3
7
131
-2277
3603
15528068
-31
-2
1
129
-2302
3593
15529093
-32
-5
-3
131
-2327
3587
15530118
-12
-6
-3
145
-2362
3596
15531143
8
-3
3
147
-2338
3620
15532168
7
-2
10
140
-2328
3606
15533193
15
-2
12
131
-2306
3595
15534218
18
-5
7
127
-2314
3587
15535243
21
-5
3
146
-2265
3630
15536268
-6
-5
3
135
-2283
3609
15537293
-14
-4
1
145
-2302
3606
15538318
-18
-5
0
148
-2324
3607
15539343
-14
-4
-1
145
-2347
3611
15540368
-5
-2
1
141
-2304
3622
15533184
-11
-3
4
136
-2329
3590
15534209
4
-4
4
139
-2310
3586
15535234
13
-8
3
140
-2318
3593
15536259
23
-8
2
145
-2315
3622
15537284
15
-5
4
145
-2276
3633
15538309
-9
-3
6
147
-2307
3606
15539334
-11
-1
3
142
-2297
3602
15540359
-14
-2
2
148
-2304
3593
15541384
-11
-5
4
144
-2335
3610
15542409
-5
-6
8
135
-2307
3607
15543434
0
-3
10
131
-2333
3602
15544459
12
-1
7
135
-2287
3607
15545484
-3
-5
4
137
-2310
3606
15546509
-9
-7
0
156
-2312
3617
15547534
-13
-5
1
159
-2320
3609
15548559
-6
-3
4
156
-2333
3601
15541375
3
-1
7
157
-2309
3598
15542400
8
0
10
152
-2307
3599
15543425
10
-1
11
134
-2286
3608
15544450
-3
-2
9
125
-2290
3612
15545475
-17
-3
4
129
-2311
3595
15546500
-16
-3
1
145
-2339
3610
15547525
-9
-1
1
145
-2322
3614
15548550
-13
-2
4
140
-2336
3593
15549575
-3
-2
5
134
-2321
3585
15550600
8
-5
6
126
-2316
3593
15551625
13
-7
5
135
-2323
3606
15552650
13
-6
4
141
-2311
3619
15553675
4
-2
4
141
-2302
3611
15554700
-2
-1
3
146
-2298
3599
15555725
-9
-3
2
146
-2304
3595
15556750
-9
-5
-1
147
-2323
3602
15549568
-5
-3
-1
151
-2309
3616
15550593
-9
-2
-1
137
-2331
3596
15551618
-3
-3
-2
140
-2337
3591
15552643
11
-4
0
141
-2318
3600
15553668
15
-5
1
141
-2321
3598
15554693
23
-5
0
145
-2323
3601
15555718
27
-1
0
149
-2305
3619
15556743
23
6
2
149
-2305
3631
15557768
13
11
12
150
-2309
3629
15558793
6
14
8
134
-2304
3602
15559818
0
24
13
158
-2247
3656
15560843
-32
21
16
99
-2227
3580
15561868
-42
11
12
121
-2314
3553
15562893
-31
6
15
129
-2343
3624
15563918
-30
1
20
145
-2389
3693
15564943
-32
8
3
154
-2312
3728
15557760
-65
8
12
112
-2413
3598
15558785
44
-20
12
160
-2272
3435
15559810
107
-59
107
161
-2332
3610
15560835
18
-53
94
21
-2425
3573
15561860
115
-45
48
105
-2286
3487
15562885
178
-30
37
103
-2331
3545
15563910
132
-22
12
141
-2162
3701
15564935
17
-15
-17
159
-2136
3693
15565960
-22
16
-34
173
-2193
3694
15566985
-59
44
-46
203
-2196
3713
15568010
-121
50
-48
165
-2147
3669
15569035
-168
43
-44
148
-2205
3596
15570060
-150
30
-27
64
-2305
3517
15571085
-152
-1
-29
37
-2476
3485
15572110
-60
-18
-32
97
-2494
3565
15573135
21
-23
-23
96
-2468
3598
15565953
69
-20
-2
141
-2506
3619
15566978
116
-13
15
142
-2327
3619
15568003
100
-18
24
146
-2258
3586
15569028
85
-19
22
177
-2239
3632
15570053
68
-14
13
160
-2175
3652
15571078
14
-16
3
152
-2195
3644
15572103
-29
-13
-7
151
-2215
3650
15573128
-73
-6
-9
144
-2302
3637
15574153
-81
-1
-9
147
-2347
3623
15575178
-70
4
-3
134
-2368
3592
15576203
-44
-1
3
120
-2392
3553
15577228
5
-6
6
132
-2386
3552
15578253
55
-11
9
135
-2353
3587
15579278
77
-16
13
129
-2287
3629
15580303
66
-14
17
140
-2248
3641
15581328
35
-9
15
145
-2254
3642
15574145
7
-6
4
157
-2227
3647
15575170
-37
-7
-2
158
-2250
3623
15576195
-60
-5
-3
155
-2305
3619
15577220
-57
0
0
157
-2336
3604
15578245
-40
3
4
148
-2350
3597
15579270
-18
3
9
136
-2337
3586
15580295
3
0
12
119
-2334
3575
15581320
19
-5
8
118
-2321
3592
15582345
18
-7
5
135
-2297
3624
15583370
7
-7
3
142
-2314
3615
15584395
7
-5
4
151
-2300
3617
15585420
0
-4
3
158
-2308
3603
15586445
4
-4
4
151
-2313
3610
15587470
5
-3
6
140
-2301
3624
15588495
4
0
9
125
-2293
3629
15589520
-2
1
8
123
-2288
3612
15582335
-13
-2
7
110
-2305
3586
15583360
-5
-5
2
124
-2315
3598
15584385
3
-5
1
132
-2297
3624
15585410
-9
-7
2
127
-2308
3604
15586435
-9
-7
0
135
-2306
3599
15587460
-5
-9
-2
146
-2317
3592
15588485
2
-9
-2
161
-2310
3603
15589510
1
-9
0
162
-2321
3615
15590535
6
-6
2
152
-2296
3613
15591560
2
-3
5
152
-2299
3610
15592585
-4
-2
4
145
-2299
3612
15593610
-10
-1
3
149
-2303
3628
15594635
-13
2
3
148
-2302
3609
15595660
-13
0
4
143
-2321
3602
15596685
-8
-2
5
132
-2306
3609
15597710
-7
-4
7
126
-2311
3598
15590585
-2
-3
5
133
-2326
3610
15591610
-2
-6
-2
132
-2323
3617
15592635
-1
-11
-7
132
-2351
3585
15593660
34
-16
-14
157
-2414
3587
15594685
95
7
-5
190
-2375
3650
15595710
91
36
19
152
-2255
3672
15596735
52
51
20
121
-2225
3613
15597760
32
45
18
125
-2234
3585
15598785
33
40
5
146
-2254
3636
15599810
-3
46
5
146
-2213
3694
15600835
-61
38
0
115
-2227
3609
15601860
-70
13
-11
84
-2248
3514
15602885
-64
-3
-3
135
-2317
3599
15603910
-65
-14
14
129
-2457
3632
15604935
-9
-22
37
129
-2431
3793
15605960
-25
-37
15
105
-2312
3797
15598720
-21
-48
-38
-13
-2266
3365
15599745
91
-139
-5
232
-2203
3000
15600770
197
-107
124
154
-2631
3998
15601795
89
-70
79
103
-2324
3782
15602820
147
-9
67
127
-2110
3628
15603845
91
20
59
128
-2195
3574
15604870
31
6
13
148
-2047
3558
15605895
-24
-10
-33
178
-2046
3593
15606920
-76
-4
-59
150
-2149
3698
15607945
-151
-2
-71
173
-2256
3728
15608970
-193
9
-65
159
-2300
3668
15609995
-187
22
-44
157
-2385
3611
15611020
-138
28
-24
127
-2425
3569
15612045
-93
18
-11
139
-2471
3538
15613070
-4
6
3
139
-2442
3533
15614095
75
-8
14
104
-2408
3550
15606911
129
-16
18
115
-2328
3611
15607936
126
-20
17
138
-2270
3646
15608961
88
-19
10
155
-2203
3674
15609986
30
-15
1
161
-2209
3654
15611011
-12
-5
0
182
-2239
3669
15612036
-47
3
-1
176
-2258
3628
15613061
-62
6
2
166
-2286
3602
15614086
-59
8
6
141
-2314
3599
15615111
-44
5
5
113
-2331
3575
15616136
-22
-4
4
113
-2367
3585
15617161
6
-7
3
122
-2355
3609
15618186
20
-4
3
136
-2327
3609
15619211
28
-4
7
147
-2315
3600
15620236
37
-5
9
161
-2283
3611
15621261
31
-8
8
143
-2268
3612
15622286
23
-8
5
143
-2263
3627
15615104
5
-6
2
146
-2269
3644
15616129
-17
-2
1
156
-2281
3634
15617154
-33
1
1
151
-2308
3617
15618179
-30
1
1
141
-2309
3601
15619204
-22
-2
3
138
-2316
3598
15620229
-9
-5
3
131
-2330
3596
15621254
12
-7
2
139
-2322
3603
15622279
22
-7
2
152
-2303
3621
15623304
17
-9
3
148
-2301
3619
15624329
20
-7
1
156
-2304
3621
15625354
14
0
3
160
-2257
3653
15626379
-19
2
4
144
-2272
3615
15627404
-25
-2
2
151
-2299
3594
15628429
-17
-2
1
156
-2313
3609
15629454
-10
0
2
158
-2329
3624
15630479
-3
2
5
139
-2329
3620
15623296
4
-1
9
129
-2309
3601
15624321
14
-1
9
135
-2293
3602
15625346
15
-1
5
136
-2284
3607
15626371
5
-5
2
147
-2290
3618
15627396
-7
-7
0
152
-2292
3616
15628421
-13
-6
1
151
-2317
3618
15629446
-4
-4
2
157
-2325
3610
15630471
7
0
3
163
-2309
3615
15631496
10
0
8
153
-2299
3615
15632521
12
0
11
136
-2285
3615
15633546
7
-1
10
125
-2284
3606
15634571
4
-5
4
128
-2280
3606
15635596
2
-8
-2
143
-2304
3624
15636621
1
-5
-1
154
-2310
3637
15637646
-5
1
3
148
-2313
3631
15638671
-5
3
5
147
-2303
3612
15631487
2
2
3
142
-2291
3589
15632512
13
-3
1
138
-2297
3605
15633537
17
-2
0
143
-2298
3642
15634562
8
8
4
146
-2302
3642
15635587
4
21
4
141
-2297
3619
15636612
6
25
4
145
-2294
3621
15637637
6
21
1
118
-2251
3610
15638662
-9
10
-4
132
-2286
3601
15639687
-11
7
-6
154
-2281
3639
15640712
-22
13
-4
140
-2290
3625
15641737
-23
13
2
134
-2316
3593
15642762
1
8
7
135
-2333
3611
15643787
18
3
9
131
-2293
3639
15644812
4
-2
6
112
-2284
3599
15645837
2
-8
5
127
-2320
3628
15646862
4
-17
21
158
-2403
3769
15639680
-31
-22
11
149
-2258
3851
15640705
-50
-27
-14
110
-2301
3491
15641730
104
-74
27
263
-2213
3188
15642755
88
-51
112
8
-2420
3734
15643780
30
-69
40
70
-2308
3481
15644805
160
-33
12
114
-2268
3592
15645830
98
-15
4
170
-2219
3785
15646855
-7
0
-13
161
-2182
3729
15647880
-26
22
-32
204
-2112
3667
15648905
-69
38
-26
198
-2053
3646
15649930
-153
30
-11
174
-2227
3603
15650955
-154
20
-22
125
-2355
3577
15651980
-101
9
-27
113
-2392
3594
15653005
-56
4
-21
114
-2463
3621
15654030
-15
2
-2
113
-2472
3609
15655055
38
0
8
130
-2391
3598
15647872
79
-3
17
139
-2302
3589
15648897
85
-11
20
135
-2281
3592
15649922
91
-17
11
141
-2197
3626
15650947
53
-20
5
152
-2172
3654
15651972
-4
-22
-1
154
-2247
3645
15652997
-20
-13
-8
178
-2248
3687
15654022
-53
1
-2
164
-2249
3675
15655047
-90
8
4
143
-2329
3605
15656072
-66
6
1
133
-2312
3568
15657097
-40
-2
3
117
-2347
3558
15658122
-3
-10
4
126
-2358
3594
15659147
22
-10
7
140
-2315
3631
15660172
22
-9
8
131
-2308
3612
15661197
29
-10
7
147
-2271
3609
15662222
23
-11
6
153
-2273
3613
15663247
17
-9
3
173
-2256
3650
15656064
-11
-5
5
168
-2265
3643
15657089
-36
-1
5
160
-2289
3612
15658114
-37
1
3
150
-2302
3602
15659139
-26
-2
3
149
-2326
3602
15660164
-8
-1
5
146
-2328
3602
15661189
5
1
10
144
-2335
3621
15662214
18
2
14
127
-2290
3614
15663239
17
-3
13
118
-2304
3591
15664264
26
-6
6
134
-2288
3610
15665289
16
-8
0
153
-2271
3637
15666314
-6
-8
2
155
-2291
3638
15667339
-14
-6
3
156
-2306
3619
15668364
-9
-1
5
157
-2307
3612
15669389
-5
1
8
153
-2285
3599
15670414
-1
2
9
139
-2286
3613
15671439
-5
1
7
119
-2258
3615
15664375
-17
-2
4
113
-2306
3602
15665400
-10
-7
-3
130
-2293
3611
15666425
-9
-7
-1
149
-2322
3634
15667450
-4
-5
4
157
-2314
3608
15668475
4
-3
7
162
-2306
3602
15669500
12
-1
8
150
-2269
3614
15670525
4
-4
8
132
-2271
3621
15671550
-8
-6
6
131
-2282
3615
15672575
-8
-4
2
142
-2288
3624
15673600
-14
-3
-1
140
-2310
3620
15674625
-11
0
1
143
-2293
3621
15675650
-20
-2
5
146
-2303
3602
15676675
-13
-4
5
139
-2318
3588
15677700
2
-7
3
141
-2315
3595
15678725
13
-7
1
154
-2313
3607
15679750
14
-5
3
153
-2308
3626
15672449
11
-1
5
149
-2277
3636
15673474
-1
0
7
143
-2289
3619
15674499
-7
2
6
135
-2271
3614
15675524
-16
0
3
144
-2292
3609
15676549
-14
0
2
145
-2303
3616
15677574
-16
0
2
146
-2325
3604
15678599
-4
0
4
143
-2323
3600
15679624
5
-2
8
137
-2305
3603
15680649
12
-1
10
137
-2288
3611
15681674
11
-2
7
130
-2297
3600
15682699
18
-3
-3
131
-2304
3608
15683724
17
4
-7
153
-2272
3647
15684749
-14
6
-4
141
-2316
3628
15685774
-9
7
-2
162
-2318
3612
15686799
8
10
5
151
-2308
3600
15687824
19
8
3
144
-2301
3592
15680640
22
11
8
133
-2259
3645
15681665
-8
15
13
134
-2257
3678
15682690
-39
11
4
127
-2266
3614
15683715
-50
10
-3
135
-2281
3580
15684740
-56
-2
4
97
-2342
3572
15685765
-35
-16
6
143
-2376
3711
15686790
-35
-31
17
125
-2455
3715
15687815
67
-42
7
249
-2139
3511
15688840
59
-50
138
118
-2328
3593
15689865
-23
-32
98
6
-2525
3467
15690890
149
-23
45
140
-2288
3431
15691915
177
-21
26
78
-2238
3557
15692940
108
-25
-10
142
-2167
3720
15693965
54
-2
-39
178
-2072
3790
15694990
-36
28
-45
174
-2053
3777
15696015
-157
27
-51
183
-2147
3632
15688832
-187
23
-48
186
-2253
3545
15689857
-154
16
-38
112
-2324
3556
15690882
-146
-4
-37
77
-2457
3558
15691907
-73
-15
-31
132
-2499
3593
15692932
4
-16
-13
116
-2502
3572
15693957
79
-10
7
161
-2468
3619
15694982
123
-4
25
153
-2310
3616
15696007
109
-9
33
143
-2255
3584
15697032
96
-14
24
170
-2179
3619
15698057
56
-15
13
156
-2163
3653
15699082
7
-17
5
154
-2166
3674
15700107
-47
-12
-1
151
-2229
3656
15701132
-76
-4
-7
157
-2290
3654
15702157
-94
1
-2
150
-2325
3627
15703182
-94
-2
2
131
-2356
3585
15704207
-60
-2
12
122
-2357
3591
15697023
-29
-8
22
97
-2353
3560
15698048
2
-15
21
108
-2346
3561
15699073
21
-22
15
122
-2319
3591
15700098
18
-26
7
149
-2321
3611
15701123
11
-25
2
185
-2333
3612
15702148
16
-17
2
211
-2336
3617
15703173
21
-7
5
205
-2294
3617
15704198
17
-2
8
177
-2284
3599
15705223
13
-2
5
169
-2285
3599
15706248
9
-2
3
157
-2263
3616
15707273
-2
-3
6
160
-2268
3624
15708298
-9
-1
7
162
-2285
3611
15709323
-18
-1
3
159
-2306
3591
15710348
-22
-1
-8
147
-2340
3568
15711373
-5
0
-18
153
-2359
3592
15712398
2
3
-23
157
-2373
3604
15705216
20
5
-20
163
-2392
3591
15706241
61
5
-16
155
-2355
3576
15707266
98
5
-10
164
-2323
3590
15708291
116
5
-3
161
-2261
3631
15709316
84
-1
0
154
-2200
3650
15710341
45
-1
-4
130
-2244
3650
15711366
40
4
-4
129
-2200
3657
15712391
7
6
-4
136
-2218
3661
15713416
-26
4
-4
142
-2260
3628
15714441
-33
1
-8
139
-2286
3601
15715466
-18
-2
-7
146
-2311
3594
15716491
12
-6
-7
138
-2331
3609
15717516
41
-10
0
149
-2272
3656
15718541
37
-5
12
144
-2262
3649
15719566
33
0
18
131
-2209
3639
15720591
8
-2
18
138
-2180
3634
15713408
-23
-3
12
135
-2198
3656
15714433
-59
-6
8
130
-2217
3656
15715458
-97
-9
4
118
-2294
3614
15716483
-88
-12
-2
138
-2348
3579
15717508
-43
-15
-3
161
-2391
3576
15718533
10
-11
7
183
-2357
3625
15719558
28
-7
17
175
-2319
3611
15720583
41
-6
20
157
-2278
3603
15721608
42
-10
16
126
-2211
3617
15722633
11
-17
8
135
-2247
3645
15723658
-17
-13
3
173
-2239
3683
15724683
-59
-3
4
184
-2290
3650
15725708
-72
7
8
171
-2329
3611
15726733
-52
8
10
148
-2331
3589
15727758
-22
6
12
136
-2346
3590
15728783
9
1
10
123
-2313
3577
15721599
29
-5
8
142
-2334
3591
15722624
51
-8
4
159
-2299
3622
15723649
52
-10
8
175
-2269
3644
15724674
38
-7
11
171
-2253
3641
15725699
21
-1
10
165
-2242
3645
15726724
-1
3
9
166
-2242
3639
15727749
-21
5
9
160
-2280
3634
15728774
-20
11
10
134
-2273
3640
15729799
-24
14
13
102
-2278
3622
15730824
-25
10
12
93
-2283
3616
15731849
-31
2
9
101
-2289
3609
15732874
-26
-4
3
120
-2296
3599
15733899
-16
-10
0
128
-2299
3588
15734924
-2
-17
-3
142
-2293
3593
15735949
6
-22
-3
157
-2287
3625
15736974
2
-20
-4
196
-2312
3619
15729792
26
-8
-8
204
-2268
3634
15730817
4
-3
-4
182
-2240
3670
15731842
-39
-1
3
164
-2321
3640
15732867
-35
6
10
160
-2312
3648
15733892
-42
14
15
162
-2355
3613
15734917
-22
18
19
150
-2332
3603
15735942
-9
16
19
128
-2304
3574
15736967
14
8
15
114
-2306
3565
15737992
36
0
6
109
-2263
3596
15739017
25
-8
-1
115
-2294
3636
15740042
7
-8
-3
127
-2299
3656
15741067
-11
-2
1
148
-2314
3646
15742092
-16
4
7
146
-2310
3602
15743117
3
6
9
133
-2278
3582
15744142
22
1
8
121
-2250
3584
15745167
25
-7
0
107
-2215
3632
15737985
-19
-18
-5
105
-2273
3644
15739010
-42
-19
-7
130
-2325
3627
15740035
-24
-9
-5
162
-2324
3631
15741060
-14
-2
2
159
-2304
3625
15742085
-25
-5
7
143
-2311
3603
15743110
-23
-8
5
148
-2308
3599
15744135
-7
-5
0
167
-2304
3590
15745160
10
-3
-4
171
-2302
3610
15746185
16
-4
-7
168
-2241
3645
15747210
-33
-8
-4
155
-2304
3598
15748235
-17
-4
7
84
-2262
3646
15749260
-48
-9
-1
134
-2366
3602
15750285
-7
-2
0
133
-2296
3614
15751310
-25
2
7
145
-2368
3601
15752335
-14
-4
8
188
-2345
3572
15753360
17
-2
12
183
-2339
3592
15746176
36
-2
20
180
-2325
3602
15747201
46
7
22
149
-2297
3654
15748226
14
10
22
146
-2272
3649
15749251
-13
12
16
113
-2271
3621
15750276
-8
13
13
84
-2211
3602
15751301
-22
7
8
80
-2235
3612
15752326
-47
-3
-1
105
-2267
3616
15753351
-48
-7
-8
130
-2337
3606
15754376
-28
-3
-7
151
-2301
3613
15755401
-43
-2
3
150
-2365
3604
15756426
-31
-3
11
149
-2366
3585
15757451
-23
-9
13
131
-2353
3579
15758476
-12
-13
12
135
-2345
3579
15759501
5
-14
7
127
-2336
3584
15760526
16
-14
6
125
-2299
3629
15761551
-8
-17
4
101
-2271
3616
15754369
-38
-22
-1
99
-2310
3584
15755394
-39
-26
-12
107
-2333
3572
15756419
-21
-27
-19
130
-2359
3595
15757444
-11
-30
-17
163
-2396
3597
15758469
12
-29
-9
186
-2397
3585
15759494
48
-25
-1
195
-2371
3587
15760519
79
-19
5
191
-2340
3588
15761544
90
-18
5
177
-2291
3606
15762569
84
-20
0
195
-2264
3601
15763594
78
-17
-9
203
-2257
3612
15764619
60
-11
-11
204
-2266
3644
15765644
39
-6
-3
192
-2298
3673
15766669
28
-4
-2
206
-2290
3654
15767694
16
4
4
194
-2309
3628
15768719
27
13
9
182
-2239
3620
15769744
7
12
6
163
-2284
3615
15762561
23
10
1
146
-2255
3632
15763586
10
10
0
133
-2260
3635
15764611
0
14
0
133
-2294
3646
15765636
-3
16
2
112
-2287
3646
15766661
-15
8
2
114
-2282
3618
15767686
-15
-1
1
124
-2294
3591
15768711
4
-5
-2
131
-2292
3597
15769736
18
-8
-6
130
-2294
3601
15770761
33
-12
-8
140
-2290
3603
15771786
38
-14
-1
150
-2240
3649
15772811
9
-15
3
130
-2273
3655
15773836
0
-13
3
143
-2273
3639
15774861
-1
-9
0
144
-2248
3631
15775886
-15
-10
-1
159
-2267
3621
15776911
-14
-11
-3
163
-2285
3603
15777936
3
-12
-5
177
-2281
3609
15770752
12
-13
-3
159
-2263
3637
15771777
-1
-17
1
167
-2281
3648
15772802
-10
-16
4
186
-2307
3639
15773827
-4
-5
4
177
-2284
3638
15774852
-7
-1
6
171
-2283
3624
15775877
-7
-6
6
174
-2284
3609
15776902
9
-7
5
185
-2277
3597
15777927
31
-4
1
189
-2240
3629
15778952
13
-4
0
156
-2227
3653
15779977
-20
-7
0
150
-2268
3639
15781002
-25
-5
-1
162
-2275
3634
15782027
-22
0
0
172
-2293
3625
15783052
-16
1
2
161
-2281
3608
15784077
-8
-3
3
151
-2289
3616
15785102
-6
-5
2
165
-2291
3620
15786127
-6
-4
4
171
-2307
3624
15778944
4
-2
7
166
-2288
3628
15779969
9
0
7
161
-2274
3630
15780994
6
1
8
154
-2260
3632
15782019
-15
0
5
147
-2264
3628
15783044
-27
-2
2
167
-2287
3617
15784069
-25
-2
1
178
-2313
3612
15785094
-13
-1
3
184
-2334
3614
15786119
2
3
7
169
-2316
3630
15787144
10
3
11
146
-2283
3620
15788169
12
1
11
135
-2280
3595
15789194
23
-1
6
143
-2268
3597
15790219
28
-2
-1
162
-2264
3630
15791244
24
-3
-3
180
-2262
3649
15792269
9
-4
1
173
-2261
3650
15793294
-10
1
6
174
-2276
3635
15794319
-4
5
9
154
-2253
3621
15787136
-5
1
12
134
-2240
3608
15788161
-8
-9
11
109
-2240
3592
15789186
-17
-20
3
87
-2254
3600
15790211
-31
-26
-11
122
-2306
3618
15791236
-39
-28
-24
168
-2381
3629
15792261
-19
-21
-25
233
-2428
3622
15793286
38
-6
-14
283
-2430
3607
15794311
113
13
6
254
-2305
3646
15795336
144
19
28
180
-2167
3642
15796361
117
13
29
147
-2081
3645
15797386
53
6
14
130
-2023
3660
15798411
-38
-3
-7
120
-2071
3663
15799436
-116
-10
-27
129
-2176
3659
15800461
-165
-15
-34
176
-2329
3648
15801486
-153
-8
-25
239
-2432
3636
15802511
-95
6
-5
266
-2491
3571
15795328
2
16
17
216
-2434
3546
15796353
84
11
26
139
-2330
3565
15797378
131
4
21
96
-2256
3601
15798403
128
-2
8
82
-2169
3655
15799428
62
-9
-7
108
-2161
3692
15800453
-23
-13
-15
163
-2217
3681
15801478
-56
-7
-16
168
-2302
3616
15802503
-16
0
-12
141
-2317
3593
15803528
25
0
-13
123
-2274
3609
15804553
21
-11
-11
115
-2300
3633
15805578
13
-22
-11
144
-2313
3620
15806603
34
-19
-11
155
-2343
3618
15807628
86
-9
-12
182
-2332
3631
15808653
117
-3
-8
200
-2166
3677
15809678
68
-9
-2
222
-2267
3634
15810703
