Device = VHR-0009
time_stamp = 1777367580404
sample_rate = 50
Data format = INT16
TYPE = 6-AXIS IMU RAW DATA
2
-8
4
1123
-2530
3209
16655489
-4
-7
5
1115
-2541
3210
16656514
1
-6
6
1115
-2537
3211
16657539
3
-6
5
1107
-2518
3212
16658564
-2
-7
5
1109
-2536
3206
16659589
3
-8
3
1126
-2545
3205
16660614
9
-9
-1
1124
-2543
3217
16661639
2
-12
-1
1134
-2528
3214
16662664
-7
-12
-1
1143
-2545
3213
16663689
-3
-9
1
1139
-2567
3210
16664714
10
-7
3
1128
-2529
3224
16665739
-1
-4
6
1125
-2533
3203
16666764
0
-5
8
1108
-2536
3198
16667789
13
-8
7
1106
-2524
3202
16668814
9
-8
6
1119
-2509
3216
16669839
-5
-9
4
1117
-2519
3215
16670864
-6
-8
3
1124
-2536
3216
16663681
3
-7
2
1130
-2544
3220
16664706
10
-9
0
1138
-2538
3215
16665731
7
-10
1
1130
-2523
3221
16666756
-6
-8
5
1130
-2535
3217
16667781
-5
-8
5
1127
-2530
3217
16668806
-6
-7
5
1124
-2517
3216
16669831
-7
-6
3
1123
-2533
3214
16670856
1
-6
3
1115
-2527
3215
16671881
-5
-6
2
1117
-2520
3213
16672906
-17
-7
2
1120
-2530
3214
16673931
-14
-7
2
1129
-2550
3194
16674956
2
-8
2
1125
-2546
3210
16675981
10
-7
3
1129
-2535
3221
16677006
3
-6
5
1123
-2526
3206
16678031
-10
-8
6
1125
-2525
3205
16679056
-20
-9
4
1123
-2526
3206
16671873
-19
-9
0
1123
-2549
3199
16672898
4
-11
-2
1121
-2549
3207
16673923
13
-10
-4
1122
-2534
3218
16674948
0
-8
-2
1129
-2549
3210
16675973
-5
-9
1
1129
-2538
3200
16676998
-7
-10
2
1134
-2549
3202
16678023
-2
-11
3
1147
-2539
3209
16679048
6
-9
3
1146
-2530
3221
16680073
3
-7
3
1143
-2526
3225
16681098
-10
-4
5
1135
-2515
3207
16682123
-14
-4
5
1125
-2530
3191
16683148
-4
-5
6
1121
-2518
3199
16684173
0
-5
4
1123
-2524
3218
16685198
6
-3
2
1132
-2526
3226
16686223
-2
-1
0
1154
-2532
3224
16687248
-12
-2
1
1149
-2533
3214
16680065
-18
-4
4
1144
-2549
3205
16681090
-9
-3
5
1136
-2556
3202
16682115
8
-2
6
1133
-2533
3217
16683140
-2
1
7
1127
-2505
3222
16684165
-28
2
8
1122
-2532
3201
16685190
-23
2
10
1108
-2555
3195
16686215
-6
-1
13
1104
-2531
3207
16687240
-6
0
9
1116
-2537
3204
16688265
1
0
8
1113
-2527
3196
16689290
1
-3
6
1129
-2521
3203
16690315
-4
-4
2
1142
-2540
3211
16691340
-5
-5
2
1133
-2538
3214
16692365
-9
-5
3
1129
-2545
3206
16693390
-10
-4
4
1125
-2541
3203
16694415
-11
-3
4
1121
-2533
3206
16695440
-13
-2
4
1123
-2528
3210
16688258
-24
-2
1
1126
-2536
3199
16689283
-23
-3
-2
1128
-2557
3190
16690308
-5
-3
-1
1136
-2566
3187
16691333
8
-3
2
1138
-2537
3207
16692358
-8
-1
6
1131
-2530
3217
16693383
-27
1
8
1131
-2547
3204
16694408
-17
3
6
1135
-2559
3194
16695433
7
1
4
1132
-2541
3197
16696458
11
0
4
1125
-2527
3198
16697483
-10
0
5
1130
-2532
3198
16698508
-28
0
5
1119
-2541
3184
16699533
-29
-2
5
1124
-2556
3197
16700558
-15
-3
3
1133
-2578
3188
16701583
7
-2
4
1125
-2570
3198
16702608
13
-1
6
1123
-2544
3207
16703633
1
2
8
1122
-2535
3201
16696448
-14
1
10
1122
-2534
3195
16697473
-27
-3
11
1116
-2548
3189
16698498
-25
-4
8
1109
-2567
3174
16699523
9
-5
5
1101
-2579
3184
16700548
28
-5
2
1111
-2523
3218
16701573
-9
-2
-1
1129
-2523
3198
16702598
-40
-4
0
1134
-2575
3181
16703623
-25
-10
2
1133
-2604
3170
16704648
16
-10
2
1124
-2596
3177
16705673
40
-7
3
1121
-2543
3222
16706698
21
-1
6
1116
-2520
3221
16707723
-14
1
8
1121
-2531
3181
16708748
-25
-3
9
1119
-2554
3169
16709773
-3
-8
7
1124
-2552
3164
16710798
19
-10
2
1129
-2548
3194
16711823
25
-6
0
1122
-2541
3239
16704641
8
-3
0
1135
-2540
3218
16705666
-14
0
3
1143
-2557
3198
16706691
-16
-2
6
1149
-2557
3178
16707716
6
-5
6
1130
-2571
3164
16708741
24
-7
5
1118
-2537
3203
16709766
9
-6
6
1114
-2512
3227
16710791
-22
-4
8
1109
-2537
3199
16711816
-15
-6
9
1110
-2559
3175
16712841
11
-8
9
1104
-2534
3189
16713866
6
-7
5
1109
-2526
3210
16714891
-11
-7
3
1123
-2541
3203
16715916
-21
-6
1
1148
-2560
3195
16716941
-19
-4
0
1148
-2579
3185
16717966
3
-2
5
1118
-2579
3192
16718991
20
-3
9
1110
-2535
3199
16720016
1
-3
11
1112
-2504
3201
16712833
-27
-2
7
1122
-2545
3194
16713858
-15
-4
-1
1125
-2578
3180
16714883
24
-6
-7
1119
-2555
3176
16715908
30
-6
-4
1108
-2526
3220
16716933
-14
-4
-2
1136
-2545
3210
16717958
-36
-2
2
1157
-2593
3183
16718983
-3
-5
9
1156
-2606
3180
16720008
30
-4
12
1123
-2548
3203
16721033
18
-1
16
1108
-2497
3216
16722058
-13
-1
17
1103
-2516
3201
16723083
-26
-3
10
1119
-2535
3188
16724108
-17
-3
2
1139
-2569
3182
16725133
12
-4
-3
1135
-2562
3197
16726158
20
-3
-4
1125
-2533
3222
16727183
-8
-2
3
1108
-2540
3217
16728208
-25
-3
7
1117
-2566
3183
16721025
-14
-4
4
1124
-2577
3164
16722050
17
-2
2
1121
-2584
3180
16723075
33
-1
4
1123
-2558
3213
16724100
12
0
8
1139
-2531
3221
16725125
-20
2
15
1144
-2557
3195
16726150
-12
1
21
1122
-2580
3180
16727175
28
-1
19
1113
-2546
3192
16728200
38
0
15
1111
-2499
3219
16729225
5
2
8
1115
-2491
3215
16730250
-22
1
3
1117
-2540
3192
16731275
-9
-2
0
1111
-2565
3199
16732300
9
-4
2
1113
-2530
3215
16733325
-6
1
3
1113
-2533
3226
16734350
-24
5
6
1101
-2567
3210
16735375
-18
4
9
1085
-2560
3189
16736400
-10
1
11
1091
-2547
3187
16729216
-7
-4
9
1092
-2532
3176
16730241
-10
-12
2
1092
-2544
3166
16731266
-8
-22
-7
1092
-2544
3172
16732291
-25
-27
-17
1116
-2570
3179
16733316
-37
-26
-22
1144
-2636
3188
16734341
-4
-22
-15
1168
-2680
3186
16735366
45
-13
4
1169
-2622
3216
16736391
47
-6
29
1143
-2526
3249
16737416
6
2
46
1111
-2495
3235
16738441
-11
6
46
1095
-2484
3217
16739466
8
6
31
1090
-2461
3219
16740491
20
8
6
1105
-2444
3229
16741516
2
9
-11
1123
-2459
3235
16742541
-29
9
-15
1128
-2500
3220
16743566
-52
10
-11
1132
-2557
3194
16744591
-47
9
-3
1117
-2604
3177
16737408
-27
8
2
1108
-2590
3192
16738433
-26
8
4
1111
-2596
3168
16739458
-21
1
6
1099
-2613
3134
16740483
-10
-14
5
1097
-2576
3130
16741508
-23
-25
2
1098
-2575
3137
16742533
-22
-30
-2
1105
-2614
3160
16743558
6
-31
-6
1113
-2621
3166
16744583
25
-28
-2
1132
-2606
3201
16745608
18
-20
7
1146
-2583
3231
16746633
1
-12
20
1152
-2574
3217
16747658
6
-5
29
1156
-2558
3206
16748683
19
-2
28
1138
-2507
3210
16749708
13
-2
19
1126
-2490
3195
16750733
-1
1
8
1132
-2503
3209
16751758
-8
3
-1
1132
-2511
3216
16752783
-17
5
-3
1120
-2519
3211
16745599
-26
3
-2
1113
-2544
3198
16746624
-28
5
-3
1114
-2568
3186
16747649
-16
5
-2
1108
-2583
3184
16748674
-8
5
3
1110
-2567
3184
16749699
-18
5
8
1101
-2572
3174
16750724
-26
-1
12
1100
-2582
3167
16751749
-26
-7
15
1104
-2590
3170
16752774
-13
-6
15
1113
-2581
3170
16753799
-6
-5
15
1103
-2559
3195
16754824
-18
-4
15
1096
-2560
3213
16755849
-35
-3
15
1101
-2536
3194
16756874
-50
-3
14
1093
-2551
3182
16757899
-51
-3
7
1125
-2568
3176
16758924
-34
1
-4
1147
-2610
3171
16759949
-4
6
-11
1137
-2584
3174
16760974
-7
8
-10
1138
-2563
3180
16753792
-41
6
-4
1125
-2579
3173
16754817
-50
6
1
1117
-2612
3154
16755842
-26
5
3
1102
-2633
3138
16756867
13
2
2
1091
-2587
3170
16757892
8
3
2
1093
-2566
3182
16758917
-16
4
5
1083
-2577
3167
16759942
-27
0
7
1102
-2603
3145
16760967
-16
-5
4
1125
-2605
3137
16761992
-3
-8
-1
1124
-2619
3150
16763017
15
-9
-2
1125
-2613
3170
16764042
13
-9
2
1128
-2582
3178
16765067
-12
-8
10
1131
-2589
3183
16766092
-28
-9
14
1124
-2593
3163
16767117
-20
-10
14
1107
-2578
3155
16768142
1
-9
11
1094
-2568
3172
16769167
17
-5
4
1093
-2570
3180
4294952064
18
-3
-1
1096
-2565
3175
4294953089
-3
0
-3
1096
-2548
3195
4294954114
-36
1
-3
1123
-2585
3165
4294955139
-33
0
-2
1125
-2628
3127
4294956164
6
-5
-4
1125
-2636
3123
4294957189
33
-8
-4
1107
-2607
3158
4294958214
19
-7
-2
1105
-2574
3176
4294959239
-18
-6
2
1114
-2594
3168
4294960264
-22
-7
8
1101
-2614
3151
4294961289
9
-11
8
1107
-2595
3146
4294962314
26
-8
5
1107
-2590
3167
4294963339
29
-4
-2
1101
-2575
3184
4294964364
9
1
-4
1112
-2569
3183
4294965389
-3
9
-5
1133
-2596
3170
4294966414
9
11
3
1134
-2585
3198
143
-2
15
10
1128
-2594
3194
4294960255
-3
15
17
1125
-2592
3163
4294961280
1
9
19
1097
-2553
3133
4294962305
-10
6
10
1096
-2585
3110
4294963330
10
9
1
1084
-2603
3189
4294964355
24
17
2
1103
-2597
3261
4294965380
11
24
10
1097
-2587
3167
4294966405
-2
24
15
1087
-2566
3131
134
-6
27
14
1100
-2622
3158
1159
18
34
16
1092
-2627
3191
2184
54
28
18
1082
-2584
3191
3209
79
26
17
1102
-2594
3185
4234
89
22
23
1085
-2529
3181
5259
66
20
21
1095
-2578
3165
6284
73
20
19
1080
-2622
3185
7309
148
16
11
1098
-2574
3206
8334
178
13
9
1085
-2507
3245
1153
130
5
11
1081
-2502
3250
2178
69
-7
8
1073
-2442
3217
3203
17
-13
1
1084
-2501
3193
4228
34
-16
3
1059
-2558
3216
5253
82
-11
-2
1093
-2541
3266
6278
98
-1
3
1085
-2471
3297
7303
8
3
12
1087
-2486
3293
8328
-49
0
15
1071
-2514
3232
9353
-21
-16
12
1077
-2549
3186
10378
49
-27
9
1077
-2591
3218
11403
101
-37
10
1031
-2480
3297
12428
18
-63
7
996
-2436
3375
13453
-118
-88
5
1141
-2518
3455
14478
-180
-12
104
1370
-3103
3399
15503
87
18
227
982
-2495
2999
16528
89
17
153
1034
-2365
2898
9344
53
22
75
1070
-2334
3065
10369
10
17
23
984
-2313
3169
11394
-23
1
-16
1013
-2551
3198
12419
41
-1
-45
1071
-2475
3282
13444
36
33
-58
1133
-2471
3390
14469
0
65
-27
1102
-2486
3375
15494
-28
54
17
987
-2554
3241
16519
15
5
0
974
-2416
3230
17544
-7
-33
-19
1000
-2441
3416
18569
-50
-54
-54
1089
-2630
3404
19594
-30
-29
-11
1300
-2818
3462
20619
21
18
129
1040
-2578
3170
21644
-9
-10
99
973
-2289
2890
22669
-40
-35
28
1016
-2422
2933
23694
29
-45
-25
1027
-2354
3084
24719
5
-14
-86
1036
-2411
3308
17536
-86
21
-92
1067
-2681
3506
18561
-102
40
-46
1097
-2686
3343
19586
-41
32
1
1056
-2570
3141
20611
9
8
-6
1074
-2462
3214
21636
-34
-4
-5
1086
-2595
3278
22661
-7
-6
-2
1074
-2620
3250
23686
47
-5
-3
1080
-2507
3270
24711
3
3
7
1069
-2524
3257
25736
-25
4
7
1058
-2518
3237
26761
-34
5
11
1053
-2538
3227
27786
-15
0
8
1052
-2515
3213
28811
-2
-1
2
1045
-2531
3201
29836
11
0
-3
1045
-2538
3237
30861
5
-3
-6
1050
-2500
3254
31886
-28
-5
-8
1060
-2542
3223
32911
-21
-8
-7
1059
-2571
3199
25729
4
-16
-6
1053
-2559
3210
26754
12
-18
-4
1054
-2555
3233
27779
4
-15
-1
1057
-2538
3240
28804
-8
-9
2
1056
-2544
3253
29829
2
-7
3
1066
-2539
3246
30854
8
-6
4
1068
-2518
3232
31879
2
-6
2
1076
-2519
3245
32904
-4
-5
3
1071
-2516
3243
33929
-7
-6
2
1068
-2529
3222
34954
-2
-7
-1
1065
-2529
3223
35979
-5
-10
-4
1075
-2528
3225
37004
-15
-8
-4
1068
-2549
3235
38029
-14
-6
-1
1067
-2555
3239
39054
-3
-7
1
1080
-2556
3227
40079
7
-4
2
1079
-2531
3229
41104
2
-2
4
1074
-2543
3245
33920
1
-3
6
1068
-2538
3236
34945
4
-5
8
1074
-2522
3234
35970
-1
-5
8
1073
-2523
3236
36995
-6
-7
7
1061
-2523
3236
38020
-15
-9
5
1068
-2504
3224
39045
-29
-7
3
1059
-2536
3227
40070
-19
-8
2
1056
-2550
3233
41095
-2
-7
2
1062
-2548
3223
42120
4
-3
2
1060
-2520
3223
43145
-12
-1
1
1071
-2537
3231
44170
-20
0
-1
1075
-2563
3212
45195
-1
-3
-1
1075
-2562
3213
46220
7
-8
0
1075
-2555
3226
47245
3
-9
0
1076
-2546
3214
48270
3
-9
1
1090
-2536
3231
49295
-3
-4
4
1078
-2526
3245
42112
-9
-2
7
1066
-2536
3231
43137
1
-5
10
1061
-2517
3220
44162
2
-6
9
1065
-2518
3223
45187
-3
-6
5
1073
-2521
3230
46212
-7
-3
1
1060
-2528
3236
47237
-6
-4
0
1076
-2541
3228
48262
-2
-2
-1
1090
-2559
3223
49287
0
-4
0
1086
-2539
3230
50312
-11
-4
1
1080
-2553
3207
51337
-4
-5
4
1065
-2561
3210
52362
8
-5
5
1072
-2550
3237
53387
0
-4
6
1061
-2506
3239
54412
-21
-4
8
1065
-2540
3221
55437
-13
-5
7
1072
-2549
3215
56462
9
-6
3
1074
-2544
3221
57487
13
-3
1
1062
-2521
3248
50304
-12
-1
1
1069
-2526
3238
51329
-24
-2
2
1078
-2560
3210
52354
0
-4
2
1087
-2560
3209
53379
18
-4
4
1086
-2547
3228
54404
13
-5
7
1072
-2519
3240
55429
-8
-7
8
1069
-2527
3217
56454
-6
-8
8
1069
-2547
3212
57479
9
-8
6
1068
-2524
3239
58504
2
-5
2
1066
-2533
3242
59529
-2
-2
3
1072
-2544
3240
60554
-7
-1
3
1077
-2525
3224
61579
-5
-2
2
1080
-2553
3215
62604
9
-2
4
1076
-2538
3233
63629
4
-1
4
1081
-2532
3236
64654
-4
-3
3
1077
-2534
3206
65679
-1
-1
2
1071
-2571
3206
58495
31
4
4
1067
-2579
3255
59520
46
7
8
1064
-2506
3264
60545
2
10
10
1064
-2517
3227
61570
-13
6
12
1063
-2546
3199
62595
4
-1
10
1050
-2516
3218
63620
25
-10
5
1067
-2530
3222
64645
27
-17
1
1059
-2535
3255
65670
6
-23
1
1016
-2605
3300
66695
9
-51
-5
1028
-2604
3391
67720
20
-68
-13
1213
-2584
3295
68745
41
-21
82
1161
-2697
3039
69770
97
-18
104
998
-2323
3160
70795
27
-13
31
1046
-2460
3100
71820
93
-17
2
1062
-2421
3182
72845
81
4
-30
1066
-2350
3282
73870
-33
49
-52
1156
-2424
3295
66850
-130
100
-33
1113
-2622
3443
67875
-96
98
35
1042
-2737
3275
68900
80
47
44
1019
-2433
3121
69925
54
16
12
1032
-2403
3223
70950
-10
-14
-3
1012
-2524
3274
71975
20
-37
-18
1033
-2567
3339
73000
41
-60
-23
1026
-2501
3373
74025
-45
-82
-25
1123
-2472
3394
75050
-170
-14
76
1189
-2910
3206
76075
96
-11
133
1018
-2462
3179
77100
82
-6
80
1054
-2393
3041
78125
17
-9
47
1019
-2388
3068
79150
4
-15
0
1017
-2406
3151
80175
21
-7
-47
1051
-2483
3258
81200
21
5
-71
1087
-2447
3314
82225
-46
30
-64
1109
-2539
3400
74881
-66
40
-19
1103
-2662
3335
75906
10
27
22
1036
-2523
3187
76931
13
8
21
1042
-2453
3233
77956
-19
4
4
1069
-2493
3301
78981
-20
7
-6
1062
-2507
3282
80006
-18
8
-9
1050
-2499
3275
81031
-48
7
-3
1055
-2530
3238
82056
-45
3
-5
1054
-2555
3213
83081
-19
0
-3
1045
-2548
3229
84106
-14
1
-2
1040
-2563
3230
85131
-3
2
-6
1042
-2536
3242
86156
-13
1
-6
1048
-2535
3247
87181
-18
-2
-5
1059
-2536
3229
88206
-6
-8
-1
1061
-2551
3219
89231
16
-14
2
1061
-2528
3244
90256
15
-14
2
1059
-2497
3267
83073
-6
-13
4
1052
-2510
3254
84098
-8
-14
2
1054
-2508
3240
85123
-5
-13
-2
1046
-2516
3241
86148
4
-11
-3
1048
-2519
3255
87173
12
-9
-7
1067
-2520
3267
88198
13
1
-9
1082
-2545
3294
89223
5
3
-4
1080
-2525
3254
90248
-13
1
-1
1065
-2528
3217
91273
-11
-5
2
1056
-2535
3210
92298
0
-10
1
1059
-2535
3217
93323
11
-12
1
1063
-2527
3240
94348
6
-11
4
1063
-2522
3271
95373
-7
-9
8
1056
-2530
3254
96398
-7
-6
11
1063
-2523
3248
97423
1
-4
11
1061
-2512
3247
98448
10
-5
8
1058
-2514
3248
91263
15
-3
6
1058
-2499
3251
92288
2
-6
2
1070
-2491
3255
93313
-13
-7
1
1061
-2527
3223
94338
0
-10
2
1063
-2552
3244
95363
16
-15
-1
1069
-2487
3260
96388
-7
-13
-1
1059
-2515
3244
97413
-13
-10
2
1067
-2531
3234
98438
-3
-8
4
1070
-2526
3252
99463
-13
-6
5
1064
-2508
3234
100488
-18
-3
4
1059
-2563
3236
101513
19
-7
2
1066
-2523
3252
102538
14
-4
1
1070
-2512
3246
103563
1
-4
2
1073
-2508
3250
104588
-6
-4
3
1069
-2513
3244
105613
-3
-6
5
1076
-2516
3232
106638
5
-10
6
1069
-2522
3241
99457
10
-10
5
1066
-2511
3260
100482
3
-10
4
1073
-2503
3244
101507
-16
-9
3
1068
-2499
3256
102532
-26
-9
1
1065
-2519
3239
103557
-8
-9
0
1072
-2552
3236
104582
22
-9
2
1068
-2513
3252
105607
5
-5
3
1067
-2526
3261
106632
-6
-2
4
1075
-2524
3248
107657
-7
-2
6
1079
-2520
3231
108682
-5
-3
8
1074
-2522
3236
109707
-3
-4
6
1068
-2510
3240
110732
-10
-6
3
1066
-2522
3231
111757
1
-8
1
1073
-2529
3243
112782
9
-6
3
1066
-2508
3265
113807
-7
-3
6
1063
-2514
3256
114832
-17
-1
6
1067
-2516
3232
107647
-13
0
5
1069
-2519
3244
108672
-3
-1
6
1067
-2514
3238
109697
1
-1
3
1070
-2525
3226
110722
3
-3
1
1078
-2517
3236
111747
-7
-7
-1
1072
-2517
3243
112772
-14
-8
0
1067
-2551
3230
113797
6
-6
1
1074
-2545
3243
114822
10
-4
5
1072
-2504
3255
115847
-15
-2
8
1071
-2520
3234
116872
-9
-4
10
1062
-2528
3221
117897
4
-7
10
1057
-2505
3241
118922
0
-6
7
1066
-2516
3249
119947
-1
-5
3
1078
-2509
3242
120972
-2
-4
3
1072
-2518
3245
121997
-6
-3
5
1075
-2529
3241
123022
0
-3
4
1084
-2532
3241
115840
7
-3
4
1080
-2524
3248
116865
6
-4
5
1073
-2511
3240
117890
-9
-3
5
1066
-2509
3235
118915
-14
-5
5
1061
-2533
3241
119940
-1
-6
6
1059
-2512
3237
120965
-6
-5
7
1059
-2504
3252
121990
-18
-6
8
1062
-2513
3238
123015
-21
-7
7
1057
-2527
3223
124040
0
-9
4
1066
-2547
3222
125065
22
-9
1
1071
-2529
3250
126090
12
-5
1
1072
-2525
3253
127115
1
-4
3
1076
-2535
3245
128140
0
-5
6
1074
-2528
3237
129165
2
-7
6
1077
-2523
3238
130190
9
-8
5
1058
-2511
3243
131215
10
-8
3
1059
-2519
3249
124032
10
-9
1
1063
-2486
3249
125057
-15
-9
3
1065
-2496
3249
126082
-28
-12
3
1073
-2528
3231
127107
-3
-11
3
1071
-2553
3221
128132
26
-10
3
1066
-2522
3263
129157
23
-9
2
1069
-2509
3236
130182
13
-12
3
1068
-2522
3221
131207
8
-13
4
1071
-2523
3262
132232
11
-13
3
1070
-2530
3270
133257
0
-16
15
1045
-2568
3306
134282
6
-41
7
991
-2537
3406
135307
-17
-78
-12
1169
-2585
3341
136332
-17
-30
67
1234
-2758
3011
137357
125
-32
117
972
-2260
3181
138382
-18
-27
49
1066
-2473
3059
139407
44
-29
13
1070
-2433
3156
132224
55
-6
-19
1082
-2404
3278
133249
-19
26
-38
1096
-2458
3358
134274
-75
39
-33
1132
-2584
3299
135299
-55
45
-6
1121
-2551
3265
136324
10
41
19
1066
-2512
3209
137349
39
23
3
1050
-2408
3243
138374
-9
14
-16
1059
-2481
3272
139399
-23
3
-18
1059
-2562
3253
140424
2
-7
-13
1057
-2567
3296
141449
5
-10
-4
1026
-2558
3376
142474
-27
-36
-7
1042
-2580
3341
143499
-52
-52
4
1199
-2645
3248
144524
6
-10
94
1070
-2655
3052
145549
63
-31
74
1001
-2294
3102
146574
-9
-40
11
1065
-2488
3020
147599
54
-45
-19
1076
-2475
3182
140417
34
-19
-50
1075
-2440
3319
141442
-26
17
-50
1129
-2588
3366
142467
-28
53
2
1157
-2634
3411
143492
35
66
52
1068
-2462
3274
144517
32
54
38
1053
-2337
3223
145542
-48
35
12
1061
-2437
3239
146567
-46
17
-9
1049
-2506
3233
147592
-14
-4
-29
1060
-2434
3239
148617
-74
-11
-28
1070
-2516
3283
149642
-93
-10
-19
1075
-2622
3236
150667
-31
-2
-7
1074
-2602
3227
151692
5
11
4
1059
-2583
3257
152717
2
12
8
1053
-2534
3237
153742
-17
9
9
1057
-2559
3178
154767
0
-3
7
1064
-2547
3175
155792
20
-16
5
1077
-2543
3208
148609
36
-25
2
1080
-2516
3231
149634
34
-26
1
1088
-2515
3260
150659
24
-19
2
1075
-2526
3279
151684
22
-12
1
1066
-2502
3276
152709
16
-9
1
1071
-2480
3254
153734
6
-5
1
1072
-2500
3268
154759
2
-2
3
1079
-2498
3262
155784
4
1
3
1074
-2495
3269
156809
-1
3
6
1066
-2485
3274
157834
-21
4
5
1063
-2495
3250
158859
-23
0
3
1056
-2498
3226
159884
-11
-1
-1
1051
-2518
3225
160909
2
-3
-4
1058
-2499
3246
161934
-14
-2
-3
1056
-2508
3255
162959
-34
-4
-2
1060
-2527
3231
163984
-27
-8
-2
1074
-2568
3202
156801
5
-13
0
1082
-2544
3230
157826
1
-15
0
1072
-2519
3255
158851
-23
-13
1
1089
-2547
3247
159876
-11
-11
6
1091
-2548
3241
160901
1
-9
9
1097
-2525
3245
161926
-8
-6
12
1082
-2495
3249
162951
-20
-3
13
1075
-2534
3250
163976
5
-2
9
1076
-2499
3247
165001
2
1
5
1079
-2493
3232
166026
-22
1
3
1073
-2511
3241
167051
-35
-1
1
1069
-2549
3212
168076
-6
-4
-2
1080
-2576
3218
169101
28
-6
-4
1086
-2530
3244
170126
9
-5
-5
1080
-2532
3249
171151
-11
-4
1
1071
-2538
3238
172176
-10
-7
4
1067
-2547
3207
164993
19
-12
7
1073
-2522
3238
166018
13
-13
7
1075
-2483
3255
167043
-15
-9
4
1081
-2519
3249
168068
4
-9
2
1074
-2524
3260
169093
15
-10
1
1080
-2488
3246
170118
-5
-9
0
1084
-2507
3231
171143
-10
-9
-1
1095
-2525
3236
172168
-1
-9
0
1094
-2506
3243
173193
-15
-8
0
1074
-2512
3237
174218
-21
-9
2
1073
-2535
3229
175243
-17
-10
3
1084
-2540
3223
176268
6
-10
3
1093
-2560
3251
177293
17
-7
4
1078
-2490
3254
178318
-8
-2
2
1080
-2527
3229
179343
-2
-3
7
1078
-2540
3249
180368
1
-1
7
1075
-2508
3241
173184
-6
-1
5
1082
-2526
3232
174209
-5
-1
5
1086
-2504
3229
175234
-8
-1
2
1074
-2545
3222
176259
11
-4
1
1081
-2526
3240
177284
2
-3
3
1072
-2500
3255
178309
-28
-3
5
1081
-2518
3239
179334
-35
-5
7
1074
-2523
3223
180359
-27
-8
9
1069
-2522
3228
181384
-8
-8
7
1069
-2558
3217
182409
29
-8
1
1068
-2531
3210
183434
24
-6
-3
1066
-2510
3259
184459
-5
0
-1
1093
-2527
3267
185484
-19
0
2
1105
-2557
3220
186509
-3
-4
6
1102
-2537
3227
187534
4
-6
8
1089
-2530
3230
188559
7
-6
6
1083
-2524
3229
181376
7
-7
4
1086
-2503
3240
182401
-11
-7
4
1077
-2498
3238
183426
-28
-6
6
1063
-2531
3227
184451
-6
-5
6
1069
-2559
3215
185476
25
-4
4
1075
-2525
3241
186501
10
1
4
1080
-2510
3275
187526
-19
6
3
1083
-2528
3225
188551
-17
4
4
1092
-2546
3220
189576
0
-3
5
1086
-2530
3219
190601
3
-8
3
1086
-2539
3211
191626
8
-10
3
1076
-2535
3229
192651
10
-9
2
1080
-2529
3246
193676
1
-5
4
1074
-2512
3247
194701
-8
-2
7
1074
-2541
3236
195726
9
-3
9
1076
-2524
3237
196751
12
-2
6
1084
-2496
3231
189568
-5
0
3
1074
-2503
3241
190593
-13
-2
2
1077
-2530
3230
191618
-10
-3
2
1090
-2537
3232
192643
-7
-1
3
1094
-2537
3241
193668
-3
0
4
1076
-2550
3230
194693
8
-1
6
1073
-2545
3222
195718
18
-5
8
1072
-2521
3237
196743
4
-7
6
1073
-2505
3230
197768
-6
-5
4
1072
-2542
3225
198793
14
-10
6
1060
-2540
3249
199818
13
-20
9
1047
-2578
3278
200843
19
-44
12
1013
-2581
3357
201868
15
-79
2
1076
-2521
3415
202893
-70
-55
30
1313
-2665
3329
203918
-1
-16
157
1046
-2613
3108
204943
37
-36
111
1019
-2348
2914
197759
47
-41
44
1057
-2470
2979
198784
101
-46
-3
1062
-2354
3200
199809
39
-13
-41
1084
-2437
3337
200834
-13
22
-53
1095
-2555
3327
201859
-10
39
-46
1130
-2512
3321
202884
-38
80
-20
1170
-2507
3387
203909
-44
96
23
1053
-2520
3247
204934
-6
54
22
1004
-2472
3140
205959
17
12
-11
1031
-2494
3233
206984
11
-17
-19
1021
-2570
3349
208009
9
-58
-42
1012
-2539
3421
209034
-87
-77
-35
1261
-2724
3516
210059
-83
-26
125
1123
-2915
3123
211084
82
-47
126
1003
-2247
2870
212109
-4
-37
57
1051
-2518
2897
213134
91
-30
18
1067
-2504
3202
206005
110
5
-14
1048
-2376
3271
207030
32
32
-34
1046
-2451
3204
208055
-16
51
-52
1107
-2486
3422
209080
-39
79
-20
1183
-2611
3456
210105
35
84
32
1088
-2400
3230
211130
3
55
19
1010
-2318
3185
212155
-77
17
-21
1044
-2451
3255
213180
-55
-8
-41
1075
-2538
3281
214205
-6
-9
-45
1081
-2528
3311
215230
-37
6
-38
1083
-2520
3328
216255
-82
15
-28
1067
-2584
3252
217280
-64
14
-9
1051
-2617
3211
218305
-22
10
4
1038
-2593
3211
219330
-3
7
7
1031
-2560
3198
220355
-9
4
5
1031
-2567
3191
221380
-1
-4
3
1049
-2575
3208
214144
12
-12
6
1057
-2561
3223
215169
20
-19
8
1071
-2526
3220
216194
13
-19
11
1083
-2524
3251
217219
8
-16
13
1078
-2518
3263
218244
9
-13
13
1074
-2506
3263
219269
15
-10
11
1070
-2486
3273
220294
3
-6
7
1062
-2474
3255
221319
-8
-1
1
1064
-2505
3254
222344
-2
1
-3
1063
-2521
3269
223369
-1
1
-3
1065
-2517
3259
224394
-5
-1
0
1072
-2520
3244
225419
-11
-2
3
1073
-2514
3215
226444
-10
-4
1
1062
-2541
3222
227469
-6
-7
2
1057
-2554
3221
228494
1
-7
4
1062
-2541
3245
229519
3
-8
7
1069
-2535
3248
222336
-2
-7
5
1070
-2540
3222
223361
14
-6
7
1071
-2528
3267
224386
17
-4
10
1066
-2489
3250
225411
-10
-3
11
1057
-2514
3235
226436
-7
-5
11
1056
-2512
3248
227461
-6
-8
9
1058
-2506
3240
228486
1
-9
6
1056
-2510
3225
229511
4
-6
2
1061
-2502
3256
230536
-4
-5
-3
1074
-2518
3251
231561
-14
-3
-2
1070
-2545
3240
232586
-9
-4
-3
1081
-2530
3240
233611
-18
-2
-2
1070
-2560
3235
234636
-3
-1
2
1066
-2552
3234
235661
8
-6
6
1074
-2513
3230
236686
-11
-7
10
1065
-2515
3220
237711
-22
-9
8
1059
-2543
3231
230528
4
-12
7
1063
-2536
3226
231553
28
-12
5
1063
-2500
3262
232578
9
-8
2
1073
-2504
3260
233603
-9
-5
3
1068
-2523
3253
234628
-9
-5
3
1081
-2518
3244
235653
-7
-4
3
1090
-2523
3244
236678
-2
-3
3
1075
-2533
3230
237703
2
-5
3
1061
-2523
3240
238728
-10
-6
3
1063
-2513
3243
239753
-18
-6
4
1067
-2541
3231
240778
0
-7
4
1055
-2549
3229
241803
19
-7
4
1064
-2519
3246
242828
2
-4
4
1065
-2509
3256
243853
-21
-3
4
1066
-2528
3238
244878
-8
-4
1
1070
-2555
3215
245903
11
-6
4
1077
-2521
3239
238720
5
-6
3
1079
-2509
3231
239745
-7
-6
5
1068
-2531
3232
240770
-6
-9
4
1068
-2523
3239
241795
-2
-9
5
1069
-2523
3246
242820
4
-6
4
1067
-2522
3256
243845
6
-4
4
1073
-2514
3252
244870
1
-2
5
1063
-2520
3238
245895
3
-2
5
1065
-2517
3240
246920
-7
-4
6
1070
-2506
3233
247945
-22
-4
6
1070
-2532
3222
248970
-3
-7
4
1068
-2545
3232
249995
14
-9
3
1071
-2520
3242
251020
4
-7
3
1064
-2515
3258
252045
-5
-6
3
1071
-2530
3245
253070
-6
-4
5
1062
-2518
3245
254095
-2
-6
4
1077
-2533
3230
246912
6
-7
6
1068
-2524
3233
247937
8
-7
5
1069
-2515
3239
248962
-2
-5
6
1057
-2501
3246
249987
-17
-5
4
1064
-2526
3227
251012
-3
-5
3
1068
-2545
3239
252037
15
-5
4
1067
-2518
3253
253062
-2
-4
4
1072
-2515
3249
254087
-21
-4
3
1084
-2533
3227
255112
-10
-6
1
1079
-2551
3226
256137
9
-10
1
1078
-2529
3239
257162
6
-10
3
1081
-2533
3235
258187
2
-6
4
1076
-2530
3247
259212
4
-2
7
1063
-2533
3250
260237
6
-1
10
1061
-2519
3239
261262
3
-3
11
1063
-2497
3244
262287
-10
-3
9
1071
-2501
3232
255104
-4
-3
4
1079
-2522
3232
256129
9
-5
2
1072
-2517
3249
257154
2
-5
1
1078
-2515
3255
258179
-5
-4
0
1082
-2534
3239
259204
-6
-3
2
1080
-2527
3240
260229
-8
-2
5
1069
-2536
3237
261254
-4
-3
6
1067
-2531
3232
262279
3
-4
7
1066
-2530
3238
263304
7
-5
8
1059
-2521
3234
264329
2
-6
6
1062
-2501
3242
265354
-7
-3
4
1072
-2523
3250
266379
-5
-3
3
1069
-2524
3241
267404
0
-4
2
1069
-2531
3234
268429
5
-3
3
1082
-2526
3253
269454
-3
-3
4
1073
-2526
3256
270479
-3
-4
4
1076
-2538
3221
263297
11
-6
3
1084
-2524
3238
264322
8
-6
5
1073
-2514
3256
265347
-9
-8
7
1059
-2525
3242
266372
1
-13
7
1059
-2565
3249
267397
15
-17
9
1042
-2518
3278
268422
-60
-42
-3
946
-2188
3315
269447
-278
-59
6
1225
-2730
3421
270472
-172
22
161
1285
-3334
3110
271497
188
52
203
994
-2357
3306
272522
-22
95
148
1055
-2539
3042
273547
32
72
119
1017
-2403
3005
274572
48
40
70
954
-2310
3031
275597
-7
10
15
966
-2494
3169
276622
6
0
-25
1024
-2540
3374
277647
0
11
-30
1045
-2550
3361
278672
51
24
-19
996
-2504
3266
271488
39
12
-26
993
-2436
3277
272513
-14
-4
-47
1017
-2439
3275
273538
-35
-16
-44
1034
-2607
3363
274563
-21
-35
-45
1023
-2614
3408
275588
-85
-59
-35
1208
-2611
3324
276613
-81
-16
83
1024
-2785
2963
277638
45
-30
68
1005
-2405
3075
278663
-11
-15
15
1017
-2603
3039
279688
48
-19
-11
1014
-2498
3137
280713
28
2
-29
1010
-2541
3254
281738
-5
20
-41
1031
-2607
3284
282763
-8
35
-23
1098
-2628
3368
283788
11
52
29
1063
-2567
3308
284813
35
39
43
989
-2437
3142
285838
10
10
11
1015
-2450
3180
286863
10
-7
-12
1044
-2553
3256
279796
41
-14
-23
1039
-2516
3302
280821
4
-12
-32
1046
-2481
3301
281846
-45
-9
-33
1056
-2539
3257
282871
-44
-6
-30
1046
-2542
3221
283896
-25
-2
-30
1023
-2558
3224
284921
-5
6
-24
1030
-2585
3240
285946
4
16
-17
1015
-2563
3237
286971
-16
15
-8
1017
-2593
3210
287996
-19
3
-1
1023
-2589
3188
289021
-3
-9
4
1022
-2588
3192
290046
20
-16
9
1031
-2580
3208
291071
28
-20
10
1046
-2546
3246
292096
8
-21
8
1049
-2536
3259
293121
-5
-20
8
1053
-2549
3244
294146
16
-20
7
1041
-2528
3254
295171
23
-20
6
1055
-2493
3261
287872
4
-16
3
1068
-2497
3261
288897
-12
-8
-2
1074
-2514
3258
289922
-22
-3
-5
1064
-2518
3257
290947
-30
0
-7
1040
-2525
3242
291972
-31
0
-6
1014
-2529
3224
292997
-21
-3
-7
1012
-2544
3218
294022
-11
-5
-9
1029
-2551
3223
295047
-22
-5
-7
1031
-2570
3222
296072
-20
-10
-4
1055
-2581
3218
297097
-8
-10
0
1054
-2590
3195
298122
9
-13
2
1050
-2569
3219
299147
3
-15
5
1064
-2545
3226
300172
-22
-13
6
1058
-2557
3224
301197
-25
-14
7
1064
-2545
3234
302222
-26
-14
4
1059
-2538
3221
303247
-10
-15
0
1057
-2544
3235
296064
2
-13
-2
1058
-2536
3242
297089
5
-10
1
1051
-2545
3231
298114
2
-7
2
1047
-2526
3224
299139
-11
-6
1
1054
-2531
3223
300164
-17
-4
-1
1059
-2585
3220
301189
10
-7
-5
1057
-2588
3214
302214
21
-8
-3
1072
-2555
3229
303239
0
-7
2
1074
-2545
3223
304264
-24
-5
6
1068
-2571
3203
305289
-6
-5
9
1048
-2580
3204
306314
17
-8
9
1047
-2544
3224
307339
15
-6
6
1047
-2542
3228
308364
11
-5
5
1060
-2537
3225
309389
7
-5
2
1064
-2533
3235
310414
-2
-8
1
1062
-2534
3220
311439
-13
-9
2
1065
-2555
3211
304256
-1
-11
0
1066
-2542
3219
305281
4
-10
-1
1065
-2561
3222
306306
12
-7
1
1067
-2571
3244
307331
11
-4
4
1067
-2541
3250
308356
-14
0
9
1067
-2538
3222
309381
-18
0
10
1054
-2555
3199
310406
11
-4
7
1044
-2541
3204
311431
15
-8
4
1043
-2510
3239
312456
-16
-6
1
1049
-2542
3231
313481
-15
-6
-3
1064
-2568
3202
314506
4
-7
-3
1068
-2553
3223
315531
5
-4
0
1066
-2546
3240
316556
-8
-3
3
1075
-2559
3220
317581
-6
-3
6
1069
-2562
3224
318606
2
-4
7
1061
-2539
3228
319631
-9
-6
5
1060
-2534
3210
312447
-8
-6
4
1053
-2559
3219
313472
14
-6
1
1058
-2558
3236
314497
19
-3
1
1062
-2532
3240
315522
0
-1
3
1070
-2527
3232
316547
-13
0
5
1066
-2558
3216
317572
1
-1
2
1069
-2551
3216
318597
5
0
-1
1064
-2555
3238
319622
2
0
3
1061
-2572
3261
320647
-9
1
5
1071
-2548
3234
321672
-18
0
6
1055
-2528
3176
322697
-8
-4
8
1052
-2556
3208
323722
13
-5
8
1045
-2550
3232
324747
14
-4
3
1046
-2534
3233
325772
4
-1
2
1055
-2541
3236
326797
4
-1
1
1066
-2545
3214
327822
3
-3
1
1081
-2565
3224
320641
10
-5
2
1081
-2544
3241
321666
-3
-6
3
1072
-2540
3232
322691
-6
-5
4
1068
-2554
3235
323716
-4
-4
6
1064
-2541
3227
324741
-10
-2
7
1062
-2537
3228
325766
-14
-1
8
1045
-2551
3222
326791
1
-2
5
1042
-2554
3220
327816
13
-3
5
1045
-2549
3238
328841
-5
-6
4
1059
-2518
3234
329866
-37
-6
7
1054
-2558
3208
330891
-19
-10
9
1065
-2609
3191
331916
34
-14
6
1076
-2585
3222
332941
48
-13
5
1067
-2540
3243
333966
15
-10
5
1065
-2522
3235
334991
-7
-8
6
1064
-2539
3203
336016
10
-9
10
1059
-2551
3209
328833
35
-10
11
1055
-2525
3249
329858
25
-6
6
1053
-2504
3251
330883
2
-4
4
1054
-2542
3254
331908
5
-6
5
1051
-2534
3237
332933
13
-10
3
1052
-2550
3231
333958
18
-15
6
1054
-2564
3267
334983
14
-29
-1
1041
-2517
3304
336008
-29
-55
-13
1065
-2531
3289
337033
-67
-45
28
1197
-2819
3178
338058
75
-11
101
1042
-2534
3213
339083
32
-4
65
1039
-2411
3099
340108
20
-1
29
1062
-2437
3064
341133
19
7
-6
1045
-2425
3188
342158
-17
19
-26
1051
-2537
3291
343183
-10
24
-37
1062
-2516
3278
344208
-25
28
-23
1106
-2556
3311
337024
2
40
-4
1064
-2498
3255
338049
6
25
-3
1036
-2432
3235
339074
-48
11
-14
1055
-2535
3270
340099
-39
4
-12
1046
-2589
3282
341124
-14
-7
-11
1015
-2574
3310
342149
-25
-42
-15
1003
-2612
3307
343174
-41
-72
1
1200
-2693
3247
344199
29
-24
104
1037
-2647
3125
345224
30
-28
75
1026
-2343
3105
346249
-58
-14
19
1074
-2509
2988
347274
3
-1
-24
1061
-2470
3185
348299
-25
19
-41
1008
-2536
3354
349324
-64
8
-36
1081
-2701
3272
350349
2
13
-5
1131
-2647
3245
351374
96
28
33
1057
-2501
3220
352399
91
21
27
1024
-2357
3259
345215
-19
14
2
1048
-2462
3248
346240
-28
8
-12
1056
-2531
3246
347265
1
2
-16
1069
-2547
3250
348290
7
3
-19
1072
-2528
3257
349315
-29
12
-14
1057
-2558
3259
350340
-32
14
-7
1065
-2605
3251
351365
-12
14
0
1062
-2565
3237
352390
-22
14
2
1048
-2562
3191
353415
-19
8
5
1036
-2596
3192
354440
17
-3
6
1024
-2577
3187
355465
31
-10
4
1042
-2543
3211
356490
13
-8
6
1045
-2533
3244
357515
4
-5
7
1055
-2542
3247
358540
11
-1
7
1049
-2543
3252
359565
9
-1
10
1053
-2525
3246
360590
-3
0
9
1044
-2530
3241
353408
10
-4
4
1061
-2519
3228
354433
12
-5
2
1058
-2515
3253
355458
-1
-2
2
1053
-2523
3249
356483
-10
0
1
1042
-2538
3247
357508
-15
-2
4
1045
-2536
3245
358533
-8
-2
2
1040
-2543
3221
359558
6
-3
1
1048
-2535
3229
360583
3
-4
1
1044
-2531
3235
361608
-5
-5
1
1050
-2555
3230
362633
1
-6
-1
1052
-2546
3233
363658
2
-7
1
1057
-2545
3229
364683
1
-7
4
1054
-2549
3237
365708
0
-5
6
1055
-2548
3234
366733
10
-2
6
1051
-2530
3254
367758
12
-1
7
1043
-2508
3262
368783
0
-1
6
1051
-2512
3248
361601
-7
-1
4
1047
-2536
3229
362626
3
-2
2
1052
-2524
3242
363651
1
-3
0
1057
-2523
3261
364676
-9
-5
-2
1049
-2537
3240
365701
-16
-6
-2
1053
-2541
3222
366726
-11
-5
-1
1054
-2564
3237
367751
11
-7
2
1054
-2551
3237
368776
13
-8
7
1052
-2532
3241
369801
-8
-6
9
1040
-2532
3236
370826
-10
-9
8
1037
-2543
3218
371851
7
-8
4
1044
-2527
3237
372876
12
-8
1
1054
-2514
3254
373901
-2
-5
2
1055
-2533
3259
374926
-7
-3
3
1056
-2548
3236
375951
2
-3
3
1057
-2544
3237
376976
2
-4
3
1064
-2510
3245
369792
-18
-4
2
1053
-2538
3222
370817
-11
-5
3
1046
-2559
3235
371842
2
-5
4
1050
-2546
3250
372867
-1
-5
5
1048
-2523
3244
373892
-18
-3
7
1046
-2530
3233
374917
-11
-4
6
1047
-2547
3225
375942
4
-5
4
1056
-2536
3227
376967
5
-5
2
1044
-2531
3237
377992
0
-5
1
1049
-2534
3237
379017
-9
-6
3
1058
-2540
3235
380042
-8
-7
4
1060
-2550
3220
381067
3
-7
5
1062
-2531
3233
382092
-4
-7
6
1051
-2529
3243
383117
-13
-9
4
1054
-2539
3220
384142
2
-8
4
1052
-2537
3230
385167
8
-8
2
1057
-2524
3235
377984
4
-8
3
1053
-2545
3250
379009
5
-7
4
1058
-2537
3241
380034
-2
-7
6
1056
-2522
3240
381059
-15
-7
5
1065
-2545
3223
382084
3
-10
2
1061
-2556
3245
383109
9
-7
3
1057
-2518
3255
384134
-9
-2
5
1055
-2528
3252
385159
-17
-1
6
1052
-2550
3229
386184
-8
-4
7
1054
-2532
3225
387209
2
-6
6
1057
-2535
3215
388234
11
-5
3
1045
-2531
3247
389259
7
-3
-1
1056
-2526
3252
390284
-12
-1
-2
1065
-2540
3245
391309
-15
-2
-1
1076
-2568
3225
392334
10
-6
3
1067
-2569
3222
393359
24
-6
5
1066
-2523
3238
386176
1
-4
6
1067
-2508
3240
387201
-23
-6
9
1051
-2529
3229
388226
-14
-8
9
1038
-2551
3225
389251
20
-5
7
1046
-2525
3237
390276
19
-2
5
1049
-2498
3255
391301
-10
1
3
1054
-2522
3247
392326
-13
1
2
1053
-2546
3227
393351
3
-2
3
1065
-2524
3214
394376
-7
-3
2
1065
-2529
3229
395401
-11
-5
-1
1066
-2551
3234
396426
3
-8
0
1051
-2545
3236
397451
0
-6
3
1051
-2535
3245
398476
-7
-6
5
1058
-2539
3242
399501
1
-5
5
1059
-2547
3232
400526
11
-1
5
1046
-2531
3243
401551
10
-1
4
1052
-2513
3237
394368
-2
-3
3
1053
-2512
3234
395393
-8
-5
2
1052
-2543
3225
396418
6
-7
2
1062
-2542
3226
397443
14
-9
1
1064
-2523
3235
398468
0
-8
2
1059
-2530
3229
399493
-2
-7
4
1055
-2543
3231
400518
5
-5
3
1058
-2540
3250
401543
8
-5
5
1063
-2521
3240
402568
4
-3
5
1059
-2516
3232
403593
-1
-1
6
1051
-2518
3235
404618
1
0
6
1058
-2537
3242
405643
-1
-1
8
1049
-2566
3246
406668
5
-14
11
1031
-2562
3280
407693
-5
-28
10
1045
-2565
3333
408718
-24
-48
-5
1027
-2541
3245
409743
7
-74
-7
1130
-2591
3118
402559
41
-38
43
1180
-2629
3166
403584
64
-4
74
994
-2374
3313
404609
-26
8
21
1053
-2470
3172
405634
19
8
3
1097
-2417
3193
406659
-8
18
-11
1056
-2392
3234
407684
-83
28
-21
1044
-2542
3259
408709
-85
34
-12
1076
-2691
3209
409734
24
33
10
1043
-2569
3242
410759
38
29
-2
1034
-2489
3279
411784
2
21
-10
1060
-2548
3293
412809
-6
10
-8
1060
-2529
3243
413834
-12
-5
-3
1032
-2580
3258
414859
0
-27
2
1016
-2605
3308
415884
17
-66
-5
1037
-2534
3321
416909
-47
-42
34
1191
-2732
3087
417934
104
-30
98
963
-2344
3188
410752
-15
-25
29
1052
-2471
3115
411777
21
-22
-3
1076
-2434
3126
412802
20
-2
-29
1081
-2398
3243
413827
-53
23
-33
1062
-2582
3352
414852
-53
25
-19
1093
-2637
3310
415877
-4
31
14
1093
-2597
3232
416902
42
33
29
1014
-2458
3194
417927
10
21
6
1034
-2441
3251
418952
-30
12
-13
1045
-2507
3254
419977
-25
3
-16
1050
-2546
3229
421002
-3
-5
-19
1055
-2558
3242
422027
-1
-6
-16
1058
-2540
3259
423052
-24
0
-12
1052
-2548
3241
424077
-28
4
-8
1053
-2587
3236
425102
-6
7
0
1053
-2572
3210
426127
4
9
3
1053
-2576
3223
418951
10
3
9
1061
-2542
3219
419976
6
-2
10
1051
-2540
3202
421001
10
-8
11
1054
-2535
3238
422026
13
-11
11
1049
-2510
3244
423051
4
-10
8
1043
-2522
3255
424076
5
-8
3
1049
-2522
3261
425101
0
-5
3
1061
-2497
3267
426126
-18
-1
4
1066
-2517
3256
427151
-16
1
3
1072
-2547
3233
428176
10
2
0
1051
-2521
3240
429201
5
1
0
1044
-2497
3241
430226
-29
2
0
1040
-2546
3232
431251
-20
0
2
1051
-2568
3224
432276
3
-2
5
1042
-2540
3220
433301
-2
-3
8
1042
-2540
3241
434326
-3
-4
7
1040
-2542
3220
427135
8
-5
7
1040
-2545
3235
428160
11
-8
6
1052
-2513
3239
429185
-1
-10
6
1061
-2536
3235
430210
-6
-10
3
1061
-2529
3236
431235
-9
-11
1
1064
-2545
3241
432260
-1
-10
0
1064
-2542
3246
433285
-1
-6
1
1058
-2533
3250
434310
-6
-1
3
1045
-2538
3244
435335
0
1
6
1038
-2523
3244
436360
-1
-1
9
1047
-2515
3228
437385
-8
-2
8
1045
-2526
3231
438410
-8
-4
5
1055
-2530
3227
439435
-6
-6
0
1050
-2540
3223
440460
-4
-6
-1
1058
-2555
3242
441485
2
-4
1
1066
-2544
3245
442510
-1
-4
5
1060
-2545
3240
435328
-11
-5
11
1055
-2538
3239
436353
-18
-7
10
1053
-2541
3211
437378
-1
-8
6
1042
-2539
3222
438403
13
-8
4
1044
-2532
3255
439428
12
-6
3
1054
-2520
3256
440453
-1
-2
3
1058
-2533
3257
441478
-5
0
2
1059
-2525
3238
442503
-9
0
2
1055
-2532
3244
443528
-10
0
1
1058
-2539
3220
444553
-3
-3
-2
1061
-2539
3221
445578
-6
-6
0
1056
-2535
3236
446603
-11
-7
1
1060
-2549
3224
447628
-6
-8
4
1063
-2543
3234
448653
-3
-7
6
1055
-2532
3239
449678
-8
-6
7
1051
-2545
3231
450703
-2
-7
6
1050
-2541
3230
443520
5
-8
5
1050
-2528
3239
444545
2
-10
3
1063
-2530
3238
445570
0
-7
1
1068
-2543
3242
446595
8
-5
0
1061
-2553
3247
447620
12
-6
3
1068
-2535
3253
448645
-5
-4
7
1060
-2534
3241
449670
-13
-2
9
1054
-2546
3222
450695
4
-4
6
1044
-2538
3234
451720
11
-5
4
1047
-2516
3243
452745
-8
-4
3
1052
-2517
3247
453770
-23
-3
3
1045
-2538
3224
454795
-10
-5
2
1061
-2560
3219
455820
17
-5
0
1066
-2543
3234
456845
14
-6
-1
1070
-2529
3242
457870
-6
-7
0
1068
-2543
3235
458895
-10
-7
2
1075
-2553
3230
451712
2
-9
5
1067
-2543
3242
452737
12
-6
7
1060
-2531
3245
453762
10
-3
7
1045
-2525
3235
454787
7
-3
8
1044
-2508
3251
455812
-7
-2
8
1045
-2516
3237
456837
-9
-4
7
1060
-2533
3211
457862
-2
-5
2
1061
-2535
3231
458887
2
-7
-1
1066
-2526
3245
459912
-2
-5
0
1067
-2545
3233
460937
-5
-5
2
1070
-2548
3235
461962
-2
-5
4
1055
-2547
3236
462987
3
-6
5
1049
-2544
3235
464012
3
-4
4
1056
-2533
3237
465037
-1
-4
4
1055
-2525
3241
466062
-5
-4
5
1050
-2539
3221
467087
10
-6
5
1049
-2535
3240
459904
12
-5
4
1051
-2517
3253
460929
-6
-1
3
1057
-2521
3238
461954
-14
-2
4
1067
-2535
3234
462979
-4
-6
3
1067
-2541
3227
464004
5
-5
2
1068
-2533
3230
465029
2
-6
3
1065
-2524
3245
466054
-10
-6
3
1063
-2538
3234
467079
-6
-4
4
1061
-2550
3229
468104
11
-5
7
1056
-2540
3241
469129
8
-4
6
1051
-2523
3245
470154
-8
-1
5
1052
-2532
3238
471179
-2
-2
6
1058
-2539
3231
472204
10
-6
6
1065
-2523
3228
473229
0
-8
4
1068
-2525
3235
474254
-11
-8
4
1064
-2539
3244
475279
-9
-10
5
1053
-2574
3228
468097
28
-15
6
1041
-2573
3239
469122
37
-29
11
1007
-2532
3277
470147
-5
-51
13
999
-2500
3342
471172
-38
-79
-14
1082
-2505
3295
472197
-60
-46
12
1290
-2803
3159
473222
84
5
115
996
-2524
3168
474247
31
3
52
1036
-2356
3180
475272
-11
8
15
1088
-2511
3103
476297
34
1
-10
1044
-2397
3178
477322
-10
1
-35
1057
-2519
3194
478347
9
10
-38
1124
-2552
3289
479372
11
43
-8
1117
-2481
3370
480397
-45
67
13
1010
-2505
3306
481422
-76
52
15
1006
-2623
3222
482447
-6
24
9
1030
-2561
3200
483472
44
1
2
1049
-2530
3232
476289
45
-16
-4
1032
-2512
3283
477314
6
-30
-16
1014
-2504
3327
478339
-49
-67
-22
1061
-2546
3255
479364
-73
-65
16
1201
-2801
3176
480389
124
-33
91
1008
-2583
3180
481414
110
-27
47
1042
-2356
3216
482439
3
-2
17
1059
-2487
3188
483464
19
4
-5
1051
-2401
3153
484489
-1
20
-29
1079
-2394
3241
485514
-80
43
-27
1093
-2565
3379
486539
-77
60
4
1093
-2612
3318
487564
-14
54
26
1016
-2490
3182
488589
-27
33
7
1023
-2491
3213
489614
-34
13
-9
1054
-2535
3245
490639
-6
6
-16
1049
-2540
3231
491664
-5
3
-13
1046
-2560
3269
484480
-20
4
-8
1052
-2547
3274
485505
-31
6
-5
1037
-2557
3235
486530
-14
0
-1
1029
-2562
3206
487555
3
-5
1
1032
-2543
3232
488580
-1
-6
-1
1041
-2543
3229
489605
-5
-6
1
1040
-2554
3235
490630
5
-10
2
1048
-2554
3235
491655
10
-13
4
1061
-2533
3238
492680
3
-13
7
1058
-2540
3237
493705
4
-14
7
1056
-2532
3242
494730
13
-11
6
1049
-2509
3255
495755
0
-6
6
1041
-2510
3247
496780
-9
-3
5
1035
-2522
3244
497805
-14
-1
4
1041
-2532
3250
498830
-6
2
1
1039
-2529
3262
499855
-11
2
1
1047
-2521
3229
492673
-24
0
-2
1049
-2546
3211
493698
-11
-6
-5
1058
-2569
3220
494723
8
-11
-6
1057
-2547
3232
495748
-2
-11
-2
1051
-2550
3232
496773
-12
-8
1
1058
-2565
3243
497798
-3
-6
5
1056
-2554
3236
498823
5
-6
9
1048
-2531
3245
499848
7
-6
11
1037
-2519
3241
500873
3
-6
10
1044
-2520
3243
501898
0
-4
6
1052
-2505
3238
502923
-7
-3
3
1055
-2533
3249
503948
1
-4
1
1054
-2518
3239
504973
-13
-4
1
1067
-2540
3242
505998
-12
-4
1
1070
-2541
3234
507023
-6
-5
2
1057
-2542
3208
508048
2
-5
1
1039
-2552
3228
500864
7
-6
1
1045
-2538
3248
501889
-10
-4
4
1039
-2542
3238
502914
-14
-6
5
1058
-2541
3221
503939
-8
-3
6
1049
-2553
3228
504964
10
-4
3
1044
-2534
3229
505989
8
-4
3
1050
-2527
3229
507014
1
-6
2
1058
-2522
3228
508039
-12
-6
2
1056
-2538
3227
509064
-5
-7
4
1059
-2549
3232
510089
2
-8
4
1053
-2540
3241
511114
-2
-6
4
1064
-2539
3232
512139
-9
-6
5
1052
-2534
3234
513164
-9
-7
5
1063
-2539
3226
514189
2
-6
4
1055
-2526
3230
515214
0
-4
3
1047
-2534
3244
516239
-2
-3
2
1049
-2545
3231
509057
1
-6
4
1065
-2540
3226
510082
4
-7
4
1054
-2532
3225
511107
1
-6
5
1052
-2544
3229
512132
0
-5
4
1053
-2547
3232
513157
-3
-4
5
1042
-2542
3242
514182
-1
-5
6
1050
-2531
3236
515207
0
-4
6
1052
-2528
3226
516232
-1
-3
5
1048
-2522
3239
517257
-6
-3
3
1052
-2528
3235
518282
-3
-6
1
1063
-2543
3228
519307
5
-8
0
1058
-2535
3239
520332
-8
-8
0
1064
-2537
3251
521357
-21
-6
2
1061
-2548
3230
522382
-10
-3
3
1063
-2560
3226
523407
10
-3
4
1059
-2548
3233
524432
10
-4
9
1046
-2534
3235
517247
3
-4
12
1039
-2532
3217
518272
4
-7
9
1044
-2529
3220
519297
10
-8
4
1061
-2530
3237
520322
4
-6
3
1061
-2523
3239
521347
-12
-6
2
1059
-2533
3234
522372
-20
-7
2
1069
-2545
3241
523397
-11
-6
4
1073
-2560
3227
524422
11
-6
4
1056
-2557
3233
525447
15
-5
4
1048
-2525
3245
526472
-5
-2
4
1056
-2535
3239
527497
-11
-1
4
1051
-2544
3227
528522
-4
-3
3
1051
-2539
3232
529547
1
-4
3
1055
-2536
3239
530572
-1
-4
3
1054
-2527
3231
531597
-6
-2
2
1053
-2549
3221
532622
0
-3
2
1047
-2546
3225
525440
1
-5
2
1059
-2543
3227
526465
-1
-7
3
1065
-2540
3227
527490
-4
-8
5
1063
-2551
3214
528515
6
-8
7
1065
-2540
3216
529540
9
-9
6
1062
-2527
3237
530565
-2
-9
4
1053
-2533
3245
531590
-2
-6
6
1047
-2538
3239
532615
3
-5
6
1063
-2524
3242
533640
-2
-4
4
1061
-2524
3239
534665
-6
-5
3
1058
-2532
3232
535690
-2
-6
2
1054
-2533
3235
536715
-1
-5
2
1062
-2537
3242
537740
-3
-3
2
1062
-2536
3239
538765
-6
-2
4
1048
-2542
3240
539790
0
-3
6
1047
-2538
3234
540815
-1
-5
8
1043
-2535
3225
533632
-4
-5
7
1041
-2549
3220
534657
15
-9
1
1041
-2536
3225
535682
20
-11
0
1064
-2534
3242
536707
5
-12
-3
1069
-2517
3237
537732
-8
-8
-2
1071
-2561
3237
538757
5
-7
1
1076
-2554
3238
539782
17
-6
4
1078
-2529
3251
540807
-2
-4
8
1070
-2531
3235
541832
3
-8
10
1040
-2555
3238
542857
12
-12
19
1030
-2558
3274
543882
9
-19
13
1010
-2510
3300
544907
-11
-46
-7
1063
-2511
3235
545932
-25
-65
2
1107
-2628
3268
546957
-17
-17
52
1160
-2748
3136
547982
98
6
67
1009
-2348
3197
549007
7
5
22
1079
-2479
3165
541823
31
4
4
1073
-2434
3207
542848
2
11
-9
1067
-2418
3196
543873
-46
18
-19
1054
-2506
3219
544898
-48
24
-26
1085
-2571
3276
545923
-33
51
-1
1078
-2609
3331
546948
20
52
12
1001
-2450
3271
547973
-23
36
-7
1045
-2480
3229
548998
-38
22
-12
1053
-2563
3225
550023
-5
3
-3
1044
-2573
3258
551048
-5
-8
1
1009
-2571
3319
552073
-52
-44
-13
978
-2590
3333
553098
-76
-87
-16
1193
-2690
3246
554123
47
-39
95
1067
-2771
3048
555148
122
-58
99
1002
-2281
3112
556173
-29
-32
25
1033
-2510
3068
557198
29
-20
-7
1071
-2459
3203
550016
36
10
-21
1058
-2414
3306
551041
-62
20
-17
1061
-2567
3298
552066
-70
19
1
1084
-2665
3289
553091
32
19
27
1098
-2559
3191
554116
84
17
21
1039
-2384
3232
555141
-2
17
-12
1046
-2444
3306
556166
-46
17
-20
1051
-2564
3297
557191
-19
11
-17
1054
-2553
3263
558216
-13
11
-12
1053
-2531
3259
559241
-33
11
-9
1044
-2566
3215
560266
-16
9
-7
1031
-2564
3199
561291
-3
7
-7
1042
-2558
3221
562316
-12
5
-8
1038
-2580
3224
563341
-15
-3
-5
1036
-2597
3193
564366
2
-12
-1
1058
-2588
3205
565391
16
-14
6
1072
-2559
3230
558208
13
-12
9
1070
-2553
3239
559233
17
-10
13
1057
-2537
3241
560258
23
-8
14
1049
-2504
3261
561283
7
-6
15
1056
-2480
3271
562308
-22
-4
12
1057
-2497
3250
563333
-19
-4
5
1061
-2535
3214
564358
10
-3
0
1050
-2523
3247
565383
4
-1
-3
1058
-2506
3260
566408
-25
5
-6
1053
-2558
3250
567433
-15
3
-3
1055
-2547
3231
568458
-14
3
1
1044
-2558
3212
569483
-7
-1
3
1046
-2569
3199
570508
7
-5
5
1043
-2553
3218
571533
1
-7
6
1043
-2541
3232
572558
-1
-9
6
1049
-2546
3226
573583
5
-10
6
1043
-2539
3233
566400
-3
-10
7
1051
-2515
3231
567425
-17
-11
7
1051
-2533
3224
568450
-16
-14
4
1061
-2537
3221
569475
3
-13
1
1065
-2558
3225
570500
20
-11
-1
1062
-2527
3230
571525
6
-10
0
1071
-2539
3250
572550
-3
-5
1
1068
-2552
3242
573575
1
-2
5
1067
-2539
3239
574600
-9
-1
6
1058
-2537
3241
575625
-11
-3
6
1058
-2529
3213
576650
-2
-4
3
1062
-2541
3213
577675
7
-8
2
1069
-2537
3229
578700
7
-8
0
1062
-2545
3232
579725
0
-5
2
1069
-2544
3245
580750
-5
-2
5
1054
-2549
3232
581775
-3
-1
9
1045
-2534
3233
574592
-5
-3
10
1051
-2508
3218
575617
-9
-3
5
1045
-2554
3217
576642
14
-6
3
1046
-2515
3252
577667
-8
-5
3
1051
-2501
3243
578692
-31
-2
-1
1062
-2574
3212
579717
9
-4
-1
1060
-2572
3243
580742
16
-7
2
1063
-2502
3247
581767
-29
-4
4
1061
-2540
3221
582792
-29
-4
6
1061
-2573
3212
583817
3
-6
6
1060
-2545
3225
584842
9
-8
9
1048
-2525
3241
585867
-13
-7
9
1035
-2539
3227
586892
-11
-6
7
1050
-2546
3222
587917
6
-3
5
1051
-2539
3236
588942
9
-1
3
1044
-2529
3241
589967
-11
-1
3
1053
-2531
3221
582785
-21
-3
3
1062
-2565
3215
583810
-4
-6
1
1062
-2562
3212
584835
10
-7
1
1057
-2557
3225
585860
12
-7
3
1052
-2543
3245
586885
-2
-6
6
1055
-2554
3235
587910
-4
-6
8
1059
-2548
3235
588935
-4
-7
8
1066
-2531
3218
589960
-2
-5
5
1062
-2542
3223
590985
5
-3
2
1051
-2549
3238
592010
10
-1
0
1061
-2532
3243
593035
-1
-1
2
1062
-2528
3248
594060
-18
-2
3
1065
-2544
3222
595085
-17
-2
3
1072
-2561
3209
596110
2
-5
3
1067
-2544
3210
597135
9
-8
4
1062
-2544
3236
598160
8
-8
3
1062
-2544
3240
590976
10
-6
2
1061
-2549
3231
592001
9
-5
3
1063
-2532
3240
593026
-5
-2
4
1055
-2532
3246
594051
-10
-3
5
1058
-2541
3225
595076
5
-5
5
1063
-2533
3218
596101
8
-6
4
1058
-2529
3237
597126
3
-6
3
1057
-2534
3247
598151
-2
-5
3
1050
-2540
3236
599176
-2
-5
3
1052
-2545
3231
600201
1
-4
5
1056
-2533
3228
601226
-1
-3
4
1047
-2543
3227
602251
0
-5
3
1054
-2534
3226
603276
-1
-5
1
1065
-2542
3241
604301
-1
-3
0
1061
-2546
3237
605326
2
-5
0
1063
-2551
3233
606351
13
-6
2
1071
-2550
3243
599168
8
-2
4
1069
-2529
3249
600193
-9
1
7
1058
-2532
3233
601218
-7
-1
9
1047
-2546
3221
602243
10
-4
9
1040
-2520
3231
603268
9
-3
7
1042
-2514
3239
604293
-3
-2
4
1051
-2533
3233
605318
-1
-2
3
1064
-2559
3241
606343
12
-3
3
1065
-2544
3228
607368
11
-5
5
1067
-2537
3233
608393
1
-4
7
1063
-2549
3240
609418
3
-2
7
1061
-2536
3233
610443
2
-3
8
1047
-2521
3230
611468
-8
-5
7
1048
-2519
3225
612493
2
-7
6
1044
-2548
3237
613518
21
-11
4
1043
-2540
3267
614543
5
-16
7
1025
-2592
3271
607359
5
-22
5
1023
-2532
3322
608384
-5
-43
-4
1055
-2536
3373
609409
-56
-55
-5
1207
-2618
3201
610434
-5
-3
87
1070
-2734
2949
611459
99
-13
56
1019
-2288
3252
612484
-14
4
12
1079
-2579
3161
613509
74
-6
3
1039
-2428
3220
614534
30
-3
-3
1059
-2476
3245
615559
5
4
-17
1078
-2468
3232
616584
-12
16
-21
1091
-2464
3226
617609
-29
40
-15
1096
-2505
3333
618634
-42
55
4
1008
-2557
3308
619659
-25
27
-1
1015
-2538
3226
620684
11
5
-12
1048
-2567
3274
621709
17
-17
-12
1019
-2500
3344
622734
-54
-48
-29
1015
-2572
3371
615553
-125
-34
29
1214
-2974
3196
616578
148
-35
115
989
-2380
3124
617603
41
-33
55
1019
-2368
2994
618628
9
-33
7
1023
-2436
3097
619653
27
-29
-20
1059
-2451
3215
620678
3
-11
-35
1078
-2500
3314
621703
-35
4
-38
1081
-2576
3310
622728
-16
12
-28
1126
-2569
3332
623753
-3
34
-1
1123
-2486
3315
624778
-23
52
22
1083
-2451
3212
625803
-52
45
19
1012
-2506
3216
626828
-49
22
2
1023
-2586
3231
627853
10
3
-13
1035
-2505
3235
628878
-5
1
-19
1043
-2523
3251
629903
-35
7
-18
1055
-2577
3258
630928
-36
13
-8
1047
-2616
3259
623744
-13
15
4
1039
-2588
3214
624769
1
13
9
1046
-2567
3208
625794
0
3
8
1040
-2547
3176
626819
1
-7
10
1045
-2553
3177
627844
14
-17
9
1050
-2538
3217
628869
22
-18
7
1040
-2550
3238
629894
24
-16
7
1043
-2520
3279
630919
7
-8
7
1041
-2509
3276
631944
-4
-3
8
1053
-2506
3259
632969
-14
3
9
1057
-2513
3244
633994
-9
5
4
1061
-2522
3238
635019
2
3
1
1051
-2520
3229
636044
5
-2
0
1045
-2515
3217
637069
-7
-6
-4
1048
-2529
3205
638094
-8
-10
-8
1057
-2556
3213
639119
8
-12
-6
1050
-2556
3227
632150
18
-12
0
1046
-2552
3251
633175
17
-12
6
1048
-2529
3252
634200
0
-9
11
1042
-2541
3247
635225
1
-10
13
1045
-2526
3231
636250
6
-11
10
1063
-2539
3225
637275
10
-15
8
1071
-2540
3238
638300
5
-16
13
1085
-2557
3243
639325
15
-18
18
1092
-2570
3240
640350
16
-15
24
1086
-2531
3263
641375
-2
-8
29
1068
-2561
3261
642400
-2
-3
31
1061
-2561
3255
643425
7
4
33
1056
-2542
3252
644450
12
5
37
1033
-2516
3253
645475
1
6
36
1024
-2509
3244
646500
-16
7
30
999
-2540
3237
647525
-12
3
25
999
-2528
3248
640128
-15
3
24
980
-2517
3250
641153
-28
4
24
970
-2516
3249
642178
-46
4
23
1012
-2534
3237
643203
-37
3
23
1051
-2550
3197
644228
-6
-4
24
1052
-2509
3198
645253
2
-15
20
1079
-2507
3229
646278
3
-20
9
1094
-2523
3234
647303
-4
-21
-8
1087
-2527
3241
648328
-10
-18
-20
1092
-2541
3262
649353
-17
-10
-20
1092
-2572
3276
650378
-13
-3
-10
1089
-2578
3240
651403
-3
3
0
1068
-2593
3220
652428
23
4
5
1036
-2560
3242
653453
22
2
3
1041
-2533
3229
654478
5
2
-2
1049
-2537
3232
655503
-3
2
-6
1056
-2551
3214
648320
14
1
-6
1067
-2567
3221
649345
32
0
-3
1059
-2536
3239
650370
24
2
0
1060
-2544
3261
651395
23
4
3
1055
-2535
3254
652420
19
10
5
1013
-2497
3255
653445
3
16
13
975
-2516
3259
654470
11
13
18
956
-2506
3249
655495
11
9
11
966
-2491
3257
656520
-19
5
1
977
-2492
3241
657545
-32
-1
-13
1000
-2514
3219
658570
-30
-7
-19
1014
-2540
3218
659595
-26
-13
-18
1019
-2555
3235
660620
-27
-16
-13
1018
-2547
3248
661645
-37
-14
-7
1022
-2579
3240
662670
-23
-12
-3
1015
-2568
3248
663695
-23
-10
1
1019
-2543
3244
656512
-43
-9
4
1034
-2554
3226
657537
-40
-11
1
1048
-2556
3194
658562
-25
-15
-4
1069
-2535
3211
659587
-37
-17
-5
1059
-2535
3237
660612
-52
-19
-4
1087
-2568
3235
661637
-42
-16
0
1114
-2576
3256
662662
-31
-9
3
1127
-2567
3257
663687
-26
0
6
1108
-2568
3238
664712
-30
5
10
1092
-2545
3241
665737
-50
11
13
1081
-2560
3224
666762
-41
15
18
1048
-2597
3204
667787
-11
14
22
1028
-2572
3195
668812
-12
14
21
1028
-2565
3210
669837
-23
12
21
1027
-2580
3191
670862
-13
6
22
1025
-2589
3155
671887
5
-1
20
1016
-2576
3170
664704
-7
-8
13
1031
-2574
3174
665729
-6
-14
0
1025
-2586
3179
666754
0
-19
-1
1008
-2576
3198
667779
-7
-21
4
1006
-2577
3219
668804
-17
-17
10
1006
-2594
3230
669829
-2
-12
12
1001
-2583
3225
670854
21
-10
13
990
-2553
3228
671879
18
-10
9
988
-2511
3225
672904
-6
-9
4
985
-2525
3207
673929
-12
-11
-2
983
-2570
3182
674954
8
-17
-11
998
-2592
3187
675979
23
-21
-15
1027
-2574
3210
677004
-5
-23
-13
1053
-2603
3196
678029
-22
-23
-8
1089
-2640
3176
679054
-11
-25
2
1095
-2639
3186
680079
6
-25
13
1096
-2626
3203
672896
14
-22
24
1099
-2596
3220
673921
18
-17
31
1079
-2552
3244
674946
5
-11
35
1067
-2527
3244
675971
-1
-10
32
1051
-2510
3222
676996
3
-7
22
1044
-2503
3214
678021
18
-4
12
1042
-2509
3227
679046
13
-3
4
1059
-2496
3239
680071
-33
-1
3
1073
-2524
3249
681096
-66
3
10
1101
-2606
3244
682121
-35
12
18
1088
-2582
3227
683146
-10
19
24
1100
-2651
3217
684171
3
23
34
1053
-2593
3219
685196
-25
20
33
1013
-2580
3177
686221
-17
8
30
1001
-2597
3134
687246
5
-7
24
966
-2570
3171
688271
7
-18
12
913
-2593
3225
681088
33
-54
-15
890
-2515
3375
682113
-46
-74
-1
1231
-2903
3320
683138
145
-6
145
982
-2918
2976
684163
278
-27
153
1019
-2293
3134
685188
51
15
76
1009
-2467
3067
686213
22
19
36
1009
-2443
3119
687238
20
22
2
988
-2518
3186
688263
8
10
-9
1007
-2596
3203
689288
55
-2
-22
997
-2523
3211
690313
63
0
-36
1049
-2491
3330
691338
45
24
-20
1031
-2553
3280
692363
78
8
-22
967
-2380
3229
693388
-13
-19
-40
984
-2397
3325
694413
-91
-38
-37
1011
-2570
3498
695438
-125
-69
-39
1095
-2785
3408
696463
-32
-36
34
1245
-2964
3187
689280
188
-28
113
978
-2309
3047
690305
9
-27
51
1042
-2328
2916
691330
-39
-28
-15
1031
-2544
3075
692355
37
-32
-41
1025
-2496
3239
693380
22
-15
-62
1006
-2547
3290
694405
-11
-1
-59
1039
-2650
3369
695430
34
13
-26
1074
-2597
3318
696455
84
20
12
1025
-2460
3198
697480
23
12
22
1004
-2520
3220
698505
-28
1
7
1016
-2586
3211
699530
-3
-15
-3
1036
-2595
3197
700555
38
-24
-10
1059
-2528
3220
701580
32
-20
-12
1074
-2517
3267
702605
10
-16
0
1088
-2537
3319
703630
11
-3
12
1086
-2526
3328
704655
33
8
23
1076
-2469
3330
697471
18
19
21
1071
-2436
3316
698496
-7
24
12
1040
-2435
3290
699521
-23
18
0
1014
-2422
3265
700546
-44
13
-15
1009
-2461
3237
701571
-56
9
-32
1003
-2504
3226
702596
-64
3
-40
999
-2536
3227
703621
-66
-5
-38
1004
-2558
3221
704646
-75
-8
-30
1010
-2626
3198
705671
-65
-18
-13
1018
-2627
3185
706696
-55
-17
3
1056
-2705
3197
707721
-12
-12
17
1068
-2685
3206
708746
1
-9
31
1084
-2639
3186
709771
14
-11
38
1080
-2606
3198
710796
42
-15
38
1084
-2535
3229
711821
44
-13
34
1080
-2512
3277
712846
38
-6
25
1084
-2467
3325
705664
14
10
12
1086
-2391
3318
706689
-2
26
-4
1105
-2381
3289
707714
20
33
-16
1121
-2329
3286
708739
21
41
-34
1113
-2322
3296
709764
5
44
-59
1101
-2328
3328
710789
-38
48
-83
1081
-2343
3336
711814
-80
56
-102
1070
-2432
3309
712839
-93
59
-115
1057
-2494
3263
713864
-99
61
-111
1042
-2565
3233
714889
-93
57
-100
1020
-2641
3191
715914
-68
46
-85
1009
-2666
3159
716939
-64
37
-67
1010
-2684
3148
717964
-62
32
-50
1019
-2732
3138
718989
-31
26
-29
1030
-2749
3166
720014
-5
22
-4
1037
-2711
3200
721039
-9
21
21
1027
-2665
3212
713857
-13
20
40
1000
-2636
3201
714882
-3
18
45
971
-2584
3210
715907
-1
19
39
945
-2541
3231
716932
-18
20
29
935
-2526
3221
717957
-30
18
13
951
-2530
3209
718982
-26
13
0
987
-2562
3178
720007
-7
5
-7
999
-2595
3168
721032
-1
-6
-9
1008
-2606
3181
722057
-20
-15
-6
1009
-2642
3178
723082
-21
-23
0
1011
-2691
3162
724107
9
-29
7
1027
-2701
3143
725132
47
-36
24
1042
-2687
3148
726157
68
-45
46
1038
-2630
3173
727182
76
-54
63
1032
-2584
3189
728207
94
-61
66
1042
-2491
3235
729232
90
-59
56
1054
-2442
3281
722048
77
-51
39
1059
-2398
3313
723073
50
-38
22
1086
-2375
3350
724098
23
-22
6
1102
-2366
3343
725123
3
-6
-9
1102
-2387
3332
726148
-14
6
-22
1085
-2401
3332
727173
-43
20
-33
1072
-2442
3313
728198
-66
28
-39
1058
-2506
3265
729223
-72
31
-39
1049
-2547
3226
730248
-76
32
-34
1039
-2603
3199
731273
-67
28
-25
1025
-2637
3171
732298
-42
23
-15
1017
-2664
3158
733323
-18
12
-2
1024
-2665
3163
734348
-14
4
13
1026
-2655
3163
735373
-3
-4
24
1023
-2650
3170
736398
19
-12
31
1022
-2597
3187
737423
25
-17
35
1029
-2575
3211
730241
28
-19
34
1029
-2549
3231
731266
28
-18
29
1032
-2511
3255
732291
16
-16
21
1044
-2487
3265
733316
-1
-12
14
1051
-2491
3260
734341
-11
-6
5
1044
-2512
3255
735366
-6
-1
-2
1047
-2516
3263
736391
-11
4
-3
1051
-2531
3265
737416
-25
10
-4
1047
-2556
3245
738441
-24
12
-3
1034
-2556
3217
739466
-20
12
-1
1024
-2566
3214
740491
-18
10
1
1015
-2589
3193
741516
-7
6
1
1003
-2587
3202
742541
-10
2
0
1013
-2578
3199
743566
-16
-3
-3
1028
-2597
3183
744591
0
-11
-4
1018
-2599
3184
745616
12
-17
-2
1026
-2580
3222
738432
9
-17
1
1032
-2594
3216
739457
22
-17
4
1047
-2585
3214
740482
35
-15
8
1045
-2553
3235
741507
22
-12
13
1037
-2541
3251
742532
12
-11
13
1043
-2540
3238
743557
20
-11
12
1053
-2517
3234
744582
15
-9
9
1046
-2509
3268
745607
-4
-6
6
1041
-2553
3262
746632
2
-13
9
1017
-2599
3265
747657
-2
-42
9
985
-2561
3432
748682
-99
-104
-13
1006
-2557
3234
749707
-89
-66
5
1329
-2919
3168
750732
115
8
148
988
-2519
3300
751757
8
17
100
1001
-2371
2998
752782
-26
13
51
1018
-2479
2963
753807
30
-4
21
978
-2419
3100
746624
23
-8
-17
980
-2503
3202
747649
38
-9
-43
1008
-2533
3248
748674
26
13
-50
1080
-2515
3380
749699
7
58
-30
1098
-2555
3369
750724
3
72
2
1018
-2476
3267
751749
-79
52
6
996
-2571
3235
752774
-62
12
-4
965
-2675
3280
753799
23
-54
-28
961
-2609
3402
754824
-42
-101
-36
1230
-2737
3499
755849
-22
-46
125
1066
-2966
3013
756874
169
-68
132
968
-2197
2927
757899
-40
-24
43
1030
-2494
2953
758924
10
-4
0
1022
-2488
3073
759949
18
29
-29
999
-2515
3255
760974
-17
59
-32
1042
-2619
3361
761999
-11
67
-15
1043
-2499
3353
754816
-24
67
14
1055
-2543
3243
755841
36
40
26
984
-2381
3139
756866
-17
8
-10
1002
-2390
3196
757891
-79
-4
-40
1014
-2562
3326
758916
-68
-8
-45
1063
-2669
3345
759941
-5
0
-43
1080
-2583
3312
760966
-23
18
-18
1074
-2638
3261
761991
-22
18
0
1045
-2596
3200
763016
-25
14
9
1026
-2580
3145
764041
-23
13
8
982
-2609
3159
765066
11
7
2
963
-2594
3214
766091
19
-2
0
973
-2567
3226
767116
1
-9
3
998
-2589
3200
768141
8
-17
6
1009
-2578
3188
769166
18
-22
6
1020
-2559
3196
770191
32
-21
-1
1011
-2579
3227
763008
41
-23
-3
1024
-2525
3268
764033
4
-22
-3
1031
-2525
3267
765058
-25
-18
-1
1040
-2573
3245
766083
9
-13
-2
1043
-2566
3248
767108
21
-6
-3
1056
-2504
3263
768133
-17
1
-2
1037
-2528
3251
769158
-33
0
-2
1041
-2546
3227
770183
-14
2
-7
1021
-2567
3210
771208
3
0
-10
1024
-2542
3245
772233
-19
0
-12
1038
-2557
3234
773258
-37
1
-9
1034
-2594
3218
774283
-24
0
-5
1035
-2603
3201
775308
-3
-2
-2
1029
-2601
3194
776333
6
-8
2
1022
-2577
3202
777358
-7
-10
4
1027
-2585
3216
778383
4
-12
4
1036
-2575
3213
771307
13
-15
3
1029
-2561
3210
772332
19
-15
3
1025
-2563
3229
773357
20
-17
4
1037
-2547
3242
774382
12
-16
5
1047
-2545
3247
775407
9
-14
4
1053
-2546
3233
776432
15
-10
1
1039
-2567
3237
777457
22
-10
1
1046
-2532
3259
778482
-8
-6
4
1042
-2538
3231
779507
-21
-4
5
1034
-2552
3225
780532
-11
-8
4
1046
-2544
3219
781557
2
-6
1
1028
-2563
3218
782582
10
-5
-2
1032
-2546
3230
783607
-6
-4
-6
1037
-2556
3235
784632
-17
-7
-8
1041
-2565
3227
785657
-11
-8
-8
1048
-2581
3210
786682
10
-8
-3
1056
-2587
3227
779392
12
-6
2
1050
-2567
3241
780417
-3
-6
6
1044
-2549
3222
781442
-5
-6
8
1026
-2547
3217
782467
4
-7
11
1025
-2541
3234
783492
1
-6
7
1028
-2542
3230
784517
8
-6
3
1044
-2549
3232
785542
7
-5
0
1043
-2529
3238
786567
-9
-4
-2
1058
-2551
3228
787592
-18
-5
-1
1060
-2562
3225
788617
-10
-5
1
1056
-2577
3214
789642
18
-5
2
1040
-2577
3230
790667
15
-4
4
1046
-2537
3254
791692
-21
-4
6
1036
-2541
3225
792717
-35
-5
6
1037
-2552
3190
793742
-19
-6
3
1041
-2574
3213
794767
14
-3
0
1045
-2580
3234
787584
28
-2
0
1037
-2545
3250
788609
-3
-1
3
1046
-2547
3245
789634
-23
0
5
1055
-2559
3205
790659
-21
-3
5
1048
-2561
3206
791684
-4
-5
2
1047
-2563
3220
792709
13
-5
0
1033
-2564
3224
793734
16
-6
0
1044
-2538
3248
794759
-7
-5
1
1055
-2546
3232
795784
-14
-2
3
1048
-2578
3210
796809
6
-2
4
1043
-2555
3236
797834
6
0
5
1050
-2527
3258
798859
-28
9
2
1047
-2517
3254
799884
-51
17
-4
1033
-2549
3240
800909
-32
19
-7
1032
-2524
3232
801934
-40
19
-8
1033
-2534
3204
802959
-40
14
-10
1033
-2546
3202
795776
-29
9
-12
1032
-2599
3174
796801
1
1
-11
1041
-2601
3200
797826
-2
-2
-9
1046
-2597
3214
798851
-19
-4
-4
1046
-2618
3192
799876
-8
-7
4
1053
-2631
3195
800901
10
-8
11
1052
-2601
3209
801926
5
-7
16
1039
-2571
3198
802951
0
-9
18
1024
-2567
3201
803976
12
-12
18
1019
-2565
3202
805001
27
-14
14
1036
-2544
3230
806026
13
-13
9
1042
-2528
3247
807051
-1
-9
8
1042
-2557
3241
808076
12
-5
7
1057
-2555
3234
809101
11
-4
6
1059
-2546
3241
810126
-6
-1
7
1053
-2553
3237
811151
-11
-2
5
1039
-2558
3215
803969
-15
-5
6
1035
-2550
3216
804994
-19
-5
5
1039
-2554
3223
806019
-17
-3
2
1028
-2567
3216
807044
-4
0
3
1033
-2570
3218
808069
1
1
2
1031
-2569
3224
809094
-13
2
4
1037
-2568
3217
810119
-20
2
4
1037
-2590
3205
811144
-4
-1
3
1039
-2584
3190
812169
4
-4
3
1037
-2586
3201
813194
4
-7
3
1032
-2585
3207
814219
-1
-10
5
1041
-2585
3204
815244
5
-13
5
1045
-2573
3203
816269
6
-11
5
1051
-2563
3228
817294
2
-8
6
1037
-2581
3220
818319
14
-10
7
1036
-2576
3226
819344
14
-13
8
1037
-2562
3217
812160
13
-19
5
1040
-2586
3206
813185
39
-24
3
1046
-2587
3236
814210
44
-20
12
1034
-2583
3296
815235
26
-40
10
954
-2560
3340
816260
-3
-89
-24
1053
-2431
3218
817285
-51
-78
8
1249
-2770
3121
818310
61
-16
113
1011
-2637
3174
819335
57
-6
61
1052
-2436
3172
820360
30
6
31
1060
-2507
3157
821385
38
8
12
1051
-2419
3163
822410
-16
18
-21
1048
-2457
3174
823435
-51
31
-40
1085
-2534
3242
824460
-58
56
-17
1111
-2580
3369
825485
-49
70
23
978
-2603
3240
826510
-20
36
21
939
-2534
3182
827535
-5
3
-7
999
-2601
3225
820352
58
-26
-13
1023
-2585
3356
821377
33
-59
-28
1014
-2495
3330
822402
-70
-86
-32
1126
-2619
3252
823427
-79
-47
74
1152
-2961
3138
824452
145
-54
97
1018
-2383
3171
825477
14
-25
56
1021
-2457
2948
826502
9
-14
4
1015
-2395
3030
827527
-4
9
-37
1053
-2459
3200
828552
-38
25
-45
1021
-2523
3326
829577
-90
40
-35
1072
-2698
3405
830602
-23
49
5
1088
-2598
3269
831627
10
45
24
1022
-2433
3150
832652
-53
29
0
1033
-2544
3184
833677
-36
14
-18
1055
-2622
3187
834702
26
-4
-23
1049
-2555
3225
835727
-3
-4
-25
1054
-2580
3277
828544
-39
2
-16
1055
-2610
3246
829569
-33
2
-6
1043
-2616
3198
830594
-8
3
2
1038
-2602
3217
831619
1
7
5
1024
-2580
3212
832644
0
8
7
1021
-2585
3214
833669
6
5
7
1027
-2581
3200
834694
17
0
6
1045
-2578
3195
835719
21
-4
5
1045
-2545
3219
836744
-3
-5
8
1039
-2544
3234
837769
-20
-5
11
1038
-2559
3231
838794
-15
-4
8
1040
-2561
3230
839819
0
1
2
1049
-2566
3212
840844
19
1
-2
1047
-2551
3240
841869
0
-1
-5
1042
-2539
3233
842894
-26
1
-5
1039
-2580
3208
843919
-15
2
-3
1041
-2601
3203
836735
3
0
1
1049
-2576
3218
837760
-6
0
5
1037
-2579
3208
838785
-8
0
7
1026
-2577
3203
839810
-6
-1
10
1024
-2581
3209
840835
1
-2
8
1041
-2580
3201
841860
13
-6
6
1033
-2565
3212
842885
2
-7
6
1037
-2545
3229
843910
-16
-5
4
1050
-2589
3212
844935
7
-4
2
1044
-2588
3205
845960
26
-5
2
1045
-2543
3233
846985
-3
-5
5
1033
-2549
3238
848010
-23
-2
4
1025
-2579
3195
849035
-10
-3
4
1041
-2575
3207
850060
2
-5
3
1035
-2549
3218
851085
-5
-3
2
1028
-2564
3210
852110
3
-2
1
1032
-2583
3212
844928
6
-3
2
1042
-2568
3231
845953
-16
-2
6
1039
-2569
3220
846978
-23
-1
6
1034
-2596
3168
848003
12
-7
4
1039
-2576
3177
849028
21
-9
3
1034
-2557
3233
850053
-5
-6
1
1031
-2567
3230
851078
-6
-8
3
1042
-2584
3212
852103
4
-7
6
1048
-2568
3223
853128
-3
-5
6
1040
-2560
3224
854153
2
-4
7
1035
-2570
3208
855178
10
-7
4
1035
-2554
3225
856203
-3
-5
5
1039
-2555
3228
857228
-13
-3
7
1042
-2572
3222
858253
-3
-3
7
1033
-2569
3219
859278
4
-2
8
1041
-2578
3213
860303
12
-2
7
1038
-2556
3213
853120
0
-2
4
1038
-2549
3217
854145
-12
-4
2
1040
-2573
3203
855170
-12
-9
0
1037
-2585
3203
856195
-4
-13
-1
1039
-2590
3204
857220
7
-11
0
1046
-2579
3214
858245
6
-8
3
1053
-2574
3217
859270
5
-5
8
1040
-2587
3224
860295
12
-3
12
1026
-2576
3229
861320
7
-4
14
1031
-2538
3226
862345
-10
-5
10
1041
-2536
3199
863370
-12
-4
6
1031
-2557
3217
864395
-3
-4
3
1037
-2563
3219
865420
2
-4
0
1052
-2567
3216
866445
4
-4
1
1051
-2572
3228
867470
-5
-5
4
1043
-2567
3219
868495
-12
-6
5
1033
-2571
3203
861312
-7
-6
5
1033
-2583
3203
862337
4
-7
3
1029
-2563
3223
863362
-7
-6
3
1022
-2557
3215
864387
-14
-6
3
1040
-2577
3202
865412
5
-7
0
1046
-2592
3199
866437
23
-8
-1
1029
-2538
3216
867462
-3
-10
-5
1026
-2527
3209
868487
-15
-9
-5
1053
-2608
3233
869512
1
-7
2
1054
-2579
3231
870537
-7
-4
5
1052
-2582
3211
871562
5
-3
7
1047
-2594
3214
872587
15
-3
8
1039
-2551
3219
873612
-3
-3
8
1033
-2551
3210
874637
-14
-6
6
1035
-2554
3206
875662
-11
-8
3
1043
-2576
3215
876687
4
-7
2
1044
-2575
3214
869504
9
-6
2
1050
-2569
3229
870529
3
-3
4
1038
-2572
3226
871554
-8
-2
9
1031
-2569
3209
872579
-18
-4
10
1033
-2561
3204
873604
-18
-6
10
1043
-2578
3199
874629
-3
-8
5
1039
-2569
3205
875654
2
-8
0
1049
-2565
3227
876679
-7
-7
0
1056
-2579
3228
877704
-10
-6
0
1051
-2589
3216
878729
-2
-6
2
1048
-2590
3213
879754
13
-6
3
1050
-2575
3215
880779
11
-3
5
1053
-2570
3216
881804
1
-2
7
1030
-2571
3217
882829
6
-3
10
1031
-2569
3196
883854
22
-6
9
1034
-2571
3192
884879
41
-7
4
1040
-2563
3224
877696
35
-4
3
1039
-2537
3239
878721
-2
-2
4
1051
-2550
3231
879746
-25
-3
6
1059
-2597
3208
880771
9
-8
4
1048
-2600
3189
881796
44
-14
5
1045
-2559
3226
882821
21
-15
5
1035
-2519
3238
883846
-18
-13
4
1035
-2582
3210
884871
13
-16
5
1035
-2594
3201
885896
63
-16
1
1047
-2535
3233
886921
40
-10
0
1035
-2511
3282
887946
-15
-10
9
1032
-2623
3258
888971
22
-28
15
984
-2632
3327
889996
41
-78
-12
1032
-2502
3267
891021
-21
-78
14
1229
-2782
3056
892046
159
-51
90
964
-2452
3146
893071
50
-44
37
1046
-2421
3135
885888
16
-32
6
1055
-2554
3179
886913
77
-28
-9
1068
-2451
3243
887938
25
0
-24
1111
-2418
3277
888963
-62
40
-34
1104
-2523
3297
889988
-77
61
-13
1119
-2542
3323
891013
-70
82
23
1055
-2546
3302
892038
-61
62
33
970
-2552
3160
893063
0
17
-2
1029
-2498
3155
894088
4
-4
-15
1020
-2527
3261
895113
-4
-19
-28
985
-2604
3366
896138
10
-44
-32
1064
-2719
3413
897163
-23
-40
19
1204
-2743
3123
898188
100
-28
99
934
-2455
3068
899213
41
-38
55
1029
-2434
3092
900238
32
-39
13
1024
-2501
3074
901263
63
-42
-21
1045
-2447
3195
894082
23
-26
-45
1071
-2465
3346
895107
-38
-7
-40
1091
-2570
3377
896132
-43
6
-1
1138
-2606
3303
897157
1
19
33
1084
-2484
3211
898182
-8
21
27
1048
-2424
3238
899207
-43
21
8
1045
-2467
3246
900232
-60
18
-6
1045
-2530
3214
901257
-67
8
-10
1036
-2570
3238
902282
-64
3
-12
1056
-2606
3229
903307
-32
2
-10
1065
-2605
3217
904332
-21
6
1
1046
-2626
3222
905357
1
5
2
1038
-2577
3208
906382
8
6
3
1045
-2580
3204
907407
7
8
7
1035
-2540
3214
908432
-16
9
7
1046
-2559
3217
909457
-6
3
8
1050
-2577
3197
902272
26
-3
6
1057
-2534
3220
903297
23
0
4
1054
-2535
3274
904322
9
2
4
1050
-2530
3255
905347
-7
2
3
1049
-2540
3239
906372
-9
2
0
1054
-2546
3242
907397
3
4
-1
1051
-2545
3247
908422
13
2
-2
1044
-2541
3233
909447
6
-2
-4
1047
-2520
3215
910472
-16
-8
-7
1049
-2529
3203
911497
-14
-11
-9
1051
-2584
3221
912522
10
-10
-7
1053
-2574
3238
913547
15
-6
-4
1052
-2563
3248
914572
1
-2
2
1057
-2561
3239
915597
-9
-5
8
1052
-2545
3213
916622
-5
-6
11
1059
-2570
3207
917647
15
-9
11
1055
-2529
3235
910464
-4
-13
11
1045
-2513
3224
911489
-25
-16
10
1049
-2539
3215
912514
-8
-15
5
1046
-2576
3224
913539
23
-9
3
1044
-2543
3252
914564
10
-4
2
1045
-2507
3257
915589
-21
-1
1
1064
-2534
3232
916614
-21
-1
-1
1073
-2574
3217
917639
0
-5
0
1075
-2559
3207
918664
0
-7
0
1075
-2551
3227
919689
-13
-7
-1
1068
-2546
3232
920714
-25
-5
1
1053
-2572
3236
921739
-8
-6
5
1046
-2574
3203
922764
17
-6
9
1041
-2562
3225
923789
23
-4
9
1050
-2531
3241
924814
-1
-2
7
1057
-2533
3232
925839
-16
-3
5
1044
-2543
3203
918656
-13
-7
3
1067
-2556
3210
919681
4
-8
2
1065
-2548
3223
920706
3
-8
3
1054
-2560
3227
921731
15
-9
3
1055
-2553
3240
922756
8
-8
4
1056
-2541
3247
923781
-14
-5
4
1057
-2540
3227
924806
-20
-3
6
1052
-2562
3221
925831
2
-4
7
1044
-2550
3217
926856
27
-6
3
1048
-2536
3219
927881
15
-6
-1
1054
-2515
3246
928906
-16
-4
0
1054
-2540
3237
929931
-30
-5
2
1056
-2560
3208
930956
-6
-7
0
1064
-2578
3203
931981
22
-8
1
1064
-2549
3241
933006
8
-3
2
1056
-2535
3259
934031
-20
-1
3
1056
-2553
3228
926848
-18
-2
5
1056
-2555
3206
927873
0
-6
5
1052
-2569
3219
928898
19
-9
4
1062
-2541
3224
929923
6
-8
2
1075
-2530
3235
930948
-9
-4
2
1067
-2555
3240
931973
-8
-4
5
1062
-2548
3238
932998
-8
-5
8
1055
-2547
3229
934023
7
-5
7
1053
-2540
3218
935048
12
-5
6
1044
-2525
3230
936073
0
-3
2
1049
-2536
3240
937098
-6
-1
3
1041
-2533
3234
938123
-9
-2
4
1067
-2552
3227
939148
-6
-2
3
1068
-2554
3225
940173
-2
-4
0
1070
-2545
3215
941198
-9
-3
0
1072
-2555
3221
942223
-8
-2
0
1066
-2573
3217
935040
1
-2
3
1064
-2556
3218
936065
-2
-1
8
1048
-2539
3227
937090
-11
0
12
1044
-2537
3231
938115
-9
-1
11
1040
-2546
3226
939140
6
-2
5
1055
-2545
3223
940165
9
-1
2
1056
-2518
3240
941190
-21
-1
3
1058
-2544
3229
942215
-16
-2
1
1080
-2578
3203
943240
2
-5
1
1078
-2566
3218
944265
0
-6
3
1054
-2548
3236
945290
-9
-6
5
1049
-2568
3232
946315
-7
-6
5
1053
-2566
3215
947340
3
-5
6
1052
-2546
3205
948365
4
-6
5
1049
-2545
3226
949390
7
-8
4
1047
-2540
3240
950415
-4
-5
3
1045
-2545
3232
943232
-7
-4
2
1053
-2552
3233
944257
3
-5
3
1071
-2555
3223
945282
2
-5
4
1076
-2548
3224
946307
-3
-3
3
1070
-2554
3219
947332
2
-3
5
1067
-2564
3229
948357
7
-4
5
1050
-2543
3234
949382
-5
-3
7
1053
-2551
3225
950407
-4
-3
7
1050
-2548
3219
951432
3
-3
5
1052
-2537
3221
952457
1
-1
2
1050
-2539
3238
953482
-4
-2
2
1054
-2539
3238
954507
-8
-3
4
1057
-2562
3220
955532
0
-7
6
1059
-2553
3210
956557
3
-5
6
1062
-2561
3223
957582
6
-5
6
1057
-2535
3243
958607
-12
-3
7
1051
-2541
3231
951423
-14
-2
7
1043
-2562
3208
952448
14
-5
6
1055
-2542
3230
953473
8
-4
3
1059
-2512
3243
954498
-20
-1
-1
1058
-2558
3214
955523
-9
-4
-3
1061
-2576
3213
956548
7
-8
-2
1068
-2560
3217
957573
3
-6
1
1063
-2554
3227
958598
-8
-1
1
1067
-2562
3218
959623
-4
1
4
1052
-2551
3221
960648
-5
2
10
1043
-2561
3236
961673
-4
3
11
1042
-2554
3229
962698
0
2
10
1048
-2554
3220
963723
12
-4
6
1057
-2547
3218
964748
12
-10
3
1051
-2547
3234
965773
1
-16
3
1061
-2552
3220
966798
1
-15
6
1057
-2589
3200
959616
32
-18
7
1037
-2547
3239
960641
15
-30
1
1023
-2552
3324
961666
-27
-60
-3
1032
-2511
3280
962691
-55
-76
-15
1151
-2552
3249
963716
-75
-15
64
1186
-2832
3176
964741
43
11
101
965
-2426
3173
965766
0
21
43
1051
-2501
3112
966791
38
11
17
1040
-2412
3170
967816
4
12
-13
1037
-2428
3131
968841
-42
18
-42
1060
-2538
3212
969866
-64
31
-39
1120
-2649
3333
970891
-35
66
1
1087
-2650
3332
971916
9
63
28
990
-2518
3204
972941
-5
31
11
1014
-2539
3162
973966
6
2
-1
1016
-2592
3192
974991
49
-28
-14
990
-2556
3315
967808
2
-76
-40
1014
-2435
3329
968833
-158
-92
-20
1213
-2649
3239
969858
-62
-26
93
1056
-2873
3103
970883
102
-24
78
1059
-2378
3240
971908
-41
23
46
1058
-2573
3109
972933
-13
25
24
1020
-2472
3102
973958
-3
18
-2
987
-2540
3103
974983
11
6
-22
1037
-2600
3254
976008
19
14
-19
1081
-2584
3332
977033
32
27
-3
1067
-2454
3217
978058
-6
32
-2
1050
-2496
3210
979083
-43
22
-14
1047
-2561
3238
980108
-49
5
-20
1036
-2626
3193
981133
5
-9
-27
1036
-2620
3203
982158
40
-11
-27
1057
-2575
3258
983183
11
0
-16
1056
-2558
3256
976000
-21
10
-4
1041
-2581
3224
977025
-18
12
5
1036
-2587
3204
978050
0
13
7
1021
-2571
3203
979075
0
12
9
1031
-2569
3226
980100
-2
10
4
1035
-2579
3196
981125
6
5
3
1047
-2566
3204
982150
5
2
3
1046
-2567
3210
983175
-2
-3
4
1053
-2562
3210
984200
1
-3
2
1045
-2567
3205
985225
16
-4
2
1041
-2566
3240
986250
8
-1
2
1034
-2551
3244
987275
-11
2
5
1039
-2558
3235
988300
-12
4
3
1042
-2556
3213
989325
1
5
1
1032
-2555
3209
990350
3
4
-1
1036
-2545
3231
991375
-7
2
0
1038
-2554
3218
984251
-11
0
0
1040
-2584
3201
985276
3
-2
0
1048
-2574
3219
986301
-7
-3
4
1045
-2570
3220
987326
-12
-4
5
1045
-2584
3193
988351
10
-6
6
1041
-2573
3199
989376
15
-7
7
1038
-2540
3222
990401
-5
-8
7
1032
-2544
3219
991426
-12
-11
7
1040
-2565
3209
992451
-1
-9
5
1041
-2543
3221
993476
-9
-8
5
1048
-2548
3247
994501
-19
-3
6
1053
-2576
3234
995526
-3
0
5
1052
-2578
3217
996551
7
0
5
1048
-2552
3223
997576
-5
0
6
1037
-2555
3214
998601
-10
-2
6
1039
-2555
3207
999626
-8
-6
5
1029
-2569
3209
992384
-4
-6
5
1034
-2574
3211
993409
8
-5
3
1035
-2566
3222
994434
10
-5
5
1036
-2555
3242
995459
5
-5
6
1039
-2554
3224
996484
-5
-5
5
1047
-2563
3218
997509
-6
-9
3
1047
-2564
3209
998534
-8
-12
2
1041
-2563
3214
999559
-4
-12
-2
1044
-2575
3223
1000584
4
-8
1
1048
-2581
3253
1001609
8
-3
7
1051
-2564
3231
1002634
3
0
11
1036
-2554
3225
1003659
1
1
12
1030
-2554
3217
1004684
0
0
9
1043
-2549
3198
1005709
0
-2
4
1034
-2546
3203
1006734
-5
-5
1
1040
-2554
3220
1007759
-8
-6
-1
1052
-2576
3219
1000575
-1
-6
1
1053
-2578
3218
1001600
-4
-6
6
1045
-2575
3223
1002625
-2
-5
6
1039
-2585
3213
1003650
11
-5
6
1035
-2563
3223
1004675
5
-4
8
1027
-2552
3240
1005700
-12
-4
8
1033
-2554
3217
1006725
-14
-6
7
1035
-2564
3224
1007750
3
-5
3
1046
-2562
3219
1008775
13
-5
1
1043
-2557
3227
1009800
-1
-3
1
1040
-2556
3233
1010825
-17
0
3
1045
-2577
3224
1011850
-3
-3
3
1049
-2573
3206
1012875
4
-5
6
1048
-2566
3224
1013900
6
-7
3
1040
-2564
3212
1014925
2
-7
5
1041
-2561
3215
1015950
1
-9
5
1040
-2546
3226
1008768
-12
-7
6
1044
-2563
3235
1009793
-9
-5
5
1047
-2553
3226
1010818
-3
-3
5
1042
-2569
3209
1011843
15
-4
4
1041
-2568
3223
1012868
14
-4
5
1052
-2549
3239
1013893
-11
-3
5
1047
-2553
3221
1014918
-23
-3
6
1043
-2575
3209
1015943
-8
-5
5
1044
-2568
3212
1016968
4
-5
4
1034
-2567
3226
1017993
11
-5
6
1026
-2559
3234
1019018
-1
-2
7
1036
-2549
3226
1020043
-11
-2
7
1030
-2555
3213
1021068
-7
-3
4
1035
-2569
3207
1022093
10
-5
-1
1051
-2577
3214
1023118
19
-6
-3
1045
-2559
3232
1024143
1
-8
0
1049
-2550
3230
1016960
-15
-7
3
1048
-2592
3216
1017985
-3
-6
5
1051
-2572
3219
1019010
0
-3
7
1045
-2553
3213
1020035
-8
-4
10
1025
-2557
3220
1021060
-14
-5
11
1027
-2552
3219
1022085
-11
-6
7
1032
-2553
3227
1023110
5
-6
0
1048
-2567
3209
1024135
28
-5
0
1046
-2550
3244
1025160
3
-5
3
1046
-2543
3234
1026185
-26
-3
4
1054
-2593
3205
1027210
-1
-4
4
1048
-2584
3208
1028235
15
-7
5
1040
-2570
3227
1029260
5
-8
4
1037
-2555
3231
1030285
-11
-6
5
1040
-2571
3222
1031310
-2
-6
6
1038
-2569
3214
1032335
13
-7
7
1029
-2549
3232
1025152
2
-6
5
1028
-2542
3236
1026177
-3
-6
2
1038
-2567
3214
1027202
8
-6
2
1040
-2560
3211
1028227
7
-8
0
1048
-2551
3222
1029252
2
-8
0
1042
-2573
3215
1030277
4
-7
1
1045
-2578
3230
1031302
4
-8
3
1049
-2564
3212
1032327
6
-11
5
1049
-2572
3210
1033352
16
-16
7
1033
-2581
3226
1034377
24
-27
13
999
-2608
3270
1035402
44
-49
3
997
-2588
3394
1036427
13
-88
-5
1020
-2515
3267
1037452
-26
-112
-8
1119
-2525
2973
1038477
23
-51
72
1204
-2826
3335
1039502
97
16
107
1065
-2478
3359
1040527
-11
46
84
1054
-2512
3091
1033344
-8
38
57
1052
-2475
3089
1034369
-1
26
30
1040
-2406
3097
1035394
-18
25
-8
1033
-2408
3168
1036419
-49
30
-26
1035
-2500
3274
1037444
-47
36
-19
1020
-2542
3281
1038469
-38
33
-20
987
-2610
3272
1039494
-14
11
-33
1002
-2574
3255
1040519
21
-5
-42
1050
-2542
3249
1041544
18
-23
-40
1000
-2558
3375
1042569
-45
-65
-36
998
-2827
3559
1043594
-56
-94
-5
1314
-2873
3323
1044619
101
-50
164
988
-2695
2872
1045644
141
-70
129
1010
-2235
2986
1046669
-32
-30
46
1036
-2522
3012
1047694
17
-26
20
990
-2475
3084
1048719
38
-14
-13
1005
-2498
3233
1041535
37
2
-31
1059
-2491
3296
1042560
2
23
-37
1075
-2406
3328
1043585
-75
49
-34
1134
-2433
3362
1044610
-128
67
-7
1099
-2552
3239
1045635
-51
48
4
1018
-2586
3116
1046660
37
16
-26
1049
-2471
3248
1047685
-12
14
-40
1065
-2546
3304
1048710
-51
16
-41
1042
-2603
3283
1049735
-62
15
-35
1053
-2622
3239
1050760
-46
15
-23
1046
-2624
3216
1051785
-33
18
-6
1014
-2629
3216
1052810
-17
20
3
1006
-2643
3189
1053835
10
18
6
1008
-2625
3181
1054860
14
13
6
1015
-2585
3170
1055885
5
1
5
1023
-2590
3164
1056910
16
-14
5
1042
-2581
3163
1049728
31
-23
7
1053
-2582
3211
1050753
41
-25
7
1047
-2552
3248
1051778
31
-20
5
1057
-2534
3265
1052803
28
-14
3
1059
-2520
3275
1053828
14
-8
1
1059
-2507
3275
1054853
-4
-3
-2
1054
-2482
3245
1055878
-11
-1
-5
1064
-2549
3244
1056903
10
0
-8
1052
-2534
3239
1057928
-8
0
-10
1047
-2530
3232
1058953
-37
3
-10
1052
-2578
3214
1059978
-18
2
-8
1043
-2585
3198
1061003
0
2
-7
1039
-2584
3217
1062028
1
0
-1
1032
-2568
3223
1063053
-18
-2
4
1034
-2584
3205
1064078
-12
-7
7
1023
-2578
3181
1065103
15
-14
6
1031
-2565
3196
1057921
28
-14
2
1058
-2560
3235
1058946
18
-12
0
1056
-2552
3258
1059971
0
-10
1
1067
-2550
3236
1060996
-4
-8
4
1071
-2553
3232
1062021
4
-6
5
1054
-2534
3231
1063046
6
-5
6
1046
-2530
3233
1064071
-8
-1
5
1023
-2524
3251
1065096
-18
-1
2
1033
-2539
3230
1066121
-15
-3
0
1048
-2565
3205
1067146
-2
-6
-1
1066
-2564
3221
1068171
-4
-3
-1
1047
-2564
3224
1069196
-11
-2
0
1059
-2581
3222
1070221
-10
-2
3
1053
-2571
3218
1071246
-12
-5
6
1044
-2555
3204
1072271
-5
-8
6
1037
-2568
3197
1073296
13
-11
4
1050
-2549
3233
1066111
17
-9
0
1043
-2552
3227
1067136
13
-6
1
1038
-2526
3250
1068161
-17
-5
2
1056
-2541
3239
1069186
-29
-5
2
1067
-2572
3218
1070211
-4
-6
1
1062
-2568
3212
1071236
8
-6
2
1054
-2545
3221
1072261
2
-4
4
1057
-2545
3221
1073286
-11
-4
5
1058
-2561
3222
1074311
-8
-7
4
1045
-2552
3219
1075336
-14
-7
5
1044
-2558
3219
1076361
-8
-6
4
1047
-2568
3211
1077386
5
-4
3
1053
-2573
3220
1078411
9
-3
4
1054
-2546
3242
1079436
-13
-2
4
1059
-2560
3231
1080461
-22
-2
6
1064
-2572
3219
1081486
-9
-3
6
1065
-2557
3216
1074304
-6
-2
6
1057
-2550
3223
1075329
-11
-2
6
1039
-2543
3217
1076354
-7
-3
5
1042
-2547
3216
1077379
-4
-5
5
1037
-2546
3216
1078404
-6
-4
3
1028
-2547
3225
1079429
-9
-3
0
1037
-2554
3215
1080454
-9
-3
-3
1056
-2572
3206
1081479
-5
-4
-3
1068
-2590
3207
1082504
5
-8
-2
1067
-2588
3211
1083529
2
-8
2
1072
-2581
3214
1084554
-1
-4
6
1073
-2580
3218
1085579
3
-4
10
1057
-2559
3206
1086604
6
-4
12
1042
-2549
3217
1087629
9
-5
10
1036
-2531
3225
1088654
0
-3
9
1045
-2528
3226
1089679
-12
-2
5
1048
-2547
3206
1082496
-2
-4
0
1051
-2560
3210
1083521
7
-4
-2
1066
-2557
3231
1084546
-5
-4
-2
1074
-2555
3225
1085571
-12
-3
1
1076
-2580
3213
1086596
3
-1
5
1057
-2593
3203
1087621
19
-3
5
1045
-2554
3228
1088646
2
-3
6
1043
-2546
3218
1089671
-10
-2
7
1041
-2547
3216
1090696
-6
-3
7
1037
-2550
3208
1091721
4
-5
5
1038
-2553
3216
1092746
5
-5
2
1049
-2553
3221
1093771
1
-3
0
1054
-2560
3222
1094796
-7
-2
0
1058
-2567
3220
1095821
-8
-4
1
1060
-2565
3200
1096846
1
-6
1
1066
-2576
3213
1097871
10
-8
2
1058
-2555
3221
1090687
-3
-6
6
1048
-2542
3219
1091712
-14
-7
7
1055
-2562
3212
1092737
5
-7
4
1053
-2565
3227
1093762
19
-5
4
1054
-2552
3233
1094787
8
-1
3
1057
-2544
3235
1095812
-5
1
4
1057
-2550
3233
1096837
-10
0
5
1059
-2544
3217
1097862
-16
-2
5
1047
-2555
3206
1098887
-5
-4
3
1052
-2576
3211
1099912
14
-6
3
1046
-2550
3218
1100937
-1
-5
6
1045
-2560
3236
1101962
-18
-4
7
1044
-2572
3215
1102987
-12
-12
8
1033
-2629
3222
1104012
21
-30
10
995
-2742
3224
1105037
134
-65
-13
997
-2494
3394
1106062
53
-102
-23
1147
-2403
3288
1098880
-89
-62
28
1252
-2799
3011
1099905
78
-19
112
983
-2533
3162
1100930
67
-19
46
1046
-2409
3167
1101955
58
-16
18
1048
-2483
3183
1102980
50
-12
1
1045
-2396
3237
1104005
-18
8
-27
1110
-2433
3245
1105030
-64
40
-41
1133
-2496
3292
1106055
-101
61
-12
1095
-2576
3313
1107080
-93
59
23
991
-2691
3132
1108105
62
21
-3
1028
-2531
3150
1109130
74
0
-15
1053
-2500
3264
1110155
27
-14
-12
1027
-2548
3290
1111180
-10
-24
-7
1037
-2612
3320
1112205
-18
-48
-7
1017
-2561
3365
1113230
-60
-81
-3
1211
-2640
3312
1114255
-10
-21
112
1065
-2852
3013
1107072
152
-43
99
991
-2174
3156
1108097
-52
-34
37
1043
-2471
3009
1109122
-32
-61
4
1028
-2395
3079
1110147
-23
-63
-21
1064
-2571
3173
1111172
35
-43
-50
1114
-2558
3343
1112197
-1
-2
-47
1151
-2548
3422
1113222
-53
46
-17
1142
-2579
3349
1114247
-82
76
22
1125
-2569
3256
1115272
-91
86
51
1051
-2572
3169
1116297
-56
56
44
1008
-2554
3132
1117322
-9
22
9
1029
-2565
3139
1118347
30
1
-18
1043
-2521
3189
1119372
8
-2
-25
1053
-2550
3250
1120397
-29
1
-21
1056
-2606
3262
1121422
-29
5
-11
1045
-2592
3230
1122447
-2
8
-4
1033
-2590
3209
1115264
6
12
4
1032
-2580
3234
1116289
2
14
5
1042
-2569
3196
1117314
5
9
4
1054
-2565
3185
1118339
4
2
3
1064
-2571
3195
1119364
10
-6
2
1070
-2564
3201
1120389
16
-11
-1
1072
-2565
3230
1121414
9
-10
0
1061
-2553
3254
1122439
4
-5
-1
1051
-2531
3240
1123464
-4
-2
1
1059
-2539
3224
1124489
2
1
2
1052
-2543
3234
1125514
6
-1
2
1039
-2517
3228
1126539
-14
-3
0
1040
-2530
3219
1127564
-32
-6
0
1057
-2545
3209
1128589
-46
-10
-2
1061
-2580
3199
1129614
-21
-12
-4
1058
-2630
3180
1130639
34
-14
-5
1069
-2595
3214
1123457
29
-9
0
1076
-2563
3238
1124482
6
-1
7
1065
-2587
3237
1125507
6
0
13
1050
-2553
3218
1126532
-3
-2
13
1046
-2533
3218
1127557
-11
-4
11
1050
-2532
3216
1128582
-19
-4
5
1048
-2540
3208
1129607
-10
-5
-2
1052
-2550
3209
1130632
1
-4
-4
1065
-2560
3221
1131657
7
-3
-3
1064
-2561
3228
1132682
-1
0
0
1057
-2585
3226
1133707
-3
-1
2
1061
-2573
3219
1134732
-9
-3
3
1066
-2568
3198
1135757
-9
-3
4
1062
-2579
3192
1136782
1
-7
7
1055
-2560
3208
1137807
-2
-9
6
1057
-2539
3220
1138832
1
-6
5
1046
-2571
3207
1131649
26
-8
5
1055
-2547
3247
1132674
3
-4
4
1056
-2509
3229
1133699
-32
-1
3
1062
-2567
3207
1134724
-3
-4
2
1067
-2575
3199
1135749
19
-4
0
1062
-2548
3215
1136774
7
0
2
1061
-2554
3241
1137799
-7
1
3
1059
-2550
3234
1138824
-16
1
7
1065
-2561
3210
1139849
-5
-1
9
1047
-2562
3186
1140874
6
-2
8
1046
-2557
3224
1141899
5
-3
4
1044
-2534
3220
1142924
-11
-2
2
1061
-2570
3206
1143949
-10
-5
0
1062
-2567
3213
1144974
-6
-10
0
1066
-2580
3218
1145999
0
-8
3
1059
-2573
3216
1147024
7
-3
3
1068
-2576
3229
1139840
10
-3
7
1063
-2542
3232
1140865
-11
0
12
1046
-2559
3232
1141890
-8
-3
13
1044
-2549
3210
1142915
-6
-3
9
1054
-2544
3208
1143940
4
-1
3
1051
-2540
3222
1144965
5
0
1
1045
-2556
3243
1145990
2
0
0
1057
-2551
3226
1147015
-7
2
2
1070
-2564
3218
1148040
-12
2
6
1064
-2572
3208
1149065
-5
-2
6
1053
-2575
3193
1150090
12
-3
4
1040
-2578
3215
1151115
20
-5
4
1039
-2541
3227
1152140
-10
-1
6
1044
-2554
3233
1153165
-19
-1
7
1058
-2575
3205
1154190
1
-4
7
1057
-2557
3216
1155215
3
-5
5
1046
-2542
3213
1148032
-5
-3
3
1056
-2574
3219
1149057
8
-5
2
1059
-2539
3235
1150082
-3
-3
2
1057
-2545
3206
1151107
-12
-4
4
1064
-2555
3218
1152132
-6
-8
4
1062
-2551
3210
1153157
-9
-7
4
1058
-2575
3213
1154182
6
-5
4
1054
-2562
3222
1155207
4
0
5
1051
-2550
3224
1156232
-6
2
6
1053
-2548
3227
1157257
-6
1
7
1053
-2557
3219
1158282
-4
-1
6
1048
-2557
3207
1159307
3
-3
3
1050
-2569
3215
1160332
2
-3
2
1054
-2559
3231
1161357
-12
-2
3
1054
-2569
3235
1162382
-13
-1
4
1051
-2584
3214
1163407
1
-2
6
1042
-2559
3198
1156224
2
-2
7
1053
-2558
3217
1157249
-6
-1
6
1055
-2562
3220
1158274
-7
-4
5
1056
-2555
3206
1159299
-6
-7
4
1050
-2563
3199
1160324
0
-9
3
1056
-2572
3222
1161349
6
-9
3
1054
-2576
3227
1162374
9
-9
4
1063
-2565
3223
1163399
0
-3
5
1066
-2569
3232
1164424
0
0
10
1050
-2571
3223
1165449
5
1
12
1040
-2551
3218
1166474
-5
2
12
1049
-2540
3221
1167499
-14
1
9
1046
-2554
3216
1168524
0
-2
5
1044
-2556
3217
1169549
5
-1
3
1043
-2550
3223
1170574
-1
0
1
1054
-2548
3221
1171599
-14
0
0
1055
-2568
3210
1164416
-11
-2
2
1049
-2572
3203
1165441
1
-3
2
1042
-2580
3220
1166466
6
-4
4
1047
-2560
3231
1167491
-8
-6
5
1055
-2567
3214
1168516
-8
-8
5
1058
-2575
3205
1169541
6
-9
4
1046
-2575
3208
1170566
23
-8
5
1043
-2556
3224
1171591
16
-5
5
1046
-2551
3237
1172616
1
-4
7
1052
-2558
3234
1173641
-4
-2
7
1061
-2559
3218
1174666
0
-2
7
1062
-2554
3208
1175691
3
-2
7
1052
-2561
3228
1176716
4
-3
4
1047
-2540
3232
1177741
-10
-3
4
1047
-2549
3225
1178766
-15
-3
5
1044
-2570
3203
1179791
-2
-4
5
1048
-2570
3209
1172608
0
0
3
1040
-2562
3215
1173633
10
0
2
1039
-2589
3228
1174658
23
1
3
1045
-2555
3251
1175683
3
2
7
1048
-2547
3225
1176708
-19
-6
13
1035
-2600
3209
1177733
7
-18
19
1013
-2641
3165
1178758
66
-35
15
963
-2533
3298
1179783
24
-68
-7
1016
-2530
3400
1180808
-17
-79
-6
1197
-2660
3263
1181833
39
-18
95
1113
-2783
3050
1182858
132
-10
94
986
-2197
3197
1183883
-55
1
25
1057
-2472
3079
1184908
-3
-12
-10
1073
-2378
3129
1185933
-37
11
-48
1068
-2431
3200
1186958
-104
34
-61
1067
-2619
3346
1187983
-128
53
-14
1088
-2743
3354
1180799
-28
63
39
1010
-2665
3197
1181824
57
40
26
993
-2503
3192
1182849
29
18
5
1031
-2478
3179
1183874
-1
-5
-8
1026
-2533
3180
1184899
7
-23
-18
1032
-2586
3242
1185924
1
-30
-10
1016
-2646
3312
1186949
4
-49
-20
1001
-2602
3343
1187974
-15
-85
-31
1094
-2590
3231
1188999
-34
-61
14
1225
-2692
3050
1190024
57
-14
82
952
-2486
3207
1191049
-8
-2
15
1056
-2462
3104
1192074
21
14
-22
1068
-2454
3137
1193099
-20
37
-25
1048
-2493
3351
1194124
-116
71
16
1102
-2745
3376
1195149
-28
69
52
1014
-2584
3189
1196174
17
35
40
1019
-2488
3118
1188992
26
14
8
1032
-2475
3178
1190017
12
-2
-14
1032
-2489
3224
1191042
-6
-12
-25
1040
-2566
3249
1192067
-6
-18
-30
1057
-2598
3257
1193092
-2
-17
-29
1045
-2563
3244
1194117
-12
-12
-25
1043
-2542
3242
1195142
-23
-5
-19
1050
-2592
3220
1196167
-13
2
-7
1041
-2620
3228
1197192
-7
8
3
1029
-2602
3221
1198217
-11
11
8
1032
-2592
3203
1199242
-6
5
8
1047
-2590
3185
1200267
11
-4
7
1048
-2569
3181
1201292
13
-10
8
1039
-2552
3188
1202317
9
-14
7
1038
-2553
3219
1203342
12
-13
2
1049
-2561
3235
1204367
19
-12
-4
1048
-2531
3248
1197452
7
-6
-7
1048
-2527
3231
1198477
-8
-2
-8
1051
-2517
3223
1199502
-31
-2
-5
1061
-2561
3242
1200527
-43
-1
-1
1070
-2582
3237
1201552
-41
4
2
1065
-2615
3217
1202577
-6
2
-1
1053
-2595
3202
1203602
14
2
1
1050
-2577
3204
1204627
10
2
6
1025
-2556
3214
1205652
-7
-1
8
1023
-2560
3209
1206677
-3
-3
7
1031
-2574
3210
1207702
-1
-6
6
1044
-2550
3219
1208727
-1
-5
1
1041
-2583
3201
1209752
15
-8
0
1058
-2559
3221
1210777
14
-6
-2
1056
-2553
3233
1211802
-1
-6
1
1048
-2560
3224
1212827
-16
-9
5
1041
-2562
3208
1205376
-21
-12
5
1043
-2568
3203
1206401
-2
-13
2
1042
-2567
3225
1207426
1
-9
-1
1046
-2558
3226
1208451
4
-5
-1
1040
-2580
3231
1209476
16
-5
1
1050
-2557
3235
1210501
-4
-5
4
1052
-2527
3221
1211526
-29
-2
4
1050
-2575
3204
1212551
-15
-5
4
1056
-2565
3218
1213576
-3
-6
1
1049
-2568
3199
1214601
2
-7
1
1053
-2554
3219
1215626
-13
-6
0
1055
-2553
3206
1216651
-23
-5
1
1044
-2583
3206
1217676
-10
-9
2
1052
-2558
3223
1218701
-11
-7
1
1062
-2586
3191
1219726
15
-6
0
1063
-2600
3208
1220751
28
-8
3
1073
-2551
3242
1213568
-5
-5
7
1071
-2561
3209
1214593
-14
-6
11
1058
-2571
3194
1215618
4
-7
11
1051
-2558
3208
1216643
8
-6
9
1036
-2543
3224
1217668
3
-3
4
1030
-2558
3227
1218693
6
-2
2
1048
-2538
3231
1219718
-14
-1
-2
1065
-2550
3216
1220743
-26
0
-2
1065
-2597
3199
1221768
-10
-3
-3
1068
-2595
3193
1222793
1
-5
-1
1059
-2576
3205
1223818
7
-4
2
1046
-2584
3210
1224843
11
-3
5
1053
-2560
3200
1225868
4
-4
7
1040
-2559
3214
1226893
-3
-4
9
1046
-2552
3222
1227918
-10
-3
9
1052
-2555
3206
1228943
-2
-1
7
1050
-2574
3210
1221760
13
-4
5
1050
-2546
3217
1222785
6
-8
2
1072
-2555
3218
1223810
-5
-5
1
1067
-2566
3210
1224835
1
-3
0
1061
-2571
3218
1225860
7
-5
1
1047
-2574
3222
1226885
2
-3
2
1046
-2559
3220
1227910
-3
-1
2
1046
-2569
3204
1228935
1
-1
3
1047
-2558
3216
1229960
-7
-2
3
1042
-2549
3213
1230985
-25
-5
4
1051
-2561
3195
1232010
-25
-6
3
1060
-2593
3189
1233035
2
-8
1
1065
-2592
3201
1234060
22
-7
1
1066
-2571
3218
1235085
19
-4
1
1064
-2559
3223
1236110
-1
-2
4
1061
-2562
3223
1237135
-10
-1
6
1065
-2560
3208
1229952
0
-5
7
1061
-2552
3207
1230977
2
-7
6
1044
-2547
3218
1232002
-2
-6
3
1046
-2564
3214
1233027
-3
-4
1
1054
-2553
3228
1234052
-10
-2
1
1055
-2562
3221
1235077
-15
-1
5
1052
-2573
3209
1236102
-9
-2
8
1056
-2579
3198
1237127
0
-5
9
1053
-2566
3204
1238152
2
-5
6
1056
-2559
3203
1239177
3
-4
3
1045
-2556
3216
1240202
0
-5
1
1058
-2564
3218
1241227
-1
-5
2
1064
-2569
3224
1242252
-6
-7
2
1061
-2565
3223
1243277
-10
-8
4
1060
-2580
3203
1244302
0
-7
3
1063
-2583
3206
1245327
14
-6
1
1064
-2560
3213
1238144
4
-8
5
1048
-2536
3221
1239169
-19
-7
8
1045
-2541
3226
1240194
-38
-5
12
1050
-2564
3231
1241219
-37
-5
12
1061
-2569
3190
1242244
-14
-5
9
1055
-2592
3196
1243269
12
-6
7
1054
-2559
3205
1244294
8
-6
1
1071
-2576
3197
1245319
4
-7
0
1066
-2578
3211
1246344
-3
-7
3
1062
-2572
3206
1247369
-3
-6
6
1054
-2576
3199
1248394
11
-7
5
1051
-2581
3209
1249419
18
-4
5
1048
-2550
3219
1250444
6
-1
5
1052
-2552
3219
1251469
-7
-1
7
1043
-2559
3213
1252494
-8
-3
5
1059
-2577
3205
1253519
13
-5
1
1058
-2568
3202
1246335
14
-4
0
1047
-2560
3216
1247360
2
-4
1
1053
-2581
3205
1248385
1
-6
3
1063
-2585
3206
1249410
10
-11
5
1056
-2586
3203
1250435
17
-16
8
1040
-2579
3213
1251460
6
-28
11
991
-2595
3261
1252485
-10
-76
-7
932
-2547
3362
1253510
-15
-127
-21
1160
-2679
3317
1254535
-3
-61
73
1367
-2902
3120
1255560
124
2
173
948
-2376
3201
1256585
-38
19
82
1052
-2425
3013
1257610
1
7
45
1041
-2497
3012
1258635
86
-15
11
1013
-2396
3102
1259660
53
-18
-33
1051
-2411
3217
1260685
-22
3
-62
1080
-2514
3298
1261710
-49
38
-59
1140
-2577
3396
1254528
-42
79
-21
1103
-2586
3310
1255553
-31
80
5
1026
-2520
3220
1256578
-72
50
0
1019
-2611
3162
1257603
-14
12
-15
1023
-2601
3157
1258628
40
-23
-17
1022
-2606
3227
1259653
31
-55
-13
957
-2643
3411
1260678
-2
-108
-31
1071
-2615
3395
1261703
-54
-72
44
1253
-2926
3008
1262728
191
-69
132
937
-2329
3093
1263753
22
-56
49
1019
-2475
3010
1264778
59
-50
0
1061
-2518
3092
1265803
99
-37
-25
1070
-2431
3234
1266828
35
-12
-37
1102
-2540
3289
1267853
4
4
-26
1129
-2541
3284
1268878
-17
30
-8
1154
-2480
3350
1269903
-42
53
13
1090
-2442
3257
1262720
-75
53
3
1060
-2444
3236
1263745
-106
50
-18
1066
-2548
3239
1264770
-75
39
-19
1059
-2602
3236
1265795
-56
30
-14
1052
-2602
3225
1266820
-67
32
-8
1059
-2632
3218
1267845
-51
34
2
1044
-2642
3193
1268870
-19
33
8
1044
-2631
3167
1269895
-5
28
11
1023
-2593
3180
1270920
-24
19
16
1029
-2594
3199
1271945
-28
8
15
1035
-2601
3165
1272970
10
-7
9
1042
-2592
3151
1273995
39
-16
10
1049
-2547
3229
1275020
15
-12
7
1056
-2539
3264
1276045
-9
-7
7
1060
-2570
3247
1277070
0
-5
7
1064
-2549
3253
1278095
3
0
5
1058
-2537
3236
1270912
6
5
1
1048
-2547
3229
1271937
2
9
1
1039
-2524
3229
1272962
-23
10
1
1034
-2537
3216
1273987
-39
9
-2
1045
-2589
3188
1275012
-15
5
-6
1048
-2596
3190
1276037
0
-2
-5
1052
-2598
3198
1277062
-4
-6
-6
1053
-2614
3187
1278087
2
-10
-4
1055
-2619
3193
1279112
15
-11
3
1052
-2591
3213
1280137
10
-8
10
1059
-2593
3207
1281162
20
-5
16
1051
-2570
3216
1282187
32
-5
18
1031
-2531
3233
1283212
13
-4
15
1033
-2509
3236
1284237
-16
-5
6
1047
-2516
3207
1285262
-21
-7
0
1049
-2549
3214
1286287
-7
-9
-4
1055
-2553
3231
1279104
-11
-6
-5
1073
-2587
3227
1280129
-10
-5
-2
1061
-2572
3215
1281154
-16
-5
2
1046
-2590
3201
1282179
-16
-4
6
1039
-2596
3204
1283204
1
-5
5
1042
-2590
3178
1284229
15
-5
4
1040
-2570
3219
1285254
9
-4
4
1040
-2552
3228
1286279
-6
-2
6
1040
-2572
3214
1287304
-8
-2
9
1049
-2566
3226
1288329
-9
-4
8
1046
-2558
3196
1289354
-4
-5
6
1049
-2579
3194
1290379
20
-5
0
1054
-2568
3205
1291404
25
-4
-1
1064
-2554
3233
1292429
-2
-2
2
1057
-2554
3229
1293454
-23
-3
5
1056
-2568
3204
1294479
-23
-6
6
1047
-2563
3202
1287296
-6
-7
3
1042
-2588
3186
1288321
32
-6
0
1036
-2569
3210
1289346
23
-5
0
1046
-2534
3244
1290371
-23
-1
2
1056
-2572
3213
1291396
-26
-4
6
1059
-2594
3180
1292421
-4
-7
6
1055
-2583
3200
1293446
18
-6
5
1052
-2575
3224
1294471
24
-3
5
1039
-2551
3237
1295496
4
-1
5
1038
-2539
3232
1296521
-18
0
6
1045
-2555
3220
1297546
-20
-1
5
1043
-2570
3201
1298571
-2
-5
2
1059
-2575
3192
1299596
6
-6
-1
1051
-2574
3203
1300621
3
-7
-6
1041
-2583
3218
1301646
-4
-8
-4
1055
-2556
3231
1302671
-21
-6
0
1069
-2577
3213
1295489
-5
-4
8
1060
-2604
3197
1296514
28
-5
10
1038
-2560
3207
1297539
21
-5
8
1036
-2514
3228
1298564
-18
-3
6
1044
-2547
3221
1299589
-25
-2
2
1053
-2577
3205
1300614
-4
-3
2
1050
-2562
3203
1301639
3
-6
0
1066
-2578
3198
1302664
13
-3
-2
1068
-2578
3223
1303689
4
-2
2
1066
-2557
3237
1304714
-17
-2
7
1049
-2576
3214
1305739
-17
-5
8
1042
-2580
3193
1306764
3
-7
6
1045
-2556
3202
1307789
12
-5
3
1047
-2556
3215
1308814
8
-2
2
1040
-2542
3235
1309839
-12
-2
1
1043
-2565
3228
1310864
-24
-1
3
1050
-2580
3206
1303680
-5
-2
1
1058
-2592
3202
1304705
15
-4
2
1053
-2564
3208
1305730
7
-6
3
1054
-2565
3211
1306755
-9
-8
5
1059
-2575
3205
1307780
-3
-10
5
1055
-2583
3208
1308805
9
-10
6
1052
-2558
3227
1309830
3
-8
5
1052
-2555
3214
1310855
0
-5
3
1047
-2567
3210
1311880
3
-3
4
1056
-2557
3230
1312905
-8
-2
4
1057
-2565
3217
1313930
-10
-2
3
1059
-2578
3204
1314955
3
-3
3
1060
-2575
3220
1315980
6
-4
5
1053
-2553
3218
1317005
-8
-2
6
1051
-2577
3202
1318030
-2
-3
6
1047
-2566
3213
1319055
-6
-2
5
1041
-2553
3220
1311872
-5
-3
5
1039
-2574
3200
1312897
8
-2
2
1044
-2565
3214
1313922
2
-3
1
1060
-2558
3221
1314947
-12
-6
1
1048
-2578
3200
1315972
-11
-11
2
1051
-2589
3190
1316997
-6
-14
5
1058
-2580
3213
1318022
0
-9
6
1062
-2580
3225
1319047
13
-5
7
1050
-2568
3227
1320072
15
-3
10
1039
-2546
3227
1321097
-3
-1
10
1038
-2534
3222
1322122
-13
-1
8
1052
-2565
3213
1323147
1
-4
4
1041
-2568
3216
1324172
12
-6
0
1057
-2562
3206
1325197
17
-4
-3
1074
-2567
3219
1326222
11
-4
-2
1075
-2578
3218
1327247
10
-6
4
1056
-2594
3230
1320065
-7
-18
18
984
-2699
3367
1321090
3
-69
17
962
-2710
3496
1322115
22
-117
-19
1119
-2468
3096
1323140
23
-82
54
1219
-2761
2885
1324165
154
-62
110
948
-2294
3264
1325190
-45
-45
41
1046
-2516
3088
1326215
48
-44
10
1057
-2523
3029
1327240
93
-34
-28
1068
-2386
3222
1328265
14
-2
-47
1128
-2485
3323
1329290
-24
34
-42
1136
-2504
3254
1330315
-70
66
-26
1125
-2556
3298
1331340
-83
88
7
1093
-2616
3277
1332365
-41
79
25
1013
-2561
3180
1333390
-9
53
3
1031
-2533
3162
1334415
-1
31
-15
1050
-2559
3196
1335440
-2
16
-17
1039
-2572
3233
1328256
-1
11
-17
1054
-2584
3280
1329281
-7
15
-7
1057
-2615
3259
1330306
-3
15
7
1040
-2610
3235
1331331
-13
-2
18
997
-2627
3187
1332356
16
-33
13
932
-2634
3270
1333381
54
-97
-20
1036
-2549
3421
1334406
-2
-110
-3
1268
-2619
3269
1335431
21
-57
132
1074
-2856
2893
1336456
148
-80
100
1008
-2142
3127
1337481
-48
-56
18
1092
-2506
2968
1338506
62
-57
-30
1055
-2409
3193
1339531
20
-32
-53
1086
-2553
3360
1340556
-1
0
-53
1150
-2523
3360
1341581
-31
39
-26
1155
-2551
3328
1342606
-51
65
15
1129
-2559
3298
1343631
-53
81
45
1036
-2562
3203
1336606
-32
62
37
1002
-2514
3170
1337631
-20
36
11
1027
-2539
3187
1338656
-1
19
-2
1035
-2533
3223
1339681
-16
11
0
1012
-2553
3258
1340706
-25
9
-4
1028
-2557
3251
1341731
-22
9
1
1031
-2557
3237
1342756
-21
11
3
1009
-2535
3217
1343781
-31
11
2
999
-2575
3212
1344806
-12
4
-3
1008
-2549
3178
1345831
-18
-1
-8
1024
-2551
3172
1346856
-21
-9
-11
1036
-2580
3193
1347881
-16
-12
-6
1051
-2571
3206
1348906
-13
-12
-3
1072
-2593
3213
1349931
-3
-13
1
1081
-2581
3242
1350956
-11
-12
5
1086
-2569
3239
1351981
-28
-7
11
1087
-2558
3223
1344640
-28
-4
16
1074
-2548
3218
1345665
-8
-2
14
1057
-2540
3206
1346690
10
-3
6
1053
-2516
3230
1347715
-8
-1
-3
1051
-2523
3231
1348740
-39
1
-12
1053
-2580
3212
1349765
-45
-3
-15
1060
-2613
3180
1350790
-50
-6
-9
1069
-2670
3167
1351815
-21
-9
0
1077
-2723
3158
1352840
23
-11
18
1081
-2675
3179
1353865
25
-13
38
1068
-2632
3193
1354890
7
-14
52
1049
-2610
3203
1355915
4
-14
58
1023
-2605
3199
1356940
23
-15
50
1031
-2565
3173
1357965
36
-18
41
1020
-2514
3215
1358990
6
-18
34
1017
-2515
3220
1360015
-11
-17
28
1021
-2567
3195
1352832
3
-16
22
1038
-2581
3201
1353857
14
-17
18
1048
-2583
3201
1354882
8
-21
16
1056
-2579
3182
1355907
-2
-26
16
1062
-2605
3164
1356932
10
-27
17
1055
-2618
3175
1357957
36
-32
20
1056
-2599
3203
1358982
40
-31
24
1052
-2577
3211
1360007
33
-30
29
1053
-2579
3210
1361032
36
-29
33
1057
-2563
3225
1362057
36
-27
33
1054
-2529
3253
1363082
24
-23
33
1051
-2523
3251
1364107
10
-20
31
1063
-2512
3240
1365132
-1
-16
27
1071
-2517
3227
1366157
-16
-12
21
1069
-2551
3234
1367182
-11
-12
19
1055
-2567
3216
1368207
-5
-15
20
1059
-2563
3206
1361025
-16
-17
23
1074
-2574
3204
1362050
-22
-18
28
1069
-2602
3200
1363075
-4
-17
35
1052
-2601
3200
1364100
13
-14
41
1036
-2561
3237
1365125
1
-11
44
1033
-2541
3243
1366150
-21
-10
43
1036
-2541
3228
1367175
-29
-8
37
1032
-2558
3207
1368200
-18
-5
30
1029
-2572
3202
1369225
-9
-4
25
1029
-2563
3206
1370250
-23
-4
26
1033
-2587
3201
1371275
-26
-6
30
1028
-2592
3189
1372300
-24
-9
30
1020
-2589
3180
1373325
-12
-14
26
1015
-2613
3158
1374350
13
-18
23
1011
-2601
3180
1375375
13
-22
25
1020
-2571
3204
1376400
-14
-23
23
1038
-2600
3179
1369217
-4
-23
21
1044
-2638
3166
1370242
29
-28
25
1048
-2626
3185
1371267
29
-33
30
1042
-2598
3187
1372292
5
-35
34
1038
-2609
3189
1373317
13
-34
34
1028
-2629
3185
1374342
46
-35
32
1037
-2595
3195
1375367
44
-31
32
1053
-2559
3227
1376392
11
-28
32
1073
-2568
3209
1377417
7
-28
31
1075
-2592
3197
1378442
28
-31
27
1079
-2556
3201
1379467
31
-31
24
1076
-2537
3215
1380492
29
-26
19
1076
-2540
3232
1381517
32
-20
16
1091
-2521
3264
1382542
13
-11
16
1076
-2505
3260
1383567
-12
-3
14
1067
-2516
3232
1384592
-8
2
10
1070
-2543
3219
1377409
9
4
4
1058
-2527
3238
1378434
-5
6
-2
1047
-2519
3238
1379459
-27
9
-7
1061
-2568
3215
1380484
-16
8
-9
1051
-2596
3189
1381509
-2
4
-5
1048
-2581
3197
1382534
-17
-1
-2
1035
-2584
3203
1383559
-28
-2
1
1026
-2622
3178
1384584
-3
-3
3
1009
-2622
3185
1385609
17
-3
6
1018
-2587
3213
1386634
4
-4
9
1019
-2564
3221
1387659
-21
-6
13
1034
-2569
3190
1388684
-17
-10
12
1044
-2581
3175
1389709
9
-13
7
1042
-2571
3209
1390734
13
-12
3
1045
-2538
3232
1391759
-15
-6
2
1057
-2574
3218
1392784
-14
-3
1
1059
-2607
3217
1385599
6
-1
1
1060
-2566
3230
1386624
-10
2
4
1049
-2562
3212
1387649
-26
1
5
1036
-2580
3195
1388674
-11
-2
2
1030
-2594
3194
1389699
0
-4
-2
1038
-2573
3203
1390724
-9
-3
-4
1047
-2596
3206
1391749
-7
-3
-3
1047
-2608
3188
1392774
-2
-6
-1
1050
-2614
3187
1393799
7
-9
2
1037
-2600
3191
1394824
7
-10
5
1037
-2585
3198
1395849
0
-8
5
1041
-2583
3200
1396874
-4
-8
5
1043
-2584
3199
1397899
3
-6
5
1032
-2600
3197
1398924
32
-8
1
1040
-2568
3205
1399949
26
-11
-2
1043
-2549
3207
1400974
2
-15
-6
1042
-2576
3186
1393793
4
-19
-9
1046
-2607
3179
1394818
22
-19
-6
1050
-2597
3203
1395843
25
-18
-3
1053
-2575
3217
1396868
14
-18
1
1046
-2577
3199
1397893
17
-20
6
1045
-2570
3200
1398918
29
-22
7
1050
-2569
3208
1399943
41
-22
5
1052
-2555
3223
1400968
35
-20
4
1047
-2527
3237
1401993
12
-17
1
1064
-2515
3238
1403018
-3
-11
-3
1077
-2557
3225
1404043
15
-7
-8
1076
-2548
3242
1405068
9
-8
-7
1085
-2527
3247
1406093
-16
-7
-6
1083
-2547
3212
1407118
-16
-9
-6
1071
-2552
3201
1408143
-2
-10
-6
1062
-2576
3204
1409168
18
-9
-7
1053
-2559
3217
1401984
3
-6
-5
1056
-2549
3230
1403009
-23
-6
1
1065
-2559
3211
1404034
-38
-9
6
1074
-2579
3201
1405059
-26
-14
7
1083
-2604
3196
1406084
1
-18
10
1065
-2587
3174
1407109
18
-22
9
1053
-2559
3185
1408134
21
-28
10
1046
-2560
3186
1409159
24
-34
5
1048
-2578
3176
1410184
36
-39
1
1044
-2559
3165
1411209
38
-43
-3
1054
-2569
3184
1412234
46
-42
-7
1078
-2577
3224
1413259
50
-35
-9
1097
-2563
3245
1414284
40
-28
-2
1116
-2528
3262
1415309
16
-19
7
1111
-2517
3269
1416334
0
-14
13
1098
-2490
3241
1417359
7
-11
13
1094
-2471
3248
1410177
28
-7
4
1093
-2448
3271
1411202
21
-3
-4
1093
-2423
3280
1412227
-11
1
-11
1088
-2409
3287
1413252
-53
4
-25
1109
-2456
3253
1414277
-46
11
-44
1117
-2539
3229
1415302
-5
12
-51
1115
-2539
3238
1416327
-12
13
-49
1122
-2524
3229
1417352
-48
18
-36
1120
-2573
3201
1418377
-46
14
-26
1116
-2593
3171
1419402
-25
9
-19
1113
-2598
3177
1420427
-4
9
-13
1102
-2590
3203
1421452
7
11
-6
1106
-2551
3236
1422477
-8
14
1
1111
-2526
3240
1423502
-20
16
5
1101
-2520
3225
1424527
-11
18
2
1119
-2498
3245
1425552
-7
25
-9
1130
-2465
3262
1418368
-20
33
-22
1115
-2444
3276
1419393
-54
39
-29
1106
-2459
3284
1420418
-82
46
-36
1102
-2500
3249
1421443
-78
52
-43
1083
-2537
3226
1422468
-59
53
-49
1059
-2548
3207
1423493
-63
54
-53
1049
-2562
3199
1424518
-76
53
-55
1045
-2592
3175
1425543
-93
49
-50
1053
-2630
3156
1426568
-97
43
-44
1064
-2650
3145
1427593
-85
37
-36
1063
-2697
3111
1428618
-29
26
-25
1064
-2709
3117
1429643
7
16
-15
1058
-2634
3144
1430668
-5
15
-10
1063
-2618
3149
1431693
-3
11
-7
1071
-2588
3166
1432718
-5
6
-7
1093
-2548
3181
1433743
-11
3
-12
1116
-2546
3198
1426560
7
6
-17
1126
-2519
3232
1427585
17
14
-19
1132
-2489
3262
1428610
1
25
-21
1132
-2447
3281
1429635
-36
35
-28
1125
-2442
3269
1430660
-54
44
-40
1120
-2459
3250
1431685
-45
54
-55
1130
-2447
3257
1432710
-51
66
-70
1132
-2438
3270
1433735
-82
75
-83
1147
-2462
3247
1434760
-102
83
-95
1153
-2500
3240
1435785
-100
85
-102
1162
-2527
3238
1436810
-99
97
-108
1154
-2525
3219
1437835
-92
106
-111
1156
-2533
3209
1438860
-77
115
-116
1149
-2521
3233
1439885
-90
124
-123
1137
-2505
3228
1440910
-123
134
-127
1126
-2530
3198
1441935
-130
141
-132
1116
-2548
3187
1434752
-121
146
-141
1107
-2566
3190
1435777
-117
149
-149
1097
-2565
3186
1436802
-132
154
-154
1107
-2579
3166
1437827
-142
159
-158
1106
-2612
3162
1438852
-144
158
-161
1115
-2613
3160
1439877
-145
160
-162
1101
-2650
3132
1440902
-130
157
-160
1082
-2666
3120
1441927
-116
154
-159
1079
-2675
3124
1442952
-110
151
-156
1048
-2669
3126
1443977
-119
151
-153
1029
-2692
3125
1445002
-112
148
-148
1025
-2702
3107
1446027
-100
143
-144
1012
-2697
3104
1447052
-102
139
-140
998
-2693
3106
1448077
-112
134
-135
972
-2710
3089
1449102
-120
127
-128
961
-2738
3067
1450127
-110
118
-121
958
-2769
3063
1442947
-88
107
-113
951
-2774
3054
1443972
-74
98
-105
945
-2795
3050
1444997
-70
90
-99
950
-2785
3048
1446022
-78
79
-87
964
-2786
3041
1447047
-75
69
-74
980
-2795
3042
1448072
-55
59
-65
973
-2788
3045
1449097
-39
52
-61
980
-2810
3056
1450122
-19
45
-55
970
-2766
3074
1451147
-32
39
-45
973
-2753
3065
1452172
-43
32
-33
968
-2757
3065
1453197
-38
24
-23
979
-2760
3064
1454222
-21
16
-22
988
-2754
3058
1455247
-11
8
-23
994
-2736
3055
1456272
-13
-1
-25
1024
-2737
3062
1457297
-15
-4
-24
1027
-2718
3064
1458322
