Device = VHR-0009
time_stamp = 1777440708751
sample_rate = 50
Data format = INT16
TYPE = 6-AXIS IMU RAW DATA
4
0
6
178
-2238
3645
16114817
0
-2
10
165
-2227
3635
16115842
-2
-2
10
155
-2224
3631
16116867
-8
-5
3
169
-2239
3634
16117892
-5
-7
-3
185
-2245
3653
16118917
-14
-9
-1
192
-2259
3649
16119942
-19
-6
1
192
-2285
3650
16120967
-9
-2
5
190
-2274
3638
16121992
2
1
9
190
-2262
3631
16123017
14
-1
10
176
-2232
3631
16124042
13
-4
11
167
-2220
3635
16125067
7
-6
7
161
-2220
3637
16126092
-4
-7
1
169
-2231
3653
16127117
-18
-7
-4
182
-2247
3652
16128142
-26
-6
-1
193
-2277
3649
16129167
-20
-2
2
192
-2281
3634
16130192
-8
-1
6
186
-2286
3630
16123008
10
-4
9
167
-2265
3627
16124033
14
-5
9
165
-2249
3639
16125058
13
-5
6
168
-2238
3644
16126083
7
-3
3
176
-2225
3647
16127108
-8
-3
2
169
-2229
3650
16128133
-20
-5
2
173
-2248
3641
16129158
-18
-5
3
181
-2259
3637
16130183
-14
-5
2
182
-2281
3641
16131208
-3
-6
2
186
-2274
3634
16132233
1
-6
3
185
-2272
3626
16133258
9
-5
4
185
-2261
3643
16134283
11
-5
5
181
-2240
3645
16135308
7
-5
4
181
-2242
3635
16136333
7
-6
2
185
-2231
3643
16137358
-1
-7
1
188
-2249
3652
16138383
-14
-5
2
182
-2281
3641
16131208
-3
-6
2
186
-2274
3634
16132233
1
-6
3
185
-2272
3626
16133258
9
-5
4
185
-2261
3643
16134283
11
-5
5
181
-2240
3645
16135308
7
-5
4
181
-2242
3635
16136333
7
-6
2
185
-2231
3643
16137358
-1
-7
1
188
-2249
3652
16138383
-4
-5
3
185
-2252
3642
16131200
-7
-1
4
186
-2257
3643
16132225
-5
1
5
182
-2254
3644
16133250
-6
-1
6
184
-2259
3633
16134275
-1
-1
6
183
-2262
3629
16135300
11
-1
6
176
-2244
3642
16136325
7
-2
10
162
-2234
3645
16137350
-4
-5
7
160
-2236
3627
16138375
-4
-7
-1
177
-2245
3636
16139400
-8
-8
-4
189
-2247
3643
16140425
-16
-9
-2
191
-2270
3646
16141450
-16
-6
2
194
-2287
3638
16142475
-3
-2
5
204
-2283
3630
16143500
14
0
9
196
-2267
3634
16144525
22
-1
12
178
-2227
3629
16145550
13
-4
12
158
-2218
3635
16146575
3
-5
6
167
-2226
3647
16139392
-8
-5
0
167
-2218
3655
16140417
-25
-5
0
183
-2243
3643
16141442
-29
-4
2
191
-2273
3637
16142467
-18
-3
4
183
-2281
3635
16143492
-7
-3
6
175
-2270
3631
16144517
1
-5
8
171
-2263
3617
16145542
8
-9
7
169
-2260
3622
16146567
21
-5
5
182
-2254
3659
16147592
19
-3
3
172
-2222
3661
16148617
-14
-6
3
185
-2231
3628
16149642
-20
-3
4
177
-2258
3627
16150667
-9
-5
2
183
-2259
3640
16151692
-12
-7
1
193
-2278
3644
16152717
-9
-6
2
189
-2285
3629
16153742
4
-3
4
184
-2281
3631
16154767
18
-1
5
175
-2249
3640
16147585
13
-3
4
174
-2242
3638
16148610
2
-4
3
176
-2239
3637
16149635
1
-3
2
178
-2242
3651
16150660
-2
-4
3
177
-2241
3656
16151685
-13
-5
4
184
-2261
3640
16152710
-6
-2
5
185
-2276
3650
16153735
1
-1
4
177
-2256
3644
16154760
-4
-2
5
178
-2255
3638
16155785
0
-2
6
176
-2260
3632
16156810
7
-3
4
172
-2255
3635
16157835
11
-4
6
168
-2220
3649
16158860
-6
-6
8
161
-2238
3634
16159885
-4
-6
3
172
-2246
3636
16160910
0
-6
-4
180
-2242
3656
16161935
-21
-9
-2
197
-2251
3649
16162960
-33
-8
3
189
-2298
3623
16155882
-7
-3
4
199
-2297
3632
16156907
14
0
7
208
-2274
3638
16157932
13
-1
10
193
-2253
3641
16158957
9
0
11
169
-2229
3629
16159982
10
-1
8
156
-2221
3632
16161007
1
-6
3
164
-2223
3641
16162032
-17
-8
-2
176
-2247
3633
16163057
-17
-5
-2
180
-2267
3636
16164082
-11
-5
2
183
-2276
3646
16165107
-11
-5
5
186
-2286
3631
16166132
-1
-5
8
184
-2281
3623
16167157
17
-4
9
165
-2254
3635
16168182
19
-5
8
158
-2229
3642
16169207
11
-7
4
174
-2223
3640
16170232
0
-6
1
182
-2236
3649
16171257
-11
-6
-1
188
-2243
3646
16163969
-18
-5
0
185
-2262
3635
16164994
-19
-5
4
192
-2272
3628
16166019
-7
-1
5
190
-2283
3628
16167044
14
-1
5
173
-2258
3639
16168069
13
-5
6
170
-2246
3639
16169094
3
-9
4
175
-2244
3618
16170119
5
-5
2
179
-2246
3644
16171144
5
-5
-1
178
-2236
3649
16172169
-9
-7
0
187
-2251
3648
16173194
-12
-6
3
193
-2259
3636
16174219
-5
-4
5
185
-2262
3634
16175244
0
-3
5
172
-2264
3641
16176269
3
-3
4
185
-2251
3637
16177294
0
-4
4
181
-2251
3623
16178319
6
-4
6
176
-2243
3641
16179344
2
-6
8
168
-2227
3649
16172161
-8
-7
5
166
-2236
3638
16173186
-13
-6
-2
181
-2252
3643
16174211
-16
-7
-5
199
-2254
3652
16175236
-24
-8
0
192
-2278
3640
16176261
-16
-5
4
200
-2292
3631
16177286
2
0
7
194
-2282
3637
16178311
15
1
10
189
-2251
3629
16179336
20
-2
11
181
-2231
3630
16180361
14
-4
9
165
-2214
3637
16181386
0
-6
4
164
-2214
3641
16182411
-14
-6
-1
167
-2222
3650
16183436
-29
-7
-2
184
-2252
3636
16184461
-33
-4
-1
185
-2280
3636
16185486
-25
-4
0
194
-2289
3628
16186511
-9
-6
2
191
-2286
3621
16187536
6
-8
5
186
-2280
3623
16180352
19
-6
8
185
-2259
3639
16181377
21
-3
8
175
-2233
3642
16182402
12
-1
5
180
-2217
3646
16183427
-10
-3
4
179
-2230
3641
16184452
-24
-4
2
185
-2252
3636
16185477
-24
-3
2
192
-2271
3623
16186502
-14
-4
3
180
-2264
3630
16187527
-10
-5
4
179
-2279
3630
16188552
1
-5
4
176
-2280
3634
16189577
10
-5
4
185
-2267
3636
16190602
11
-3
6
185
-2259
3632
16191627
11
-4
5
184
-2242
3627
16192652
10
-5
4
191
-2248
3643
16193677
4
-5
4
186
-2241
3655
16194702
-7
-4
4
184
-2250
3650
16195727
-12
-1
5
192
-2266
3635
16188544
-6
-1
6
185
-2260
3639
16189569
-5
-3
9
178
-2252
3627
16190594
-2
-4
9
164
-2254
3622
16191619
4
-5
3
166
-2260
3637
16192644
4
-9
-3
187
-2253
3643
16193669
-8
-10
-2
202
-2265
3655
16194694
-15
-5
4
202
-2286
3648
16195719
-8
0
7
200
-2294
3634
16196744
5
2
9
195
-2261
3630
16197769
9
2
11
185
-2246
3620
16198794
12
-1
9
174
-2227
3623
16199819
8
-4
7
168
-2231
3639
16200844
-6
-6
2
171
-2240
3653
16201869
-20
-7
1
180
-2257
3644
16202894
-25
-4
2
180
-2277
3635
16203919
-20
-2
4
186
-2279
3627
16196736
-13
-3
6
184
-2282
3626
16197761
1
-4
7
182
-2283
3630
16198786
14
-5
8
181
-2249
3634
16199811
10
-4
8
178
-2257
3639
16200836
8
-3
6
174
-2237
3640
16201861
-5
-2
4
182
-2246
3653
16202886
-17
-2
3
181
-2250
3636
16203911
-24
-3
4
183
-2271
3625
16204936
-20
-3
3
184
-2281
3621
16205961
-11
-3
4
181
-2280
3632
16206986
-5
-3
6
181
-2273
3629
16208011
0
-3
7
188
-2273
3630
16209036
8
-2
6
177
-2256
3652
16210061
0
-5
4
172
-2244
3633
16211086
-16
-6
3
190
-2259
3628
16212111
-10
-4
4
190
-2277
3635
16204928
-3
-2
4
187
-2272
3638
16205953
-11
-3
5
192
-2282
3638
16206978
-11
-2
7
182
-2280
3621
16208003
4
-2
8
172
-2268
3630
16209028
12
-3
10
162
-2245
3642
16210053
-6
-5
7
163
-2246
3633
16211078
-16
-6
-1
184
-2272
3629
16212103
-9
-6
-3
198
-2269
3642
16213128
-15
-5
2
191
-2287
3637
16214153
-16
-4
5
192
-2300
3627
16215178
-1
1
6
186
-2289
3619
16216203
17
1
7
179
-2256
3619
16217228
17
-3
8
176
-2240
3629
16218253
11
-5
8
167
-2236
3631
16219278
6
-5
3
167
-2254
3639
16220303
-1
-5
1
170
-2256
3653
16213121
-16
-5
1
180
-2267
3644
16214146
-21
-2
4
187
-2290
3621
16215171
-13
0
3
184
-2287
3625
16216196
-6
-1
5
179
-2274
3618
16217221
-1
-5
7
174
-2275
3618
16218246
8
-7
8
176
-2273
3624
16219271
9
-8
5
172
-2261
3639
16220296
4
-7
3
175
-2257
3634
16221321
-5
-4
1
180
-2257
3638
16222346
-12
-3
2
187
-2263
3640
16223371
-16
-5
4
180
-2270
3626
16224396
-16
-6
4
184
-2286
3621
16225421
-8
-5
3
179
-2290
3634
16226446
-1
-5
4
187
-2285
3629
16227471
5
-3
5
183
-2273
3628
16228496
2
-3
5
180
-2258
3630
16221311
0
-5
4
172
-2279
3618
16222336
4
-6
2
169
-2259
3631
16223361
-2
-6
2
182
-2270
3634
16224386
-6
-4
4
183
-2278
3643
16225411
-7
-3
4
193
-2286
3626
16226436
-3
-1
6
178
-2278
3622
16227461
4
-2
8
169
-2266
3619
16228486
5
-4
9
173
-2266
3619
16229511
7
-4
4
172
-2271
3632
16230536
7
-6
-2
168
-2249
3642
16231561
-12
-8
-1
181
-2271
3637
16232586
-22
-6
0
179
-2311
3633
16233611
-2
0
3
197
-2303
3635
16234636
16
4
7
188
-2276
3642
16235661
6
-1
10
182
-2251
3605
16236686
10
-2
9
179
-2257
3612
16229672
19
-3
5
162
-2234
3633
16230697
0
-6
0
169
-2253
3652
16231722
-15
-6
-2
184
-2265
3644
16232747
-22
-3
1
188
-2291
3630
16233772
-17
0
3
187
-2291
3624
16234797
-3
-1
5
181
-2282
3624
16235822
2
-4
9
176
-2270
3614
16236847
9
-6
10
165
-2257
3625
16237872
13
-6
7
167
-2239
3638
16238897
-5
-6
4
166
-2242
3634
16239922
-17
-5
3
178
-2274
3632
16240947
-11
-3
4
175
-2261
3644
16241972
-28
-6
9
175
-2268
3624
16242997
-33
-10
11
164
-2286
3606
16244022
-20
-15
9
139
-2301
3599
16245047
-4
-18
3
142
-2311
3620
16237696
5
-20
2
174
-2304
3635
16238721
13
-16
7
197
-2298
3641
16239746
9
-9
10
216
-2277
3644
16240771
-6
-5
13
230
-2280
3643
16241796
-14
-2
13
223
-2273
3622
16242821
-9
-1
12
206
-2281
3617
16243846
6
4
8
198
-2271
3631
16244871
10
8
6
202
-2258
3630
16245896
9
15
5
221
-2256
3634
16246921
7
19
5
211
-2232
3633
16247946
0
18
10
181
-2200
3638
16248971
-24
15
17
165
-2196
3620
16249996
-46
15
13
150
-2225
3616
16251021
-56
10
4
142
-2267
3631
16252046
-65
2
-2
133
-2272
3628
16253071
-85
-2
-2
142
-2341
3613
16245887
-69
5
-5
176
-2391
3629
16246912
-39
15
-3
206
-2357
3642
16247937
-41
24
4
197
-2343
3591
16248962
-20
27
12
164
-2386
3601
16249987
21
35
20
157
-2328
3685
16251012
154
62
-2
68
-2358
3603
16252037
85
34
5
79
-1944
3592
16253062
-119
0
4
163
-2406
3563
16254087
-7
3
-5
156
-2328
3582
16255112
-2
-3
0
203
-2384
3604
16256137
12
4
23
157
-2438
3641
16257162
41
6
22
118
-2264
3625
16258187
30
10
26
151
-2302
3627
16259212
38
20
28
143
-2330
3609
16260237
53
15
24
130
-2307
3595
16261262
72
7
26
140
-2248
3652
16254080
33
-2
48
106
-2314
3767
16255105
0
-62
73
-51
-2355
3620
16256130
168
-59
35
394
-2635
3894
16257155
408
92
231
645
-2552
3983
16258180
477
166
251
-317
-1737
3314
16259205
113
45
116
-54
-1860
3060
16260230
15
-33
8
98
-2199
3276
16261255
217
-24
-67
75
-2082
3905
16262280
170
19
-33
226
-2274
4225
16263305
124
123
40
186
-2103
4056
16264330
-67
125
101
-193
-1929
3528
16265355
-320
-43
80
-283
-2112
3342
16266380
-91
-134
-48
302
-2543
3618
16267405
445
-19
-52
601
-2200
4106
16268430
399
10
113
-40
-1663
3562
16269455
-129
-78
21
-302
-1983
3291
16262272
-93
-94
-58
302
-2447
3582
16263297
200
51
-96
156
-2177
4176
16264322
35
122
-25
262
-2063
4262
16265347
-148
159
65
-12
-1984
3584
16266372
-247
86
49
-239
-2113
3272
16267397
-112
-2
-12
119
-2227
3524
16268422
109
-17
-42
152
-2160
3712
16269447
85
-30
-34
49
-2059
3834
16270472
-43
-54
-24
28
-2161
3715
16271497
-24
-53
-46
14
-2167
3692
16272522
-12
-31
-55
98
-2085
3812
16273547
-90
-9
-42
124
-2152
3818
16274572
-140
-12
-26
117
-2230
3648
16275597
-77
-12
-17
102
-2279
3628
16276622
8
-8
-17
114
-2201
3716
16277647
6
1
-10
128
-2111
3757
16270465
-52
0
1
120
-2157
3707
16271490
-53
4
4
110
-2214
3672
16272515
-15
6
3
108
-2166
3686
16273540
-8
3
-2
107
-2153
3678
16274565
-9
-1
1
82
-2141
3666
16275590
-9
-5
3
40
-2163
3677
16276615
-3
-9
-4
33
-2102
3717
16277640
-51
-17
-8
27
-2194
3680
16278665
-63
-21
-20
55
-2180
3677
16279690
-60
-24
-20
99
-2243
3657
16280715
-22
-22
-18
132
-2270
3664
16281740
11
-21
-9
170
-2263
3669
16282765
33
-10
3
168
-2213
3709
16283790
31
0
19
145
-2204
3691
16284815
33
7
27
92
-2185
3704
16285840
16
4
24
58
-2095
3711
16278656
-30
-2
20
39
-2142
3673
16279681
-45
-8
9
45
-2166
3651
16280706
-41
-17
-4
71
-2186
3650
16281731
-31
-24
-9
111
-2228
3678
16282756
-16
-24
-2
120
-2253
3692
16283781
7
-17
6
135
-2247
3695
16284806
27
-7
13
139
-2235
3691
16285831
41
-4
15
126
-2188
3683
16286856
49
-4
16
114
-2143
3673
16287881
49
-3
15
107
-2121
3696
16288906
30
-2
10
104
-2110
3705
16289931
-5
-7
3
102
-2131
3703
16290956
-30
-7
-3
108
-2144
3710
16291981
-51
-4
-4
115
-2185
3703
16293006
-55
-1
-4
107
-2214
3675
16294031
-41
-1
-1
119
-2234
3667
16286849
-16
1
3
121
-2236
3678
16287874
5
1
4
107
-2236
3670
16288899
28
1
5
103
-2197
3687
16289924
31
2
5
108
-2174
3702
16290949
19
3
6
114
-2167
3697
16291974
3
4
4
104
-2156
3695
16292999
-14
5
2
101
-2160
3687
16294024
-27
4
1
91
-2188
3690
16295049
-29
4
-1
94
-2213
3683
16296074
-21
6
-2
94
-2201
3667
16297099
-17
1
-1
90
-2209
3663
16298124
-5
-1
0
95
-2226
3668
16299149
10
-1
3
90
-2212
3681
16300174
17
-3
5
86
-2195
3685
16301199
10
-3
4
97
-2193
3681
16302224
9
-2
2
104
-2177
3690
16295040
4
-1
5
106
-2164
3701
16296065
-20
-7
11
76
-2155
3739
16297090
-82
-32
34
14
-2284
3756
16298115
-71
-60
-11
145
-2336
3795
16299140
175
15
48
513
-2260
3867
16300165
146
65
189
-157
-2033
3560
16301190
-131
-29
64
-68
-2302
3134
16302215
128
-37
-8
124
-2249
3438
16303240
288
-9
-47
104
-2001
3933
16304265
90
27
-34
178
-2044
4114
16305290
-79
67
31
189
-2181
3883
16306315
-51
104
83
7
-2115
3575
16307340
-94
47
65
-81
-2117
3429
16308365
-70
-37
21
61
-2281
3651
16309390
99
-77
-36
87
-2237
3752
16310415
185
-59
-50
223
-1888
3931
16303233
-19
-65
88
97
-2077
3638
16304258
-178
-65
21
-181
-2368
3354
16305283
67
-57
-59
223
-2294
3579
16306308
223
41
-63
162
-2146
4051
16307333
4
104
-5
204
-2020
4126
16308358
-169
121
67
-13
-2025
3591
16309383
-162
68
50
-110
-2167
3395
16310408
-42
6
-13
122
-2147
3507
16311433
48
-26
-36
84
-2074
3685
16312458
9
-42
-34
58
-2136
3814
16313483
-54
-60
-30
16
-2244
3701
16314508
-30
-57
-36
60
-2312
3715
16315533
12
-19
-28
139
-2221
3836
16316558
-37
8
-10
128
-2195
3770
16317583
-56
14
2
128
-2171
3655
16318608
-37
15
5
96
-2148
3642
16311424
-21
3
-1
91
-2112
3634
16312449
-23
-13
-2
90
-2186
3643
16313474
2
-15
-9
101
-2183
3694
16314499
5
-10
-6
109
-2207
3737
16315524
-8
-3
1
76
-2207
3734
16316549
-31
1
7
60
-2183
3694
16317574
-31
3
2
62
-2189
3658
16318599
-14
-4
-2
100
-2199
3637
16319624
6
-12
-3
112
-2222
3663
16320649
22
-16
-3
116
-2178
3696
16321674
11
-10
-4
99
-2183
3691
16322699
9
-5
-2
106
-2182
3713
16323724
3
0
3
100
-2161
3698
16324749
-9
3
6
96
-2166
3695
16325774
-18
5
11
72
-2153
3688
16326799
-34
2
9
57
-2191
3664
16319617
-23
-5
0
62
-2186
3656
16320642
-17
-11
-6
91
-2189
3674
16321667
-20
-11
-7
102
-2209
3692
16322692
-21
-11
-4
98
-2232
3673
16323717
-6
-9
-4
98
-2209
3692
16324742
-8
-6
1
105
-2200
3694
16325767
-11
0
7
105
-2186
3707
16326792
-20
1
8
80
-2184
3665
16327817
-10
0
6
91
-2183
3660
16328842
-9
-5
3
92
-2196
3663
16329867
-7
-7
0
91
-2189
3681
16330892
-12
-10
1
96
-2198
3679
16331917
-17
-9
3
94
-2220
3682
16332942
-15
-9
2
98
-2229
3666
16333967
1
-7
1
107
-2225
3684
16334992
7
-7
5
96
-2196
3673
16327808
1
-6
6
97
-2202
3660
16328833
9
-4
5
102
-2200
3662
16329858
18
-6
2
99
-2180
3684
16330883
3
-7
4
110
-2198
3685
16331908
3
-2
4
110
-2205
3691
16332933
8
1
5
109
-2194
3695
16333958
0
1
7
102
-2200
3691
16334983
-4
0
7
93
-2186
3681
16336008
-4
0
9
84
-2184
3673
16337033
-1
-1
8
71
-2182
3675
16338058
-6
-6
2
80
-2191
3668
16339083
-7
-9
-3
97
-2197
3693
16340108
-11
-8
-1
99
-2214
3691
16341133
-11
-6
3
112
-2232
3698
16342158
-4
2
10
112
-2211
3686
16343183
2
4
16
99
-2196
3659
16336000
13
4
16
94
-2172
3682
16337025
7
4
14
71
-2152
3675
16338050
-12
-2
9
72
-2164
3664
16339075
-27
-7
2
87
-2181
3671
16340100
-37
-9
2
90
-2187
3679
16341125
-52
-6
11
92
-2249
3653
16342150
-34
-11
28
77
-2324
3740
16343175
-5
-38
18
136
-2337
3818
16344200
37
6
19
278
-2250
3912
16345225
90
54
133
143
-2007
3594
16346250
-79
19
113
-190
-2188
3284
16347275
17
-36
-1
67
-2261
3350
16348300
216
-51
-42
38
-2111
3591
16349325
191
-20
-78
104
-2168
4004
16350350
35
48
-42
224
-2150
4138
16351375
-126
99
41
78
-2060
3739
16344193
-204
76
55
-53
-2247
3431
16345218
-95
12
21
48
-2266
3544
16346243
10
-39
-12
91
-2174
3754
16347268
18
-67
-41
102
-2172
3789
16348293
17
-75
48
258
-2188
3690
16349318
-55
-58
100
-184
-2351
3512
16350343
36
-84
-14
35
-2401
3397
16351368
257
-21
-54
192
-2156
3788
16352393
136
38
-38
146
-2127
4015
16353418
-53
75
1
168
-2078
3875
16354443
-93
92
42
33
-1962
3592
16355468
-112
49
35
-27
-2099
3456
16356493
-54
-3
-14
91
-2159
3551
16357518
13
-29
-42
83
-2147
3709
16358543
-27
-42
-42
46
-2211
3818
16359568
-99
-44
-37
48
-2314
3747
16352385
-81
-30
-29
90
-2335
3705
16353410
-36
-4
-8
147
-2340
3715
16354435
8
12
12
132
-2293
3655
16355460
49
17
25
96
-2161
3650
16356485
49
6
29
54
-2139
3635
16357510
46
-9
17
43
-2156
3626
16358535
53
-17
-2
70
-2127
3688
16359560
19
-16
-6
95
-2135
3757
16360585
-35
-12
-6
80
-2180
3734
16361610
-65
-7
-4
94
-2211
3697
16362635
-63
-4
0
90
-2256
3658
16363660
-29
-3
3
94
-2254
3662
16364685
-7
-6
9
89
-2222
3654
16365710
7
-9
11
78
-2246
3656
16366735
34
-5
11
80
-2184
3695
16367760
20
-3
11
79
-2201
3686
16360575
15
-2
6
80
-2189
3694
16361600
2
2
4
108
-2139
3712
16362625
-40
0
5
93
-2192
3682
16363650
-45
-1
3
86
-2199
3668
16364675
-36
-4
3
93
-2212
3653
16365700
-28
-7
5
87
-2250
3643
16366725
1
-3
2
94
-2259
3685
16367750
18
0
2
95
-2209
3682
16368775
7
1
7
78
-2242
3673
16369800
18
1
8
72
-2201
3670
16370825
15
-1
6
70
-2202
3664
16371850
14
-3
3
88
-2214
3672
16372875
19
-4
2
98
-2203
3683
16373900
23
-3
1
80
-2200
3681
16374925
23
-5
2
78
-2163
3690
16375950
6
-8
4
89
-2185
3672
16368825
7
-5
1
91
-2196
3676
16369850
8
-5
-3
89
-2177
3697
16370875
-9
-6
-3
81
-2204
3689
16371900
-20
-3
1
81
-2211
3696
16372925
-18
-2
2
93
-2247
3666
16373950
13
-1
3
85
-2201
3676
16374975
11
-5
9
88
-2213
3655
16376000
28
-1
8
80
-2164
3683
16377025
23
-3
8
82
-2145
3678
16378050
0
-6
5
73
-2177
3690
16379075
-15
-9
1
83
-2155
3687
16380100
-30
-7
2
96
-2206
3692
16381125
-31
-4
2
91
-2214
3691
16382150
-31
-3
5
94
-2226
3682
16383175
-26
-1
8
95
-2225
3664
16384200
-14
2
10
84
-2225
3678
16376960
-2
-1
9
67
-2207
3677
16377985
-5
-6
8
75
-2211
3659
16379010
3
-3
3
88
-2220
3674
16380035
9
1
0
96
-2200
3708
16381060
-9
3
6
93
-2204
3699
16382085
-25
6
7
88
-2222
3673
16383110
-12
6
7
80
-2240
3671
16384135
3
1
2
70
-2209
3673
16385160
-4
-3
2
86
-2217
3673
16386185
1
-2
4
76
-2218
3674
16387210
7
-4
11
68
-2234
3756
16388235
-5
-39
24
7
-2273
3735
16389260
-13
-45
-24
158
-2226
3768
16390285
47
-17
39
295
-2190
3652
16391310
62
-9
120
-149
-2103
3505
16392335
-30
-60
20
38
-2343
3391
16385152
190
-43
-28
123
-2190
3647
16386177
186
-15
-40
105
-2026
3887
16387202
-6
17
-34
144
-2182
3905
16388227
-54
68
-14
159
-2059
3852
16389252
-121
84
35
80
-2028
3618
16390277
-149
52
24
-3
-2262
3506
16391302
-48
-4
-11
75
-2234
3661
16392327
-13
-46
-13
58
-2235
3796
16393352
-38
-64
-42
97
-2260
3810
16394377
8
-66
49
222
-2178
3597
16395402
-30
-63
90
-175
-2347
3453
16396427
79
-92
-3
154
-2539
3455
16397452
326
-28
-23
164
-2117
3804
16398477
155
32
-7
121
-2007
3962
16399502
-50
86
14
160
-2042
3920
16400527
-91
114
42
116
-1899
3675
16393344
-137
75
45
-39
-1969
3462
16394369
-148
7
-12
55
-2135
3538
16395394
-88
-30
-44
83
-2163
3660
16396419
-97
-44
-48
21
-2248
3771
16397444
-147
-56
-42
51
-2380
3729
16398469
-113
-42
-33
80
-2416
3668
16399494
-33
-26
-13
129
-2470
3649
16400519
55
-3
7
145
-2376
3693
16401544
93
7
19
120
-2212
3641
16402569
101
-2
22
105
-2192
3600
16403594
127
-14
11
87
-2113
3636
16404619
111
-21
-1
93
-2070
3707
16405644
56
-21
-8
89
-2098
3743
16406669
-5
-19
-13
92
-2121
3740
16407694
-54
-14
-14
99
-2192
3719
16408719
-61
-7
-13
116
-2230
3697
16401536
-51
-2
-6
117
-2239
3669
16402561
-36
-1
2
112
-2284
3651
16403586
10
-4
3
110
-2256
3648
16404611
47
-7
6
108
-2248
3658
16405636
74
-8
5
100
-2215
3672
16406661
84
-5
5
115
-2199
3695
16407686
87
0
5
114
-2144
3723
16408711
59
2
6
123
-2126
3715
16409736
39
6
6
108
-2104
3697
16410761
26
3
3
102
-2120
3676
16411786
16
4
-1
111
-2112
3725
16412811
-20
3
2
106
-2117
3736
16413836
-54
7
3
100
-2180
3730
16414861
-56
11
3
103
-2187
3690
16415886
-45
13
4
91
-2206
3674
16416911
-18
11
6
102
-2189
3661
16409728
4
9
11
90
-2162
3668
16410753
13
4
17
55
-2131
3678
16411778
-1
0
18
37
-2144
3693
16412803
-30
-5
9
44
-2141
3720
16413828
-62
-10
1
54
-2181
3700
16414853
-74
-10
-5
91
-2225
3694
16415878
-68
-8
-5
127
-2251
3681
16416903
-47
-5
1
137
-2276
3653
16417928
-9
-1
11
136
-2257
3668
16418953
17
5
21
131
-2236
3677
16419978
31
13
27
112
-2193
3695
16421003
23
16
31
72
-2181
3675
16422028
17
10
29
42
-2162
3693
16423053
-8
5
22
63
-2172
3663
16424078
-18
2
18
58
-2209
3677
16425103
-12
0
15
45
-2216
3670
16417920
-9
0
12
34
-2222
3701
16418945
-16
-4
10
30
-2210
3677
16419970
-14
-11
8
40
-2234
3644
16420995
9
-14
3
58
-2208
3663
16422020
14
-14
1
54
-2178
3686
16423045
2
-14
3
65
-2175
3700
16424070
-8
-15
1
82
-2179
3698
16425095
-21
-14
1
102
-2174
3700
16426120
-38
-12
0
117
-2195
3663
16427145
-33
-9
-2
113
-2192
3658
16428170
-24
-12
-1
115
-2195
3668
16429195
-18
-14
-4
114
-2224
3665
16430220
-3
-11
-4
130
-2237
3681
16431245
4
-7
-2
138
-2210
3699
16432270
-12
-8
7
124
-2235
3741
16433295
-39
-23
12
104
-2272
3763
16426111
-57
-30
-1
122
-2287
3694
16427136
38
-21
39
325
-2190
3626
16428161
86
19
133
-54
-2169
3656
16429186
-20
-21
52
6
-2323
3404
16430211
174
-17
19
77
-2220
3572
16431236
204
-13
-11
26
-2045
3790
16432261
49
-5
-34
98
-2175
3845
16433286
9
48
-36
130
-2082
3882
16434311
-62
94
13
121
-1974
3782
16435336
-187
82
31
-25
-2165
3549
16436361
-148
30
1
25
-2246
3509
16437386
-39
-17
-11
35
-2234
3722
16438411
-49
-50
-20
13
-2315
3792
16439436
-9
-58
-37
130
-2305
3716
16440461
111
-73
90
102
-2162
3566
16441486
-17
-61
67
-149
-2473
3448
16434304
171
-68
-9
174
-2405
3545
16435329
308
-10
-28
99
-2040
3859
16436354
89
27
-16
122
-2022
3949
16437379
-85
68
0
153
-2024
3829
16438404
-81
82
20
76
-1872
3612
16439429
-132
42
14
-21
-2021
3515
16440454
-136
-18
-30
89
-2204
3576
16441479
-66
-34
-54
77
-2181
3702
16442504
-85
-38
-45
71
-2301
3802
16443529
-111
-40
-35
82
-2422
3703
16444554
-39
-18
-15
128
-2402
3714
16445579
23
8
9
169
-2361
3678
16446604
72
17
26
131
-2287
3637
16447629
123
15
34
103
-2117
3663
16448654
105
5
33
65
-2076
3644
16449679
78
-6
15
69
-2087
3671
16442497
52
-15
-4
75
-2060
3717
16443522
-6
-15
-12
98
-2111
3772
16444547
-62
-3
-8
100
-2184
3776
16445572
-94
10
-1
95
-2211
3725
16446597
-99
17
8
93
-2272
3667
16447622
-56
17
14
78
-2242
3620
16448647
-7
8
19
57
-2237
3619
16449672
39
0
16
38
-2200
3658
16450697
43
-10
10
31
-2188
3668
16451722
36
-15
2
47
-2168
3708
16452747
12
-15
-1
56
-2136
3711
16453772
-27
-13
-1
69
-2185
3696
16454797
-39
-12
-3
91
-2183
3675
16455822
-38
-12
-1
89
-2214
3672
16456847
-23
-14
-1
88
-2219
3680
16457872
-16
-14
2
90
-2216
3679
16450688
-15
-13
1
88
-2241
3673
16451713
1
-12
0
99
-2205
3668
16452738
-1
-13
1
105
-2235
3674
16453763
7
-11
-3
102
-2216
3688
16454788
8
-6
-1
113
-2199
3692
16455813
1
-3
2
100
-2205
3690
16456838
-5
-5
3
95
-2204
3661
16457863
6
-6
2
102
-2215
3665
16458888
21
-2
3
104
-2199
3691
16459913
17
1
3
93
-2195
3696
16460938
7
1
6
101
-2205
3690
16461963
7
3
9
90
-2199
3690
16462988
3
7
10
87
-2188
3687
16464013
-4
8
9
90
-2198
3680
16465038
-4
7
7
71
-2201
3669
16466063
-1
3
3
60
-2197
3659
16458880
11
-2
1
78
-2177
3680
16459905
6
-2
3
68
-2170
3685
16460930
-2
-4
2
65
-2202
3674
16461955
3
-7
-3
75
-2180
3690
16462980
-9
-12
-4
90
-2177
3680
16464005
-18
-10
-1
92
-2220
3690
16465030
-17
-8
3
95
-2205
3704
16466055
-20
-2
9
98
-2222
3687
16467080
-9
-1
10
80
-2189
3658
16468105
-8
-3
11
74
-2177
3656
16469130
-10
-7
7
69
-2186
3663
16470155
-15
-10
1
78
-2197
3661
16471180
-19
-13
-4
98
-2213
3677
16472205
-17
-13
-3
103
-2215
3691
16473230
-20
-8
2
108
-2236
3687
16474255
-12
-3
5
105
-2248
3678
16467072
0
0
7
100
-2225
3670
16468097
7
0
8
89
-2234
3673
16469122
15
3
9
94
-2204
3695
16470147
7
8
10
95
-2202
3699
16471172
1
11
6
83
-2175
3680
16472197
-13
18
10
101
-2218
3702
16473222
-13
22
20
82
-2239
3662
16474247
-6
22
16
72
-2200
3666
16475272
2
19
17
73
-2223
3688
16476297
11
6
22
13
-2209
3694
16477322
-10
-42
6
-10
-2132
3738
16478347
-50
-78
-24
176
-2259
3742
16479372
74
-44
51
258
-2060
3602
16480397
-14
-45
114
-192
-2224
3444
16481422
10
-86
15
85
-2532
3417
16482447
277
-41
-16
140
-2231
3791
16475264
191
-9
-19
91
-2082
3923
16476289
2
25
-13
160
-2142
3871
16477314
-29
82
3
162
-1999
3795
16478339
-87
100
35
66
-1908
3637
16479364
-168
61
27
-28
-2097
3527
16480389
-128
4
-12
37
-2242
3641
16481414
-73
-58
-31
22
-2336
3820
16482439
1
-71
-96
135
-2208
3876
16483464
11
-58
67
319
-2130
3706
16484489
-125
-48
139
-219
-2482
3349
16485514
27
-88
35
111
-2751
3260
16486539
400
-22
0
172
-2177
3721
16487564
248
26
-1
90
-1975
3949
16488589
-4
48
20
125
-2148
3861
16489614
42
89
8
124
-1917
3811
16490639
22
94
14
72
-1691
3678
16483456
-168
39
5
-5
-1920
3540
16484481
-214
-10
-44
86
-2176
3596
16485506
-136
-20
-71
56
-2174
3725
16486531
-165
-22
-66
50
-2308
3792
16487556
-199
-22
-44
74
-2467
3725
16488581
-116
-6
-21
80
-2471
3649
16489606
-19
13
8
97
-2425
3642
16490631
57
15
20
90
-2369
3588
16491656
139
12
25
84
-2210
3632
16492681
145
0
26
74
-2138
3637
16493706
124
-9
16
72
-2126
3670
16494731
105
-12
4
115
-2100
3734
16495756
55
-1
0
128
-2121
3736
16496781
3
9
2
109
-2165
3730
16497806
-23
17
6
113
-2146
3726
16498831
-49
19
15
103
-2218
3666
16491648
-36
15
18
71
-2193
3659
16492673
-21
8
25
-16
-2196
3638
16493698
-1
-13
18
-70
-2202
3629
16494723
21
-28
1
-76
-2195
3657
16495748
24
-40
-19
-52
-2207
3665
16496773
30
-47
-37
27
-2225
3692
16497798
38
-49
-41
95
-2227
3693
16498823
46
-44
-29
129
-2217
3716
16499848
54
-37
-14
121
-2144
3720
16500873
40
-31
-2
111
-2128
3703
16501898
20
-29
-5
109
-2125
3687
16502923
5
-29
-15
117
-2101
3703
16503948
-25
-29
-21
124
-2126
3718
16504973
-52
-29
-26
135
-2158
3713
16505998
-66
-25
-24
166
-2209
3693
16507023
-49
-15
-16
188
-2228
3698
16499841
-29
-6
-4
183
-2216
3674
16500866
-7
1
8
154
-2216
3680
16501891
9
7
15
128
-2174
3688
16502916
6
10
17
103
-2193
3690
16503941
17
8
14
80
-2144
3696
16504966
2
5
12
90
-2168
3692
16505991
-9
6
10
98
-2157
3698
16507016
-27
4
8
93
-2185
3681
16508041
-25
-2
7
105
-2199
3675
16509066
-15
-4
10
108
-2207
3679
16510091
-6
-2
12
89
-2208
3682
16511116
1
-2
11
61
-2200
3685
16512141
-4
-6
8
48
-2200
3689
16513166
-14
-9
5
44
-2174
3696
16514191
-27
-12
3
68
-2192
3679
16515216
-29
-14
-1
89
-2220
3670
16508032
-12
-15
-4
117
-2227
3677
16509057
0
-14
-1
128
-2218
3681
16510082
9
-14
1
113
-2219
3695
16511107
9
-9
5
113
-2167
3721
16512132
-22
-5
8
109
-2173
3680
16513157
-30
-5
4
115
-2204
3652
16514182
-15
-8
2
129
-2200
3661
16515207
-3
-10
3
136
-2218
3679
16516232
8
-5
7
129
-2212
3697
16517257
11
2
13
128
-2203
3699
16518282
7
5
14
118
-2201
3668
16519307
15
2
13
115
-2188
3660
16520332
24
0
15
110
-2170
3680
16521357
21
3
15
97
-2155
3686
16522382
4
2
11
102
-2193
3696
16523407
-2
-1
4
110
-2161
3701
16516224
-23
0
7
111
-2196
3700
16517249
-29
3
9
108
-2207
3686
16518274
-30
4
11
97
-2221
3668
16519299
-14
4
12
88
-2212
3667
16520324
3
3
12
78
-2184
3672
16521349
2
-1
10
65
-2177
3685
16522374
-11
-6
5
64
-2195
3658
16523399
-9
-13
-3
84
-2205
3670
16524424
-8
-11
-6
101
-2192
3707
16525449
-25
-9
-2
106
-2235
3693
16526474
-22
-6
-2
114
-2228
3672
16527499
-14
-6
0
115
-2238
3662
16528524
4
-4
2
106
-2217
3683
16529549
6
-3
5
92
-2200
3676
16530574
6
-6
1
98
-2210
3661
16531599
18
-1
0
118
-2194
3695
16524416
6
3
3
105
-2170
3693
16525441
-9
5
8
100
-2178
3649
16526466
-5
-3
7
103
-2195
3666
16527491
-7
-8
-3
130
-2237
3674
16528516
10
8
8
111
-2286
3712
16529541
33
10
12
89
-2189
3698
16530566
26
5
12
96
-2169
3657
16531591
19
-1
8
75
-2163
3656
16532616
11
-6
3
99
-2151
3713
16533641
-14
-14
14
87
-2225
3775
16534666
-51
-43
13
48
-2264
3762
16535691
-57
-46
-16
131
-2135
3759
16536716
-63
-30
47
319
-2120
3634
16537741
-1
-1
118
-127
-2270
3469
16538766
11
-52
-1
79
-2485
3379
16539791
251
-22
-38
132
-2205
3721
16532608
221
2
-42
101
-2155
3900
16533633
72
51
-17
167
-2074
3973
16534658
-76
91
27
167
-1931
3771
16535683
-143
88
44
2
-2029
3512
16536708
-133
27
7
35
-2199
3521
16537733
-56
-39
-13
48
-2229
3693
16538758
-35
-72
-51
75
-2182
3782
16539783
-84
-58
-32
220
-2286
3768
16540808
-45
-57
70
85
-2360
3517
16541833
24
-47
25
-48
-2498
3507
16542858
220
-30
-24
230
-2318
3691
16543883
264
27
-21
149
-2140
3878
16544908
114
92
18
183
-1890
3984
16545933
-101
106
70
52
-1886
3663
16546958
-159
63
49
-51
-2090
3472
16547983
-83
2
-14
91
-2110
3529
16540800
-27
-28
-41
93
-2135
3671
16541825
-48
-35
-38
67
-2265
3791
16542850
-80
-37
-27
52
-2329
3733
16543875
-59
-25
-18
86
-2366
3693
16544900
8
-6
-5
141
-2374
3700
16545925
66
15
15
144
-2232
3725
16546950
50
17
29
111
-2158
3642
16547975
59
8
24
70
-2135
3628
16549000
70
-5
10
68
-2034
3673
16550025
15
-16
1
71
-2107
3702
16551050
-8
-18
-8
93
-2118
3739
16552075
-46
-12
-9
100
-2151
3737
16553100
-83
-5
-5
90
-2238
3711
16554125
-74
0
-2
92
-2220
3677
16555150
-60
-1
3
103
-2270
3639
16556175
-17
-5
7
94
-2261
3640
16548992
23
-10
7
89
-2231
3647
16550017
50
-10
7
98
-2199
3689
16551042
49
-11
4
98
-2183
3698
16552067
35
-9
4
98
-2143
3727
16553092
5
-7
9
95
-2113
3716
16554117
-24
-1
13
90
-2152
3696
16555142
-28
-2
5
82
-2160
3657
16556167
-31
-8
-3
99
-2183
3669
16557192
-32
-13
-6
101
-2215
3696
16558217
-27
-9
-2
109
-2231
3716
16559242
-19
-3
7
105
-2251
3683
16560267
2
0
11
101
-2257
3661
16561292
36
1
10
96
-2176
3661
16562317
44
-2
12
82
-2166
3680
16563342
35
-5
9
73
-2135
3693
16564367
11
-8
3
81
-2137
3697
16557184
-8
-9
-1
90
-2161
3696
16558209
-23
-7
-2
100
-2189
3703
16559234
-33
-6
-2
108
-2214
3693
16560259
-26
-2
2
113
-2225
3680
16561284
-12
-1
7
99
-2215
3663
16562309
0
-6
10
85
-2220
3658
16563334
21
-9
9
81
-2197
3672
16564359
28
-8
7
91
-2176
3690
16565384
22
-7
5
93
-2165
3692
16566409
6
-7
4
103
-2166
3688
16567434
-12
-8
4
104
-2180
3690
16568459
-16
-5
4
114
-2188
3701
16569484
-15
-3
4
108
-2187
3689
16570509
-18
-1
6
107
-2207
3665
16571534
-9
-1
6
97
-2200
3675
16572559
-1
-2
5
97
-2199
3675
16565377
9
-1
4
91
-2203
3699
16566402
4
1
5
89
-2169
3698
16567427
-15
-1
4
96
-2205
3671
16568452
-5
-4
1
100
-2215
3669
16569477
4
3
6
125
-2204
3719
16570502
-11
13
11
102
-2178
3690
16571527
-24
16
16
94
-2193
3678
16572552
-20
16
20
90
-2179
3673
16573577
-11
14
23
78
-2244
3649
16574602
13
7
12
79
-2201
3666
16575627
10
5
6
82
-2144
3696
16576652
-15
-1
3
74
-2190
3695
16577677
-16
-13
1
56
-2246
3692
16578702
-16
-28
-9
118
-2207
3756
16579727
-44
-17
2
146
-2273
3736
16580752
-12
-1
43
229
-2186
3664
16573568
42
10
101
-55
-2157
3579
16574593
10
-24
30
6
-2238
3467
16575618
126
-30
-15
53
-2142
3626
16576643
118
-44
-41
73
-2145
3723
16577668
67
-18
-51
150
-2231
3857
16578693
21
45
-19
183
-2048
3911
16579718
-115
69
35
61
-2077
3685
16580743
-159
40
26
34
-2242
3512
16581768
-62
2
2
94
-2221
3688
16582793
-50
-36
7
42
-2250
3861
16583818
-85
-48
-41
167
-2128
3807
16584843
9
-77
114
134
-2239
3406
16585868
-9
-109
59
-236
-2611
3190
16586893
316
-66
-26
287
-2478
3710
16587918
405
62
-21
138
-1879
4133
16588943
17
104
37
156
-2100
3993
16582023
-108
134
75
151
-2113
3651
16583048
-47
112
80
-35
-1865
3418
16584073
-55
22
24
-22
-1935
3444
16585098
-24
-50
-32
43
-2057
3631
16586123
-3
-70
-69
0
-2086
3838
16587148
-118
-72
-72
59
-2176
3930
16588173
-225
-55
-61
95
-2357
3778
16589198
-188
-19
-34
146
-2467
3698
16590223
-83
20
-11
186
-2386
3690
16591248
-14
32
18
132
-2297
3585
16592273
50
15
40
67
-2263
3547
16593298
129
-3
34
35
-2137
3613
16594323
138
-20
17
38
-2083
3666
16595348
100
-27
2
73
-2106
3728
16596373
40
-26
-10
86
-2105
3769
16597398
-35
-15
-13
98
-2119
3781
16589953
-105
-2
-3
110
-2177
3722
16590978
-121
3
3
112
-2233
3637
16592003
-79
4
7
121
-2262
3625
16593028
-26
2
12
91
-2251
3635
16594053
9
-6
10
57
-2231
3640
16595078
33
-13
7
58
-2229
3670
16596103
40
-15
2
61
-2223
3678
16597128
35
-15
-2
89
-2192
3703
16598153
18
-11
2
107
-2186
3696
16599178
9
-4
5
107
-2198
3699
16600203
9
-3
6
96
-2161
3676
16601228
-4
-5
7
93
-2171
3676
16602253
-10
-5
4
70
-2185
3663
16603278
-6
-8
0
78
-2192
3672
16604303
-2
-8
-2
91
-2182
3690
16605328
-16
-6
2
89
-2216
3687
16598145
-14
-5
5
93
-2204
3673
16599170
-5
-4
4
87
-2226
3669
16600195
4
-6
3
84
-2201
3678
16601220
2
-6
3
96
-2192
3685
16602245
-1
-4
3
94
-2188
3671
16603270
-1
-5
1
88
-2202
3676
16604295
7
-8
-1
92
-2183
3658
16605320
2
-11
0
100
-2194
3671
16606345
1
-6
0
97
-2202
3707
16607370
-9
-1
3
86
-2168
3706
16608395
-28
-2
5
92
-2217
3676
16609420
-17
-3
2
96
-2216
3659
16610445
-1
-2
0
100
-2206
3674
16611470
0
-3
3
98
-2203
3687
16612495
-4
-4
6
85
-2206
3670
16613520
9
-5
7
75
-2188
3682
16606336
9
-5
7
76
-2201
3682
16607361
2
-6
1
86
-2170
3680
16608386
-14
-7
-2
105
-2201
3687
16609411
-14
-7
-2
96
-2206
3680
16610436
-15
-5
2
103
-2230
3678
16611461
-6
-2
6
99
-2219
3671
16612486
7
0
10
102
-2204
3669
16613511
17
1
13
88
-2179
3678
16614536
10
-2
9
76
-2174
3676
16615561
-3
-3
3
81
-2170
3676
16616586
-17
-7
2
90
-2196
3677
16617611
-16
-12
-4
91
-2228
3657
16618636
0
-8
-8
111
-2215
3691
16619661
-3
6
-1
114
-2197
3713
16620686
-20
19
8
99
-2202
3694
16621711
-22
21
12
82
-2171
3665
16614528
-32
13
19
99
-2219
3690
16615553
-38
-2
34
64
-2256
3722
16616578
-46
-16
-1
42
-2170
3675
16617603
-37
-27
2
139
-2277
3641
16618628
49
-37
66
200
-2320
3566
16619653
87
-32
91
-121
-2196
3587
16620678
99
-39
5
68
-2199
3601
16621703
150
-18
-22
103
-2082
3735
16622728
66
-7
-35
111
-2192
3776
16623753
31
28
-33
195
-2104
3854
16624778
-35
78
16
126
-1933
3796
16625803
-179
63
38
14
-2202
3566
16626828
-124
26
1
64
-2242
3545
16627853
-46
-6
-9
83
-2181
3740
16628878
-100
-40
9
39
-2354
3767
16629903
-80
-46
-33
71
-2268
3719
16622720
17
-53
46
286
-2300
3506
16623745
77
-60
110
-189
-2430
3428
16624770
180
-78
-2
102
-2463
3554
16625795
368
-11
-27
136
-1992
3835
16626820
179
44
-21
137
-2045
3996
16627845
-17
109
18
232
-1900
3987
16628870
-168
114
56
11
-1866
3605
16629895
-222
56
20
-12
-2175
3439
16630920
-104
2
-31
98
-2184
3558
16631945
-51
-27
-44
41
-2158
3655
16632970
-74
-46
-40
2
-2285
3708
16633995
-61
-56
-38
28
-2385
3690
16635020
-4
-37
-26
85
-2368
3751
16636045
20
-12
-4
131
-2336
3719
16637070
45
7
12
127
-2254
3671
16638095
64
13
25
110
-2159
3645
16630912
64
4
26
77
-2114
3632
16631937
53
-8
13
79
-2091
3661
16632962
30
-13
2
79
-2092
3703
16633987
-12
-17
-5
71
-2128
3728
16635012
-55
-10
-5
91
-2170
3746
16636037
-90
0
-2
82
-2239
3699
16637062
-81
6
-1
82
-2249
3663
16638087
-62
2
6
90
-2275
3623
16639112
-20
-6
7
81
-2278
3622
16640137
30
-8
7
81
-2234
3650
16641162
53
-11
8
79
-2227
3673
16642187
58
-12
7
86
-2179
3707
16643212
38
-10
6
96
-2153
3703
16644237
11
-8
4
87
-2177
3697
16645262
1
-6
-1
97
-2151
3695
16646287
-24
-3
1
100
-2170
3687
16639104
-40
-2
3
90
-2208
3667
16640129
-30
-2
2
92
-2209
3666
16641154
-24
-4
3
83
-2244
3667
16642179
-8
-2
5
92
-2233
3677
16643204
3
0
6
100
-2232
3680
16644229
15
-1
8
91
-2198
3685
16645254
9
-4
12
74
-2171
3671
16646279
6
-4
13
76
-2193
3657
16647304
16
-3
4
70
-2173
3673
16648329
4
-5
0
81
-2168
3698
16649354
-20
-6
-1
93
-2193
3696
16650379
-38
-5
0
88
-2213
3693
16651404
-36
-1
3
96
-2240
3687
16652429
-24
0
4
88
-2234
3651
16653454
-7
-2
8
89
-2235
3643
16654479
16
-5
9
76
-2217
3650
16647297
32
-7
8
68
-2188
3666
16648322
27
-10
6
76
-2202
3689
16649347
20
-9
0
90
-2170
3701
16650372
3
-8
1
98
-2181
3690
16651397
-12
-6
3
88
-2188
3692
16652422
-20
-4
6
89
-2202
3678
16653447
-19
1
9
90
-2215
3674
16654472
-12
1
9
72
-2205
3674
16655497
-15
-4
8
59
-2204
3663
16656522
-8
-9
4
66
-2214
3654
16657547
5
-8
1
83
-2220
3675
16658572
9
-6
2
91
-2204
3690
16659597
0
-6
4
93
-2199
3678
16660622
-8
-5
5
89
-2208
3667
16661647
-6
-7
2
83
-2210
3663
16662672
3
-8
0
91
-2200
3671
16655489
-3
-5
2
109
-2201
3688
16656514
-8
-2
4
100
-2228
3672
16657539
6
4
4
97
-2199
3706
16658564
-8
6
7
85
-2180
3667
16659589
-21
0
7
72
-2216
3638
16660614
-4
-3
4
85
-2209
3662
16661639
2
-1
4
83
-2204
3686
16662664
-6
-3
5
88
-2221
3662
16663689
0
0
5
94
-2235
3676
16664714
8
5
7
87
-2205
3696
16665739
-2
4
6
74
-2201
3667
16666764
-2
0
9
75
-2195
3653
16667789
1
-3
8
73
-2195
3700
16668814
0
-14
16
52
-2272
3770
16669839
-26
-34
-20
84
-2242
3776
16670864
42
-13
-8
297
-2205
3668
16663681
144
-3
97
-89
-1862
3508
16664706
-136
-62
44
-65
-2483
3381
16665731
150
-63
-29
174
-2468
3561
16666756
321
-30
-48
102
-2140
3861
16667781
141
5
-35
175
-2045
4009
16668806
-38
88
17
201
-2000
3989
16669831
-151
118
66
53
-1944
3647
16670856
-207
75
53
-3
-2204
3459
16671881
-112
2
12
63
-2242
3568
16672906
4
-33
-43
53
-2156
3627
16673931
54
-45
-43
51
-2129
3686
16674956
-41
-70
19
20
-2250
3581
16675981
-17
-69
8
-21
-2463
3612
16677006
146
-55
-27
151
-2353
3732
16678031
180
-16
-20
133
-2145
3836
16679056
52
15
4
144
-2106
3814
16671872
-18
52
18
133
-2072
3729
16672897
-19
64
30
68
-2007
3669
16673922
-70
41
8
88
-2056
3656
16674947
-93
13
-13
88
-2067
3642
16675972
-114
-7
-20
39
-2159
3658
16676997
-118
-24
-24
35
-2307
3651
16678022
-63
-28
-24
38
-2352
3670
16679047
-6
-21
-16
86
-2307
3711
16680072
18
-14
-3
101
-2333
3683
16681097
66
-1
8
113
-2226
3705
16682122
70
6
19
110
-2146
3677
16683147
54
0
20
93
-2147
3646
16684172
58
-7
13
100
-2075
3666
16685197
29
-11
5
98
-2121
3696
16686222
5
-6
-3
90
-2117
3762
16687247
-52
-4
-3
73
-2110
3731
16680063
-99
-4
2
56
-2232
3676
16681088
-74
-1
2
67
-2244
3671
16682113
-46
-2
1
79
-2254
3644
16683138
-16
-11
0
90
-2284
3634
16684163
29
-18
0
93
-2227
3640
16685188
57
-23
-1
99
-2257
3676
16686213
85
-12
2
116
-2180
3761
16687238
44
0
10
106
-2119
3744
16688263
3
7
15
93
-2112
3689
16689288
-17
4
13
80
-2108
3675
16690313
-35
-6
3
70
-2132
3643
16691338
-33
-12
-5
84
-2185
3677
16692363
-35
-14
-7
83
-2225
3692
16693388
-29
-11
-5
97
-2242
3715
16694413
-27
-4
3
101
-2237
3684
16695438
-18
-1
6
101
-2255
3659
16688256
11
-1
7
93
-2195
3667
16689281
19
-5
11
91
-2192
3662
16690306
28
-6
9
91
-2149
3682
16691331
17
-7
6
82
-2175
3678
16692356
12
-9
0
82
-2155
3689
16693381
-7
-9
-1
99
-2195
3701
16694406
-18
-5
0
108
-2183
3709
16695431
-30
-3
1
95
-2221
3679
16696456
-15
-2
2
94
-2203
3677
16697481
-10
-3
5
93
-2218
3664
16698506
6
-5
4
72
-2193
3662
16699531
18
-8
3
81
-2191
3675
16700556
19
-9
1
81
-2180
3686
16701581
11
-9
0
99
-2189
3693
16702606
7
-5
-1
94
-2175
3707
16703631
-7
-4
1
99
-2178
3702
16696448
-23
-1
3
104
-2198
3689
16697473
-21
2
6
97
-2186
3674
16698498
-17
-1
8
87
-2196
3666
16699523
-6
-4
7
89
-2178
3669
16700548
-5
-6
5
73
-2199
3668
16701573
0
-8
-1
84
-2193
3680
16702598
-2
-9
-3
101
-2192
3699
16703623
-17
-10
-2
119
-2223
3686
16704648
-13
-4
3
127
-2234
3690
16705673
4
2
9
115
-2208
3676
16706698
15
1
14
106
-2192
3662
16707723
20
1
15
87
-2162
3671
16708748
15
-1
9
74
-2165
3672
16709773
10
-4
2
81
-2159
3692
16710798
-17
-4
-1
92
-2171
3706
16711823
-36
-5
-1
102
-2211
3684
16704640
-28
-2
3
96
-2213
3686
16705665
-23
2
5
84
-2227
3677
16706690
-7
4
8
91
-2220
3665
16707715
2
5
13
83
-2204
3674
16708740
4
3
12
76
-2184
3673
16709765
2
2
11
76
-2160
3669
16710790
-8
-3
6
73
-2165
3652
16711815
-6
-9
-1
81
-2192
3656
16712840
-2
-13
-3
92
-2199
3695
16713865
-16
-12
2
113
-2222
3740
16714890
-42
-14
28
94
-2334
3790
16715915
-48
-31
-2
51
-2186
3685
16716940
-27
-40
17
244
-2092
3577
16717965
-32
-26
79
-14
-2191
3650
16718990
-46
-37
20
37
-2361
3475
16720015
144
-39
-12
103
-2302
3579
16712832
189
-36
-34
106
-2208
3790
16713857
108
7
-36
177
-2183
3896
16714882
22
77
0
172
-1924
3879
16715907
-146
91
45
66
-1984
3622
16716932
-208
46
29
16
-2234
3506
16717957
-100
-17
8
80
-2281
3618
16718982
-10
-43
-35
79
-2160
3639
16720007
-3
-40
-22
146
-2201
3666
16721032
-35
-52
43
-28
-2345
3633
16722057
1
-54
-10
50
-2467
3586
16723082
157
-22
-16
176
-2298
3758
16724107
133
-4
-6
123
-2245
3727
16725132
121
21
-6
176
-2216
3745
16726157
121
78
32
155
-1863
3846
16727182
-63
80
59
13
-1916
3700
16728207
-171
40
30
81
-2131
3572
16721176
-112
12
-1
75
-2057
3590
16722201
-110
-11
-11
43
-2201
3641
16723226
-116
-30
-17
12
-2327
3676
16724251
-93
-32
-14
41
-2347
3704
16725276
-68
-22
-7
74
-2405
3680
16726301
-9
-10
5
99
-2363
3660
16727326
37
1
20
108
-2239
3652
16728351
40
-1
28
92
-2211
3611
16729376
62
-10
21
73
-2176
3616
16730401
71
-22
6
86
-2132
3669
16731426
38
-22
2
141
-2165
3731
16732451
-5
-10
2
145
-2186
3727
16733476
-47
1
5
105
-2207
3702
16734501
-74
5
4
54
-2255
3659
16735526
-69
1
-3
41
-2286
3630
16736551
-36
-6
-12
58
-2324
3604
16729216
29
-10
-17
98
-2325
3634
16730241
85
-8
-10
125
-2300
3654
16731266
126
-4
0
116
-2237
3674
16732291
143
3
8
121
-2152
3702
16733316
109
7
8
100
-2101
3703
16734341
58
3
3
74
-2101
3708
16735366
15
0
-7
105
-2106
3701
16736391
-14
2
-12
107
-2150
3687
16737416
-17
2
-13
113
-2184
3680
16738441
-5
7
-9
108
-2178
3690
16739466
-1
7
-5
93
-2213
3671
16740491
18
6
-4
79
-2154
3712
16741516
-7
7
-1
68
-2176
3686
16742541
-11
4
-4
48
-2188
3682
16743566
-7
1
-6
86
-2152
3668
16744591
-3
-3
-7
78
-2192
3656
16737408
15
-8
-9
104
-2143
3678
16738433
10
-6
-3
121
-2161
3702
16739458
3
-6
2
111
-2153
3708
16740483
-16
-4
4
91
-2157
3718
16741508
-41
-1
6
87
-2181
3702
16742533
-56
3
5
92
-2223
3683
16743558
-54
5
6
94
-2232
3686
16744583
-46
9
13
95
-2236
3684
16745608
-38
9
20
63
-2234
3650
16746633
-17
4
21
43
-2219
3643
16747658
-1
-5
16
58
-2239
3648
16748683
17
-10
8
70
-2239
3647
16749708
34
-10
5
72
-2248
3680
16750733
42
-11
6
63
-2217
3689
16751758
38
-14
7
61
-2208
3685
16752783
38
-12
2
69
-2187
3675
16745601
36
-15
-6
54
-2207
3677
16746626
42
-23
-17
74
-2143
3684
16747651
26
-27
-21
89
-2215
3683
16748676
43
-24
-20
122
-2203
3702
16749701
56
-14
-14
137
-2186
3728
16750726
50
-4
-4
117
-2166
3709
16751751
38
1
1
103
-2125
3699
16752776
19
0
3
89
-2132
3672
16753801
14
-4
2
91
-2109
3727
16754826
-1
0
1
119
-2112
3770
16755851
-27
10
5
94
-2144
3697
16756876
-40
20
3
105
-2183
3664
16757901
-20
23
-2
102
-2143
3688
16758926
-26
19
-4
131
-2118
3711
16759951
-51
14
2
103
-2146
3675
16760976
-50
2
1
90
-2154
3647
16753792
-34
-4
3
114
-2157
3682
16754817
-35
-8
15
112
-2182
3771
16755842
-48
-33
34
76
-2282
3725
16756867
-33
-27
0
171
-2141
3765
16757892
-65
-27
83
243
-2100
3655
16758917
-112
-26
102
-151
-2311
3437
16759942
40
-55
6
66
-2421
3417
16760967
246
-36
-15
142
-2270
3781
16761992
189
-9
-27
114
-2189
3886
16763017
77
47
-13
141
-2129
3926
16764042
-51
99
19
132
-1899
3844
16765067
-188
104
49
15
-2002
3585
16766092
-199
57
25
-24
-2168
3457
16767117
-89
6
-4
50
-2237
3653
16768142
-57
-39
-4
3
-2316
3799
16769167
-56
-64
-56
86
-2290
3750
4294952064
36
-78
58
192
-2203
3598
4294953089
-25
-72
89
-207
-2543
3461
4294954114
163
-63
9
129
-2514
3475
4294955139
342
-3
-5
98
-2066
3807
4294956164
161
22
5
110
-2024
3870
4294957189
28
47
3
134
-1993
3810
4294958214
5
63
6
142
-1828
3723
4294959239
-84
48
18
19
-1869
3596
4294960264
-155
-6
-14
60
-2148
3558
4294961289
-79
-33
-53
99
-2147
3662
4294962314
-79
-46
-51
78
-2216
3765
4294963339
-114
-40
-37
84
-2331
3765
4294964364
-83
-32
-25
93
-2419
3678
4294965389
7
-2
-4
148
-2347
3762
4294966414
24
17
20
141
-2255
3688
143
40
17
31
111
-2223
3604
4294960255
92
7
27
101
-2150
3632
4294961280
101
-5
17
85
-2063
3678
4294962305
59
-11
12
100
-2077
3726
4294963330
23
-9
6
82
-2086
3735
4294964355
-22
-6
4
83
-2117
3728
4294965380
-59
3
5
88
-2187
3724
4294966405
-68
8
7
83
-2200
3710
134
-74
11
11
71
-2228
3689
1159
-66
5
13
56
-2251
3633
2184
-33
-3
12
53
-2274
3613
3209
22
-8
7
57
-2236
3657
4234
45
-13
6
58
-2194
3688
5259
39
-14
7
64
-2200
3684
6284
37
-13
5
77
-2164
3702
7309
27
-13
2
86
-2174
3704
8334
13
-9
-2
102
-2149
3713
1152
-11
-6
-2
92
-2149
3700
2177
-26
-5
1
92
-2167
3683
3202
-28
-5
2
87
-2203
3678
4227
-14
-5
1
69
-2180
3679
5252
-18
-9
2
79
-2221
3665
6277
3
-8
-1
83
-2190
3689
7302
3
-10
-1
85
-2188
3683
8327
2
-12
-1
97
-2213
3670
9352
19
-14
-2
107
-2187
3665
10377
31
-9
-1
123
-2197
3699
11402
33
-5
3
113
-2170
3710
12427
20
-4
6
105
-2162
3700
13452
16
-1
10
98
-2144
3703
14477
9
1
11
73
-2164
3683
15502
8
1
6
78
-2146
3702
16527
-9
-1
0
91
-2148
3707
9344
-27
-1
-1
95
-2190
3689
10369
-23
-2
1
96
-2206
3689
11394
-12
1
4
85
-2205
3692
12419
-2
3
6
86
-2186
3679
13444
4
3
9
80
-2162
3687
14469
2
0
8
63
-2165
3673
15494
-2
-5
5
58
-2180
3675
16519
-1
-8
-1
74
-2173
3686
17544
-4
-12
-4
78
-2172
3701
18569
-12
-13
-1
84
-2205
3689
19594
-8
-10
0
102
-2204
3689
20619
3
-8
1
92
-2198
3685
21644
11
-10
3
82
-2183
3686
22669
12
-14
1
77
-2172
3687
23694
10
-12
1
95
-2170
3699
24719
5
-10
-1
102
-2184
3698
17536
7
-9
-3
101
-2182
3710
18561
2
-8
-6
102
-2185
3706
19586
3
3
-10
115
-2183
3714
20611
-9
25
-1
113
-2139
3753
21636
-59
36
12
105
-2168
3726
22661
-69
29
4
96
-2175
3606
23686
-25
24
4
100
-2178
3628
24711
-5
20
1
77
-2175
3666
25736
-3
17
1
85
-2170
3696
26761
-5
12
6
74
-2187
3688
27786
-9
7
10
70
-2220
3700
28811
-6
6
11
83
-2222
3681
29836
1
0
12
65
-2199
3714
30861
-19
-16
29
70
-2145
3843
31886
-102
-43
33
63
-2221
3758
32911
-59
-65
2
154
-2245
3476
25728
168
-120
112
8
-2110
3467
26753
54
-87
58
-96
-2422
3595
27778
203
-77
-22
156
-2270
3644
28803
275
-15
-41
122
-2114
3919
29828
74
19
-36
164
-2026
3884
30853
-67
85
-27
215
-2105
3892
31878
-85
136
11
160
-1757
3802
32903
-252
106
45
-29
-1946
3524
33928
-267
23
12
-21
-2281
3472
34953
-125
-45
-28
56
-2298
3735
35978
-73
-71
-76
74
-2224
3877
37003
-90
-122
59
200
-2185
3588
38028
-75
-146
142
-125
-2806
3383
39053
247
-116
52
183
-3072
3424
40078
599
-2
42
131
-2003
3823
41103
282
89
66
137
-1833
3984
33920
23
129
72
99
-1844
3812
34945
-64
123
53
83
-1836
3687
35970
-12
79
29
84
-1688
3569
36995
-91
9
-19
-28
-1804
3546
38020
-182
-53
-79
36
-2058
3677
39045
-201
-58
-108
56
-2089
3886
40070
-304
-53
-106
75
-2352
3824
41095
-295
-32
-85
112
-2575
3714
42120
-161
5
-45
142
-2551
3672
43145
-65
23
-1
113
-2455
3596
44170
27
22
28
96
-2373
3540
45195
153
9
31
69
-2235
3556
46220
207
-13
27
61
-2150
3628
47245
192
-26
15
69
-2052
3705
48270
128
-26
4
93
-2047
3775
49295
38
-16
2
101
-2063
3802
42112
-64
-9
-1
91
-2083
3745
43137
-122
1
2
89
-2140
3692
44162
-136
2
0
82
-2229
3639
45187
-105
-6
-7
86
-2263
3626
46212
-70
-11
-6
102
-2295
3652
47237
-33
-12
-1
88
-2341
3651
48262
23
-10
4
91
-2287
3659
49287
46
-9
13
93
-2246
3658
50312
64
-8
14
88
-2212
3663
51337
77
-6
12
98
-2125
3689
52362
39
-7
11
88
-2120
3688
53387
4
-9
5
91
-2138
3674
54412
-16
-10
-2
96
-2186
3688
55437
-27
-8
-7
104
-2207
3709
56462
-38
-4
-2
104
-2207
3693
57487
-43
2
4
100
-2260
3662
50304
-17
1
5
85
-2230
3651
51329
5
-1
11
91
-2236
3674
52354
19
-2
12
77
-2213
3668
53379
24
-1
10
69
-2204
3675
54404
27
0
7
79
-2162
3678
55429
11
-3
6
97
-2184
3678
56454
4
-4
4
94
-2185
3675
57479
2
1
6
108
-2182
3707
58504
-19
6
10
94
-2183
3705
59529
-45
6
10
72
-2204
3665
60554
-44
2
8
70
-2229
3651
61579
-28
-1
5
69
-2235
3660
62604
-21
-2
4
68
-2239
3666
63629
-13
-4
2
80
-2233
3646
64654
6
-7
0
100
-2246
3642
65679
35
-8
-1
103
-2211
3664
58496
38
-7
2
107
-2200
3671
59521
30
-4
6
100
-2189
3689
60546
17
-3
6
92
-2170
3696
61571
-7
-2
8
88
-2183
3685
62596
-23
-3
10
66
-2204
3667
63621
-21
-6
6
78
-2194
3657
64646
-10
-3
5
83
-2215
3666
65671
-6
-11
-3
73
-2228
3644
66696
8
-36
-13
78
-2286
3580
67721
78
-49
-27
136
-2365
3674
68746
128
20
10
191
-2140
3997
69771
-44
57
39
63
-2023
3763
70796
-135
41
31
92
-2206
3548
71821
-47
32
20
103
-2135
3570
72846
-26
16
10
62
-2164
3629
73871
-30
6
2
40
-2211
3695
66688
-47
0
7
32
-2249
3768
67713
-98
-12
3
21
-2279
3810
68738
-118
-13
-46
82
-2348
3671
69763
127
-25
-34
134
-2304
3374
70788
223
-95
110
113
-2206
3445
71813
129
-62
57
-121
-2349
3681
72838
233
-64
-12
145
-2168
3678
73863
252
-5
-19
120
-2069
3892
74888
46
7
-26
121
-2056
3789
75913
-42
58
-33
233
-2066
3879
76938
-73
118
11
136
-1747
3864
77963
-304
82
32
-22
-2052
3560
78988
-298
17
0
78
-2371
3588
80013
-150
-20
-24
64
-2361
3736
81038
-22
-22
-73
125
-2182
3752
82063
39
-98
99
126
-2212
3388
74880
-42
-117
100
-293
-2751
3250
75905
295
-105
2
218
-2717
3555
76930
493
-9
-7
113
-1985
3959
77955
176
29
15
101
-2010
3952
78980
19
60
22
166
-1980
3825
80005
18
79
13
144
-1718
3730
81030
-74
56
13
99
-1762
3619
82055
-185
13
-14
41
-2016
3599
83080
-196
-19
-55
85
-2161
3673
84105
-185
-21
-65
40
-2229
3776
85130
-223
-24
-54
22
-2356
3723
86155
-182
-23
-39
55
-2499
3630
87180
-51
-1
-17
111
-2446
3669
88205
18
5
10
114
-2394
3620
89230
98
2
22
93
-2307
3602
90255
171
-7
23
80
-2167
3627
83111
174
-19
19
91
-2105
3666
84136
150
-25
10
104
-2086
3710
85161
103
-17
4
111
-2009
3793
86186
-10
-8
4
85
-2029
3784
87211
-101
-4
-2
86
-2120
3713
88236
-129
1
-5
95
-2172
3685
89261
-136
-1
-5
87
-2245
3641
90286
-98
-8
-5
86
-2303
3615
91311
-32
-11
-1
94
-2308
3639
92336
18
-11
5
88
-2299
3669
93361
49
-10
10
73
-2260
3668
94386
67
-9
11
92
-2209
3674
95411
73
-7
8
93
-2151
3679
96436
55
-8
4
98
-2132
3689
97461
31
-6
1
113
-2124
3719
98486
-10
-2
2
107
-2124
3708
91264
-42
0
2
92
-2166
3687
92289
-51
-3
-1
94
-2203
3672
93314
-46
-1
0
105
-2230
3673
94339
-31
2
2
95
-2238
3663
95364
-11
-1
4
86
-2224
3660
96389
5
-5
6
84
-2222
3654
97414
26
-8
5
85
-2190
3662
98439
32
-8
5
93
-2198
3687
99464
29
-7
4
98
-2147
3704
100489
3
-7
6
104
-2177
3689
101514
-4
-3
5
109
-2169
3687
102539
-12
1
4
116
-2166
3691
103564
-27
3
6
106
-2202
3677
104589
-26
1
5
90
-2187
3660
105614
-21
-2
7
80
-2201
3669
106639
-11
-3
8
66
-2203
3667
99456
-4
-5
3
81
-2225
3664
100481
6
-8
-3
98
-2207
3676
101506
5
-8
-2
118
-2219
3689
102531
8
-6
2
117
-2216
3684
103556
11
-2
8
120
-2217
3689
104581
16
3
12
90
-2180
3675
105606
13
2
12
82
-2151
3677
106631
2
-1
9
75
-2148
3672
107656
-8
-6
4
69
-2164
3668
108681
-18
-9
-3
73
-2199
3687
109706
-21
-15
-7
81
-2228
3685
110731
-10
-18
-7
110
-2271
3675
111756
17
-3
1
123
-2244
3709
112781
15
23
10
115
-2200
3733
113806
0
23
18
81
-2186
3644
114831
11
24
17
90
-2145
3666
107648
-10
24
15
92
-2137
3673
108673
-28
19
10
76
-2142
3666
109698
-35
10
4
68
-2160
3658
110723
-44
3
0
71
-2197
3672
111748
-46
-4
0
69
-2230
3653
112773
-25
-13
-3
77
-2268
3712
113798
-44
-15
11
104
-2270
3869
114823
-105
-28
-23
23
-2228
3654
115848
82
-96
36
287
-2193
3401
116873
135
-59
118
-110
-2206
3685
117898
48
-93
25
69
-2628
3393
118923
391
-37
-5
161
-2228
3741
119948
327
10
-11
103
-1899
3990
120973
8
28
-8
146
-1988
3881
121998
-74
62
-19
140
-1992
3754
123023
-103
78
-18
134
-1815
3734
115841
-239
55
0
79
-1972
3597
116866
-278
13
-14
15
-2232
3526
117891
-190
-26
-28
43
-2346
3717
118916
-135
-42
-33
60
-2408
3809
119941
-68
-28
-48
160
-2381
3795
120966
30
-44
104
121
-2221
3546
121991
-20
-70
93
-156
-2696
3215
123016
346
-88
6
205
-2665
3463
124041
594
-25
-12
125
-1961
3897
125066
299
20
7
146
-1811
4000
126091
1
66
10
191
-1933
3949
127116
-65
108
13
182
-1678
3844
128141
-229
82
28
31
-1675
3566
129166
-350
17
-5
9
-2136
3466
130191
-248
-25
-56
73
-2263
3587
131216
-167
-33
-65
35
-2329
3749
124032
-178
-30
-47
45
-2453
3761
125057
-135
-31
-36
61
-2553
3617
126082
18
-5
-1
164
-2516
3693
127107
109
16
32
137
-2340
3649
128132
156
13
44
86
-2220
3572
129157
212
-1
36
83
-2070
3616
130182
193
-14
21
84
-1984
3694
131207
107
-22
4
100
-2015
3760
132232
17
-17
-5
100
-2019
3807
133257
-93
-4
-6
98
-2096
3787
134282
-164
4
-8
92
-2184
3702
135307
-172
10
-4
96
-2252
3646
136332
-130
6
2
94
-2323
3601
137357
-44
-3
6
85
-2329
3609
138382
29
-12
9
70
-2309
3619
139407
84
-16
9
79
-2270
3658
132223
114
-14
8
86
-2186
3708
133248
93
-11
8
95
-2131
3717
134273
56
-9
8
112
-2109
3714
135298
15
-5
7
110
-2097
3704
136323
-23
-3
2
109
-2126
3698
137348
-50
-2
1
103
-2153
3691
138373
-62
-2
2
83
-2204
3676
139398
-48
-2
3
71
-2195
3676
140423
-42
-5
5
69
-2254
3654
141448
-9
-5
1
90
-2248
3667
142473
5
-8
0
99
-2220
3684
143498
11
-6
3
102
-2213
3682
144523
16
-8
7
96
-2219
3661
145548
28
-4
8
112
-2203
3693
146573
29
-3
9
100
-2152
3683
147598
20
-3
9
102
-2155
3693
140417
2
-4
9
81
-2120
3688
141442
-26
-5
4
81
-2187
3673
142467
-24
-4
-4
85
-2177
3683
143492
-38
-5
-2
96
-2216
3681
144517
-36
-5
3
99
-2234
3674
145542
-22
-2
6
99
-2241
3647
146567
5
-2
7
97
-2239
3659
147592
28
-5
9
92
-2201
3661
148617
36
-7
9
93
-2200
3683
149642
37
-2
8
98
-2143
3705
150667
8
2
9
95
-2147
3703
151692
-16
3
6
86
-2153
3690
152717
-33
1
4
83
-2176
3674
153742
-36
-2
2
84
-2210
3668
154767
-32
-5
0
78
-2230
3671
155792
-20
-4
2
77
-2247
3662
148608
2
-4
3
89
-2239
3669
149633
21
-4
7
91
-2214
3659
150658
30
-5
9
91
-2188
3663
151683
32
-8
8
91
-2167
3674
152708
27
-7
4
84
-2158
3682
153733
12
-7
3
99
-2152
3703
154758
-12
-6
4
105
-2173
3706
155783
-28
-2
4
109
-2188
3694
156808
-30
0
5
105
-2198
3670
157833
-23
0
5
96
-2222
3671
158858
-11
-1
7
90
-2200
3679
159883
-10
0
9
82
-2205
3667
160908
-4
0
5
71
-2208
3667
161933
-5
-4
-1
88
-2195
3670
162958
-14
-6
-4
110
-2216
3677
163983
-8
-3
-1
104
-2210
3696
156902
-9
2
7
100
-2226
3681
157927
3
0
17
82
-2291
3695
158952
28
-39
-8
31
-2153
3679
159977
-22
-42
-13
225
-2017
3832
161002
-97
-23
74
88
-2005
3595
162027
-177
-35
52
-93
-2435
3398
163052
50
-57
-8
144
-2537
3474
164077
255
-28
-33
90
-2204
3777
165102
173
-6
-32
147
-2227
3858
166127
104
43
-16
157
-2077
3868
167152
-11
87
32
136
-1868
3790
168177
-168
67
47
18
-2075
3543
169202
-143
17
8
90
-2195
3540
170227
-76
-25
-4
68
-2207
3741
171252
-84
-51
-48
90
-2215
3807
172277
-74
-56
53
287
-2203
3741
164993
-58
-47
90
-251
-2278
3340
166018
8
-109
10
108
-2968
3231
167043
489
-47
-29
203
-2371
3773
168068
459
23
-29
119
-1901
4037
169093
102
68
18
174
-1927
3984
170118
-61
97
28
150
-1865
3768
171143
-110
84
24
94
-1688
3580
172168
-222
25
0
33
-1968
3474
173193
-198
-19
-44
76
-2153
3609
174218
-168
-34
-56
58
-2246
3760
175243
-199
-39
-50
41
-2401
3733
176268
-158
-35
-38
92
-2530
3679
177293
-31
-4
-4
161
-2524
3684
178318
72
15
26
122
-2427
3627
179343
160
18
37
92
-2189
3628
180368
176
6
39
58
-2068
3607
173184
161
-12
20
60
-2050
3651
174209
118
-21
-4
113
-1991
3744
175234
16
-21
-13
109
-2032
3772
176259
-70
-13
-15
116
-2147
3775
177284
-119
3
-9
124
-2157
3748
178309
-155
8
0
107
-2263
3653
179334
-108
7
2
94
-2285
3613
180359
-41
-1
8
62
-2273
3606
181384
15
-14
6
54
-2309
3607
182409
77
-18
2
83
-2257
3680
183434
88
-17
1
88
-2191
3708
184459
69
-12
4
114
-2167
3725
185484
40
-7
6
129
-2121
3704
186509
2
-4
6
125
-2128
3686
187534
-19
-3
5
110
-2140
3680
188559
-25
-5
2
98
-2177
3691
181376
-27
-5
-2
99
-2175
3691
182401
-39
-2
-1
100
-2228
3681
183426
-33
2
3
103
-2225
3684
184451
-20
5
7
101
-2227
3675
185476
-11
-2
8
92
-2220
3647
186501
4
-5
7
92
-2222
3646
187526
29
-7
3
91
-2196
3672
188551
31
-9
2
101
-2177
3701
189576
14
-8
4
101
-2166
3693
190601
3
-5
3
112
-2175
3685
191626
-3
-3
3
114
-2165
3683
192651
-13
-3
3
109
-2195
3700
193676
-21
0
6
111
-2168
3690
194701
-34
2
8
93
-2221
3668
195726
-20
0
6
91
-2209
3662
196751
-9
-2
7
97
-2228
3656
189568
10
-4
6
90
-2218
3669
190593
25
-8
6
77
-2186
3681
191618
22
-8
6
88
-2181
3685
192643
7
-8
1
103
-2191
3683
193668
0
-7
-4
122
-2182
3695
194693
-9
-3
0
123
-2191
3692
195718
-14
-1
6
125
-2219
3686
196743
-5
4
10
116
-2200
3673
197768
4
4
12
94
-2191
3664
198793
8
1
10
76
-2165
3675
199818
-4
-2
8
71
-2162
3665
200843
-13
-5
4
71
-2204
3670
201868
-8
-8
-3
88
-2199
3677
202893
-10
-9
-3
108
-2214
3691
203918
-15
-5
4
108
-2220
3675
204943
-5
-3
7
110
-2219
3672
197759
7
-4
7
105
-2203
3682
198784
5
-6
8
97
-2190
3673
199809
6
-4
6
101
-2198
3682
200834
2
2
6
97
-2180
3710
201859
-19
7
6
90
-2185
3686
202884
-20
0
0
84
-2209
3625
203909
18
-6
-17
94
-2292
3593
204934
90
16
-19
138
-2223
3811
205959
17
57
21
136
-2092
3906
206984
-124
57
31
72
-2137
3641
208009
-106
34
15
55
-2154
3481
209034
-22
5
-3
63
-2224
3534
210059
35
-11
-8
80
-2192
3719
211084
-13
-25
9
61
-2208
3833
212109
-79
-44
10
58
-2283
3747
213134
-76
-53
9
112
-2271
3688
205952
2
-18
4
296
-2321
3658
206977
108
-43
141
-94
-1987
3444
208002
4
-74
33
-72
-2581
3339
209027
342
-68
-38
171
-2324
3673
210052
393
-11
-57
124
-1996
4014
211077
103
47
-20
204
-1958
4086
212102
-137
105
16
186
-1881
3896
213127
-260
103
45
24
-1885
3523
214152
-287
43
18
29
-2218
3409
215177
-169
-21
-12
72
-2230
3643
216202
-128
-58
-44
63
-2296
3761
217227
-51
-61
-35
234
-2258
3776
218252
-27
-92
109
-109
-2298
3409
219277
-3
-113
19
-56
-2983
3324
220302
472
-61
-35
249
-2424
3724
221327
498
36
-23
128
-1881
4068
214144
89
82
33
185
-1842
4032
215169
-132
107
61
129
-1837
3713
216194
-145
72
45
19
-1803
3429
217219
-148
10
-8
67
-2028
3506
218244
-121
-34
-51
84
-2092
3669
219269
-140
-44
-55
45
-2248
3811
220294
-181
-45
-50
39
-2420
3752
221319
-146
-31
-40
86
-2473
3713
222344
-65
-1
-6
149
-2457
3675
223369
23
12
16
125
-2390
3601
224394
116
12
28
108
-2223
3608
225419
151
-2
30
79
-2127
3599
226444
154
-18
14
93
-2075
3655
227469
124
-25
1
99
-2027
3724
228494
54
-21
-5
103
-2080
3771
229519
-18
-9
-5
116
-2094
3804
222335
-101
7
0
102
-2117
3754
223360
-153
13
3
92
-2218
3659
224385
-128
9
4
96
-2265
3614
225410
-70
0
4
95
-2306
3597
226435
6
-7
4
82
-2293
3624
227460
59
-13
7
78
-2260
3667
228485
83
-10
11
69
-2198
3701
229510
67
-10
9
86
-2155
3689
230535
43
-9
1
111
-2143
3714
231560
9
-6
0
122
-2099
3721
232585
-37
-4
3
120
-2175
3683
233610
-40
-3
3
121
-2188
3671
234635
-31
-2
2
107
-2217
3659
235660
-13
0
4
96
-2195
3680
236685
-14
1
10
79
-2210
3678
237710
-12
2
10
68
-2215
3671
230529
-4
-1
7
79
-2204
3653
231554
5
-7
2
89
-2215
3654
232579
17
-11
0
94
-2201
3681
233604
10
-13
1
106
-2203
3683
234629
13
-9
1
117
-2216
3689
235654
15
-3
4
119
-2169
3692
236679
-2
0
7
118
-2185
3680
237704
2
2
6
109
-2176
3668
238729
2
3
7
78
-2171
3681
239754
-5
1
8
68
-2171
3682
240779
-16
-1
7
68
-2189
3684
241804
-28
-2
3
71
-2193
3681
242829
-34
-7
-1
84
-2236
3656
243854
-16
-8
-2
109
-2235
3651
244879
9
-10
1
110
-2236
3660
245904
32
-9
5
110
-2196
3675
238720
34
-8
7
109
-2182
3681
239745
26
-7
4
95
-2168
3699
240770
8
-5
3
91
-2152
3704
241795
-14
-4
3
93
-2188
3687
242820
-15
-6
2
115
-2206
3674
243845
-9
-6
2
111
-2209
3664
244870
7
-5
3
106
-2199
3677
245895
16
-5
7
93
-2167
3691
246920
7
-4
6
83
-2166
3679
247945
-6
-6
-2
91
-2185
3667
248970
-10
-9
-8
111
-2202
3689
249995
-13
-6
-3
123
-2232
3709
251020
-15
2
7
111
-2235
3695
252045
-11
10
14
103
-2208
3671
253070
2
10
16
94
-2189
3648
254095
10
8
17
90
-2164
3674
246911
-3
9
16
85
-2156
3706
247936
-25
7
12
70
-2155
3685
248961
-42
3
7
83
-2190
3655
249986
-36
-2
3
93
-2210
3659
251011
-25
-2
5
95
-2223
3675
252036
-17
-2
8
92
-2245
3669
253061
-14
-12
21
81
-2246
3768
254086
-36
-32
8
59
-2166
3732
255111
-72
-19
4
233
-2208
3746
256136
2
-34
97
162
-2290
3516
257161
27
-31
66
-184
-2242
3396
258186
140
-59
-15
126
-2358
3489
259211
296
-32
-45
86
-2177
3809
260236
197
-6
-62
146
-2081
3908
261261
44
55
-39
205
-2011
3980
262286
-117
94
14
148
-1845
3773
255105
-262
68
35
11
-2054
3457
256130
-209
18
0
65
-2246
3464
257155
-88
-23
-9
102
-2275
3763
258180
-80
-37
-32
61
-2334
3775
259205
-66
-34
-22
177
-2319
3652
260230
23
-46
95
9
-2436
3505
261255
103
-52
35
-32
-2568
3447
262280
340
-30
-9
176
-2241
3694
263305
341
10
-6
88
-1936
3905
264330
102
37
11
150
-1882
3922
265355
-68
68
23
138
-1847
3770
266380
-169
51
25
30
-1909
3559
267405
-213
10
-15
90
-2146
3572
268430
-158
-18
-42
112
-2193
3652
269455
-141
-22
-37
70
-2318
3711
270480
-121
-23
-21
81
-2448
3701
263296
-44
-24
-4
82
-2447
3626
264321
61
0
14
113
-2365
3706
265346
101
17
32
93
-2230
3676
266371
93
8
32
54
-2150
3598
267396
102
-11
15
77
-2090
3621
268421
93
-20
0
96
-2056
3712
269446
30
-20
-7
115
-2067
3751
270471
-42
-14
-5
124
-2141
3742
271496
-74
-4
-3
109
-2174
3709
272521
-89
5
5
93
-2234
3696
273546
-80
7
8
77
-2256
3660
274571
-52
5
9
77
-2256
3633
275596
-12
-1
9
63
-2263
3622
276621
32
-8
6
75
-2233
3646
277646
52
-14
5
84
-2229
3663
278671
63
-14
4
95
-2185
3703
271489
46
-10
3
103
-2161
3716
272514
22
-4
4
112
-2159
3709
273539
1
0
6
109
-2141
3698
274564
-22
-1
6
96
-2164
3669
275589
-26
-2
4
91
-2175
3660
276614
-21
-2
2
83
-2190
3674
277639
-22
-5
2
86
-2222
3672
278664
-15
-5
2
92
-2229
3673
279689
-2
-3
5
95
-2226
3676
280714
10
-1
7
88
-2224
3675
281739
20
-4
9
75
-2175
3666
282764
16
-8
10
80
-2181
3674
283789
20
-7
8
87
-2156
3683
284814
3
-7
3
82
-2172
3682
285839
-12
-9
-3
104
-2183
3694
286864
-27
-7
0
115
-2203
3695
279680
-25
-1
5
104
-2232
3692
280705
-12
2
7
100
-2206
3672
281730
-7
4
12
98
-2207
3677
282755
-2
2
13
69
-2189
3659
283780
5
-2
10
73
-2175
3660
284805
1
-4
7
76
-2178
3676
285830
-5
-5
2
84
-2186
3683
286855
-12
-6
0
100
-2191
3692
287880
-22
-2
4
102
-2196
3692
288905
-31
2
7
107
-2209
3673
289930
-24
2
9
96
-2221
3667
290955
-14
2
10
85
-2207
3664
291980
-11
0
10
79
-2216
3662
293005
-2
1
9
78
-2203
3678
294030
-3
-1
7
82
-2202
3674
295055
-6
-2
4
80
-2198
3667
287871
-9
-3
4
81
-2207
3668
288896
-7
-3
3
83
-2200
3684
289921
-10
-3
4
88
-2218
3681
290946
-7
-3
3
84
-2215
3667
291971
-6
-4
5
89
-2199
3670
292996
0
-4
7
81
-2185
3661
294021
-2
-8
10
85
-2199
3672
295046
-2
-9
6
77
-2215
3654
296071
5
-13
-3
93
-2238
3667
297096
14
-10
-7
95
-2222
3707
298121
2
-3
-7
93
-2257
3691
299146
18
9
-8
117
-2262
3714
300171
20
23
3
110
-2168
3725
301196
-9
27
9
81
-2160
3636
302221
0
23
10
61
-2168
3626
303246
10
20
2
51
-2144
3678
296064
-16
9
-6
66
-2151
3692
297089
-49
-1
-3
68
-2210
3695
298114
-63
-16
25
45
-2397
3769
299139
-19
-66
-11
17
-2251
3662
300164
113
-24
-38
332
-2115
3745
301189
92
-34
134
-9
-1892
3582
302214
-146
-77
59
-120
-2555
3266
303239
212
-88
-21
160
-2469
3468
304264
400
-30
-52
118
-2169
3959
305289
193
28
-32
166
-1998
4090
306314
-79
84
2
166
-1979
3930
307339
-166
112
41
103
-1878
3645
308364
-228
66
37
-6
-2071
3412
309389
-151
2
-9
78
-2247
3539
310414
-55
-57
-22
9
-2249
3748
311439
-51
-79
-73
103
-2207
3859
304257
-47
-78
57
220
-2201
3682
305282
-119
-75
71
-279
-2580
3297
306307
169
-100
-35
223
-2827
3426
307332
540
-8
-49
208
-2101
3910
308357
321
61
-8
137
-1890
4055
309382
-26
86
33
163
-1923
3897
310407
-76
101
40
108
-1771
3649
311432
-121
60
29
0
-1828
3494
312457
-164
2
-22
91
-2083
3563
313482
-116
-22
-48
111
-2103
3737
314507
-147
-27
-35
62
-2262
3808
315532
-176
-25
-22
60
-2400
3734
316557
-119
-14
-12
79
-2430
3667
317582
-20
15
9
133
-2376
3707
318607
30
31
31
109
-2248
3654
319632
47
23
41
50
-2160
3602
312448
69
1
33
25
-2056
3610
313473
45
-21
18
42
-2063
3662
314498
5
-27
1
76
-2080
3719
315523
-54
-22
-9
110
-2154
3749
316548
-96
-10
-6
133
-2184
3766
317573
-142
6
9
124
-2225
3734
318598
-158
15
19
112
-2320
3646
319623
-72
22
4
70
-2299
3613
320648
-36
16
20
58
-2243
3622
321673
-36
9
21
55
-2271
3608
322698
-17
0
21
34
-2272
3618
323723
5
-9
13
43
-2267
3635
324748
22
-13
6
67
-2274
3662
325773
27
-11
5
80
-2245
3684
326798
13
-9
8
87
-2244
3677
327823
4
-5
10
99
-2242
3665
320640
11
-3
8
96
-2241
3646
321665
22
-1
8
86
-2207
3675
322690
8
1
11
73
-2209
3676
323715
-3
1
8
58
-2207
3665
324740
-12
0
3
45
-2219
3651
325765
-14
-1
-2
68
-2216
3653
326790
-20
-2
-2
83
-2241
3656
327815
-9
-2
0
92
-2239
3661
328840
3
0
4
102
-2238
3660
329865
13
1
8
90
-2221
3652
330890
20
0
10
79
-2201
3651
331915
15
0
10
80
-2206
3652
332940
10
-3
10
70
-2192
3674
333965
-6
-3
11
81
-2171
3674
334990
-27
0
11
63
-2237
3665
336015
-26
2
9
65
-2212
3676
328833
-47
4
8
65
-2221
3672
329858
-62
3
7
56
-2269
3653
330883
-7
4
-2
69
-2276
3649
331908
1
4
3
18
-2169
3647
332933
-58
-4
3
55
-2298
3628
333958
-26
-9
-5
48
-2274
3628
334983
-12
-14
-7
68
-2291
3653
336008
-7
-14
-3
75
-2306
3653
337033
7
-10
0
93
-2303
3656
338058
24
-4
4
97
-2269
3652
339083
31
-1
11
81
-2236
3650
340108
32
-1
11
60
-2204
3641
341133
26
-4
6
57
-2209
3645
342158
20
-7
-3
61
-2208
3660
343183
6
-9
-7
67
-2235
3667
344208
-1
-5
-7
86
-2249
3681
337023
-1
2
-3
88
-2243
3674
338048
4
5
1
96
-2263
3643
339073
30
16
1
82
-2234
3641
340098
48
23
3
66
-2213
3672
341123
41
17
8
81
-2247
3687
342148
42
23
1
49
-2208
3643
343173
65
27
-4
72
-2298
3657
344198
108
54
3
82
-2168
3787
345223
31
64
18
80
-2156
3758
346248
-2
64
28
21
-2145
3595
347273
-5
27
12
6
-2155
3541
348298
-4
-3
1
26
-2166
3672
349323
-48
-35
10
-3
-2198
3826
350348
-86
-50
-21
71
-2318
3805
351373
33
-21
-6
173
-2306
3803
352398
95
-6
104
101
-1963
3603
345216
-137
-24
84
-269
-2240
3271
346241
-27
-85
-17
88
-2512
3304
347266
245
-64
-48
66
-2234
3698
348291
176
-8
-44
130
-2131
4129
349316
-18
66
7
168
-2126
4070
350341
-85
120
61
35
-2015
3657
351366
-142
81
70
-55
-2149
3410
352391
-107
1
20
19
-2236
3522
353416
-21
-49
-33
20
-2151
3746
354441
51
-71
-66
164
-2161
3852
355466
104
-102
96
91
-2129
3505
356491
-138
-171
67
-359
-2626
3052
357516
154
-177
-43
196
-2890
3447
358541
576
28
-32
268
-2209
4471
359566
254
161
57
272
-1671
4408
360591
-233
199
176
44
-1977
3625
353408
-221
133
169
-168
-2067
3133
354433
23
31
52
-25
-1906
3265
355458
139
-44
-41
-1
-1795
3588
356483
3
-119
-80
-91
-1973
3739
357508
-105
-156
-106
-80
-2258
3809
358533
-103
-104
-118
80
-2310
4042
359558
-191
-27
-88
194
-2324
4006
360583
-236
38
-45
157
-2402
3749
361608
-114
73
-8
133
-2275
3565
362633
-40
57
12
92
-2197
3497
363658
-14
8
11
24
-2211
3491
364683
52
-24
2
1
-2225
3600
365708
91
-37
-11
1
-2168
3726
366733
49
-39
-14
23
-2206
3759
367758
7
-25
-13
47
-2204
3778
368783
-42
-7
-4
71
-2170
3734
361600
-84
-1
2
101
-2236
3660
362625
-65
3
1
111
-2219
3640
363650
-42
-3
2
110
-2241
3613
364675
-3
-7
4
96
-2260
3635
365700
31
-6
5
84
-2220
3673
366725
26
-2
10
67
-2210
3711
367750
4
7
13
46
-2164
3713
368775
-32
12
14
39
-2182
3675
369800
-49
14
11
47
-2189
3666
370825
-52
11
6
52
-2187
3646
371850
-53
2
4
48
-2239
3642
372875
-29
-2
5
64
-2263
3651
373900
-18
-1
6
62
-2235
3657
374925
-23
-5
7
59
-2247
3640
375950
-6
-7
10
72
-2253
3657
376975
3
-2
11
64
-2198
3671
370099
-10
0
13
65
-2219
3676
371124
-21
2
12
48
-2195
3659
372149
-37
0
9
65
-2245
3661
373174
-29
4
6
68
-2254
3666
374199
-14
7
6
46
-2248
3646
375224
-29
3
10
51
-2270
3654
376249
-15
4
13
58
-2265
3644
377274
-9
0
15
32
-2240
3638
378299
-17
0
14
46
-2249
3655
379324
-13
-1
11
29
-2251
3640
380349
-12
-3
7
33
-2240
3661
381374
-21
-7
5
38
-2254
3646
382399
-20
-12
4
38
-2266
3640
383424
-16
-12
6
57
-2268
3654
384449
-17
-7
9
81
-2282
3655
385474
-3
-3
15
80
-2272
3649
377985
11
0
20
53
-2232
3651
379010
10
3
25
19
-2211
3652
380035
8
1
22
12
-2195
3636
381060
-11
-7
10
36
-2178
3636
382085
-41
-14
2
65
-2233
3647
383110
-41
-14
-2
91
-2283
3653
384135
-41
-11
0
106
-2309
3647
385160
-34
-6
7
103
-2341
3631
386185
4
-2
17
95
-2344
3633
387210
41
6
25
65
-2290
3638
388235
61
11
25
51
-2257
3638
389260
66
8
17
36
-2192
3632
390285
55
0
7
37
-2192
3640
391310
45
-6
-5
67
-2219
3654
392335
38
-2
-11
94
-2205
3697
393360
4
8
-4
99
-2205
3710
386177
-22
21
3
67
-2211
3697
387202
-38
30
10
31
-2198
3682
388227
-56
32
6
0
-2194
3649
389252
-52
27
-3
-2
-2217
3623
390277
-38
19
-11
-18
-2215
3613
391302
-53
1
-15
-3
-2265
3613
392327
-56
-12
-13
13
-2323
3631
393352
-30
-14
-8
39
-2348
3640
394377
2
-7
1
43
-2342
3648
395402
26
-3
9
24
-2282
3630
396427
36
-4
14
22
-2263
3616
397452
50
-8
11
28
-2215
3639
398477
42
-13
7
34
-2206
3653
399502
18
-13
3
46
-2213
3671
400527
-8
-11
3
60
-2242
3676
401552
-26
-5
5
68
-2286
3667
394368
-27
4
10
51
-2264
3668
395393
-37
8
17
10
-2268
3650
396418
-34
6
17
-6
-2280
3625
397443
-23
0
12
-14
-2263
3632
398468
-29
-8
5
-13
-2279
3624
399493
-18
-14
-1
4
-2301
3615
400518
9
-15
-5
21
-2291
3599
401543
47
-17
-6
39
-2281
3619
402568
75
-18
-7
55
-2233
3648
403593
68
-23
-8
64
-2237
3652
404618
60
-25
-10
105
-2218
3663
405643
46
-17
-3
118
-2217
3675
406668
26
-5
6
108
-2237
3694
407693
7
1
16
53
-2211
3702
408718
-26
3
22
15
-2199
3685
409743
-60
3
19
-8
-2227
3650
402560
-67
2
8
-7
-2271
3611
403585
-51
4
-14
33
-2283
3662
404610
-20
16
-13
101
-2296
3643
405635
35
11
20
34
-2255
3545
406660
65
-6
8
-1
-2152
3600
407685
53
-45
-2
55
-2235
3619
408710
77
-48
-18
95
-2272
3694
409735
70
-17
-8
108
-2206
3797
410760
-20
10
11
60
-2205
3771
411785
-88
22
25
40
-2220
3694
412810
-98
26
33
13
-2234
3623
413835
-80
14
21
-18
-2244
3588
414860
-51
-6
5
-12
-2247
3559
415885
-18
-19
-9
11
-2301
3537
416910
63
-19
-17
28
-2272
3619
417935
90
-21
-17
32
-2213
3721
410752
29
-31
-14
85
-2262
3700
411777
9
-20
-6
116
-2286
3680
412802
22
0
3
110
-2257
3679
413827
12
13
13
51
-2203
3706
414852
-35
8
21
1
-2206
3676
415877
-58
-3
21
-30
-2257
3640
416902
-58
-15
10
-13
-2267
3618
417927
-43
-20
-3
41
-2300
3579
418952
19
-17
-10
62
-2277
3551
419977
96
-15
-16
69
-2235
3577
421002
144
-21
-23
74
-2160
3683
422027
100
-31
-21
83
-2133
3751
423052
10
-33
-17
102
-2192
3733
424077
-28
-18
-10
108
-2260
3681
425102
-15
0
-6
72
-2251
3688
426127
-26
11
4
41
-2265
3725
418944
-64
3
16
-3
-2245
3659
419969
-81
-8
9
37
-2288
3634
420994
-33
-3
11
73
-2276
3636
422019
17
8
12
63
-2231
3567
423044
76
5
4
38
-2153
3554
424069
117
-13
-9
44
-2101
3631
425094
83
-29
-24
74
-2115
3763
426119
-18
-27
-24
123
-2175
3811
427144
-111
-5
-8
114
-2263
3741
428169
-130
21
12
83
-2323
3667
429194
-108
29
25
30
-2295
3657
430219
-97
15
33
-15
-2293
3616
431244
-60
-4
22
-5
-2295
3559
432269
-8
-18
17
11
-2297
3516
433294
80
-23
-7
66
-2233
3553
434319
129
-18
-16
81
-2153
3663
427135
96
-20
-19
99
-2151
3765
428160
1
-24
-17
122
-2185
3769
429185
-73
-8
-6
147
-2295
3708
430210
-68
18
9
121
-2293
3658
431235
-59
31
25
51
-2270
3664
432260
-65
20
36
-42
-2270
3634
433285
-67
-3
28
-23
-2320
3601
434310
-28
-8
9
53
-2342
3582
435335
37
0
-1
83
-2321
3571
436360
117
5
-1
191
-2212
3601
437385
150
13
25
94
-2050
3641
438410
86
-2
45
-153
-2051
3728
439435
-36
-43
12
-165
-2048
3769
440460
-173
-57
-32
-37
-2192
3686
441485
-210
-37
-63
169
-2392
3655
442510
-134
2
-72
289
-2475
3667
435328
-61
32
-16
298
-2403
3656
436353
-31
44
55
182
-2408
3589
437378
67
40
93
29
-2303
3531
438403
133
22
84
-93
-2142
3554
439428
96
-9
40
-145
-2116
3584
440453
47
-33
-22
-71
-2194
3638
441478
13
-45
-66
61
-2243
3698
442503
-12
-36
-65
168
-2311
3727
443528
-15
-11
-29
205
-2336
3730
444553
-11
12
15
156
-2303
3693
445578
-7
30
44
73
-2246
3653
446603
-14
31
49
-22
-2215
3615
447628
-23
19
30
-51
-2205
3599
448653
-23
5
3
-37
-2205
3605
449678
-24
-8
-14
14
-2254
3617
450703
-9
-17
-20
71
-2293
3617
443520
13
-20
-14
103
-2294
3642
444545
28
-15
-2
95
-2285
3669
445570
23
-9
10
73
-2255
3683
446595
-1
-4
17
46
-2249
3672
447620
-17
-2
17
41
-2243
3628
448645
-11
-5
12
53
-2236
3616
449670
8
-8
5
73
-2225
3618
450695
25
-9
-1
83
-2198
3631
451720
23
-11
-2
85
-2208
3666
452745
2
-10
1
89
-2231
3695
453770
-29
-4
7
91
-2256
3697
454795
-58
9
14
86
-2300
3686
455820
-60
20
22
72
-2284
3659
456845
-56
18
26
31
-2260
3591
457870
-27
12
17
12
-2268
3552
458895
18
-4
2
15
-2247
3579
451711
44
-16
-13
44
-2240
3658
452736
17
-21
-17
86
-2277
3690
453761
-6
-8
-8
114
-2324
3695
454786
-7
9
7
93
-2319
3669
455811
3
24
21
55
-2282
3667
456836
-4
25
31
17
-2235
3622
457861
-8
17
32
-10
-2249
3604
458886
2
10
21
-14
-2212
3632
459911
-5
-1
5
-10
-2242
3617
460936
-6
-9
-5
-14
-2232
3616
461961
-12
-19
-13
19
-2276
3626
462986
0
-20
-16
56
-2294
3651
464011
3
-18
-11
88
-2302
3659
465036
8
-11
-1
87
-2293
3649
466061
12
-7
9
60
-2273
3639
467086
19
-5
13
40
-2248
3649
459904
12
-5
16
27
-2213
3662
460929
-15
-7
12
21
-2219
3647
461954
-30
-10
3
37
-2238
3623
462979
-31
-13
-5
59
-2245
3604
464004
-12
-15
-10
73
-2280
3609
465029
20
-16
-11
81
-2273
3652
466054
17
-17
-11
96
-2286
3665
467079
13
-13
-7
110
-2291
3669
468104
16
-3
3
112
-2290
3656
469129
22
7
14
83
-2264
3657
470154
13
11
23
44
-2246
3670
471179
-5
14
25
17
-2212
3669
472204
-37
10
22
8
-2230
3628
473229
-38
7
11
20
-2260
3600
474254
-14
-2
1
31
-2258
3599
475279
14
-7
-4
30
-2253
3617
468097
25
-12
-6
52
-2278
3647
469122
24
-12
-8
81
-2279
3674
470147
12
-8
-3
105
-2291
3667
471172
6
2
7
87
-2285
3652
472197
4
5
18
23
-2285
3624
473222
22
-2
24
18
-2223
3651
474247
6
-7
26
-6
-2254
3617
475272
12
-13
17
-14
-2243
3648
476297
9
-18
3
16
-2196
3642
477322
-5
-19
-5
42
-2263
3602
478347
27
-16
-15
52
-2222
3619
479372
47
-18
-17
59
-2196
3674
480397
11
-28
-21
110
-2257
3662
481422
4
-26
-17
151
-2297
3678
482447
18
-7
-3
137
-2286
3687
483472
17
10
18
88
-2269
3701
476290
-4
18
33
23
-2197
3694
477315
-38
14
37
-21
-2207
3655
478340
-48
5
25
-40
-2204
3636
479365
-63
-11
5
9
-2248
3574
480390
-28
-16
-14
60
-2295
3539
481415
61
-15
-23
84
-2240
3589
482440
99
-17
-22
76
-2189
3725
483465
25
-32
-19
122
-2246
3735
484490
-16
-16
-7
163
-2332
3702
485515
10
13
9
135
-2292
3678
486540
10
33
27
73
-2216
3707
487565
-34
27
41
-6
-2185
3664
488590
-61
12
37
-36
-2232
3613
489615
-47
0
24
-35
-2234
3621
490640
-51
-17
3
16
-2282
3574
491665
-2
-19
-12
46
-2328
3553
484480
88
-14
-17
58
-2245
3595
485505
131
-13
-17
43
-2168
3708
486530
65
-31
-18
68
-2187
3715
487555
6
-29
-17
138
-2289
3695
488580
19
-6
-7
136
-2253
3701
489605
8
16
9
80
-2220
3733
490630
-40
19
26
22
-2215
3703
491655
-68
13
33
-13
-2246
3652
492680
-66
-1
27
-12
-2246
3609
493705
-44
-12
10
32
-2259
3556
494730
25
-9
-7
56
-2227
3538
495755
94
-12
-22
89
-2195
3601
496780
115
-17
-24
77
-2180
3761
497805
36
-32
-18
130
-2234
3779
498830
-24
-8
3
156
-2339
3741
499855
