Device = VHR-0009
time_stamp = 1777369336839
sample_rate = 50
Data format = INT16
TYPE = 6-AXIS IMU RAW DATA
6
-4
4
-347
723
4170
11265152
8
-4
4
-348
738
4172
11266177
1
-5
4
-340
726
4172
11267202
2
-7
4
-345
715
4173
11268227
10
-6
5
-344
720
4169
11269252
13
-7
3
-348
724
4163
11270277
15
-9
3
-350
727
4169
11271302
15
-10
3
-344
734
4176
11272327
9
-7
4
-340
735
4173
11273352
2
-3
4
-342
742
4169
11274377
-4
-5
3
-340
727
4168
11275402
-1
-7
2
-345
726
4164
11276427
2
-9
1
-342
726
4168
11277452
8
-8
1
-332
722
4173
11278477
12
-7
1
-330
747
4170
11279502
6
-4
3
-345
745
4166
11280527
-4
-6
3
-352
753
4163
11273344
-12
-8
2
-342
719
4167
11274369
-3
-10
1
-339
685
4167
11275394
20
-9
1
-345
713
4165
11276419
27
-10
0
-333
762
4166
11277444
8
-6
-1
-333
762
4172
11278469
-4
-2
0
-337
729
4167
11279494
6
-3
1
-343
728
4164
11280519
14
-5
3
-334
760
4168
11281544
-2
-7
0
-339
752
4167
11282569
-7
-5
0
-338
715
4163
11283594
8
-6
-1
-336
726
4168
11284619
19
-7
2
-341
747
4161
11285644
12
-9
2
-330
793
4156
11286669
-22
-10
-4
-342
738
4165
11287694
-4
-8
-1
-344
668
4165
11288719
34
-11
2
-328
763
4161
11281536
18
-11
-1
-332
771
4160
11282561
2
-8
-4
-344
734
4160
11283586
8
-7
-5
-340
739
4162
11284611
19
-10
-2
-341
725
4159
11285636
32
-14
0
-334
750
4167
11286661
33
-12
1
-330
777
4163
11287686
18
-8
-1
-336
758
4160
11288711
22
-10
0
-338
749
4163
11289736
28
-11
2
-336
763
4157
11290761
27
-6
3
-330
756
4159
11291786
27
-5
3
-332
773
4166
11292811
23
-4
4
-333
785
4161
11293836
13
-2
5
-326
783
4161
11294861
9
-3
5
-332
761
4161
11295886
11
-3
4
-327
770
4161
11296911
10
0
4
-331
768
4169
11289728
12
0
4
-321
782
4167
11290753
3
3
5
-331
804
4151
11291778
-13
4
7
-341
794
4155
11292803
-19
0
7
-334
765
4158
11293828
-13
0
7
-323
759
4159
11294853
-10
3
6
-329
768
4160
11295878
-10
7
6
-342
761
4164
11296903
-7
6
6
-340
774
4167
11297928
-10
7
6
-340
778
4156
11298953
-13
8
5
-337
776
4163
11299978
-17
8
5
-343
766
4162
11301003
-18
6
5
-342
770
4163
11302028
-19
3
5
-340
754
4162
11303053
-15
3
6
-342
759
4160
11304078
-13
3
6
-344
776
4162
11305103
-20
4
6
-349
751
4160
11297921
-17
2
5
-349
751
4161
11298946
-8
0
6
-353
754
4162
11299971
-4
-2
6
-342
773
4166
11300996
-12
-1
4
-343
762
4169
11302021
-12
0
4
-348
745
4162
11303046
-3
1
5
-351
747
4165
11304071
0
-1
6
-348
770
4158
11305096
-10
-4
6
-351
756
4156
11306121
-13
-4
5
-351
737
4161
11307146
-3
-5
5
-338
738
4159
11308171
4
-7
5
-342
746
4161
11309196
4
-8
4
-349
760
4167
11310221
2
-6
5
-347
765
4164
11311246
2
-4
6
-350
766
4167
11312271
-7
-1
6
-341
779
4163
11313296
-20
1
6
-343
760
4161
11306112
-19
1
7
-352
718
4164
11307137
-3
-1
7
-349
751
4164
11308162
-2
-3
4
-354
754
4171
11309187
-4
-5
4
-344
735
4167
11310212
7
-3
5
-341
751
4160
11311237
3
0
6
-356
788
4163
11312262
-18
-1
7
-347
775
4163
11313287
-29
0
6
-345
722
4170
11314312
-11
-1
5
-347
720
4164
11315337
-1
-3
4
-346
745
4165
11316362
-11
-2
2
-348
756
4163
11317387
-16
0
1
-347
741
4161
11318412
-11
-1
1
-353
731
4164
11319437
0
-2
4
-356
761
4162
11320462
-6
0
5
-351
765
4165
11321487
-13
-1
4
-352
726
4164
11314304
-5
0
4
-349
726
4163
11315329
5
1
6
-356
743
4162
11316354
8
-1
6
-359
758
4165
11317379
0
-3
6
-354
749
4171
11318404
0
-2
5
-353
725
4155
11319429
15
-3
7
-349
741
4157
11320454
17
-5
5
-351
772
4166
11321479
-1
-5
2
-350
757
4166
11322504
-7
-2
2
-358
725
4167
11323529
9
-4
2
-354
741
4171
11324554
15
-7
3
-357
753
4168
11325579
13
-9
2
-356
751
4162
11326604
15
-9
4
-342
765
4164
11327629
8
-6
4
-342
778
4162
11328654
-3
-3
3
-339
765
4163
11329679
-4
0
4
-349
746
4161
11322496
-2
0
7
-358
766
4170
11323521
-8
-2
5
-346
769
4163
11324546
-19
1
3
-353
738
4168
11325571
-8
-1
4
-369
722
4165
11326596
5
-5
6
-353
763
4162
11327621
-2
-6
3
-347
751
4163
11328646
-3
-3
2
-343
742
4159
11329671
2
-1
5
-360
751
4172
11330696
3
-4
6
-366
781
4163
11331721
-13
-7
5
-358
772
4166
11332746
-22
-4
4
-354
724
4166
11333771
-5
-4
3
-355
701
4159
11334796
19
-5
5
-353
762
4164
11335821
9
-1
4
-349
783
4174
11336846
-8
1
3
-355
743
4160
11337871
-3
-1
6
-354
751
4167
11330688
-3
-2
6
-349
771
4163
11331713
-13
-2
3
-354
744
4164
11332738
-7
-3
3
-358
722
4170
11333763
5
-3
6
-354
758
4161
11334788
1
-4
6
-360
769
4157
11335813
-14
-5
4
-354
752
4163
11336838
-15
-4
5
-352
733
4162
11337863
-3
-5
4
-354
740
4161
11338888
2
-5
3
-351
751
4167
11339913
0
-4
3
-356
743
4163
11340938
4
-4
3
-359
742
4161
11341963
9
-5
5
-362
761
4158
11342988
2
-4
5
-350
779
4159
11344013
-8
-3
5
-351
745
4171
11345038
-3
-6
5
-355
741
4172
11346063
-2
-6
6
-352
765
4168
11338879
-11
-4
4
-357
750
4167
11339904
-8
-5
4
-353
742
4169
11340929
-7
-4
4
-348
755
4156
11341954
-12
0
4
-353
735
4156
11342979
-7
1
4
-360
739
4164
11344004
-2
0
7
-358
753
4167
11345029
-9
-3
6
-359
754
4164
11346054
-13
-5
3
-360
730
4162
11347079
1
-6
1
-358
714
4167
11348104
14
-8
2
-355
754
4167
11349129
4
-3
4
-348
784
4164
11350154
-12
0
5
-363
764
4165
11351179
-15
-4
4
-363
739
4165
11352204
-8
-9
4
-348
725
4169
11353229
0
-7
4
-354
729
4166
11354254
9
-4
2
-355
741
4161
11347072
12
-4
4
-356
753
4163
11348097
4
-3
4
-361
769
4173
11349122
-7
-1
4
-349
756
4166
11350147
-12
0
5
-354
747
4161
11351172
-8
-2
4
-357
736
4159
11352197
-6
-3
4
-358
743
4156
11353222
-9
-3
4
-354
742
4161
11354247
-5
-1
4
-363
739
4169
11355272
3
-4
5
-366
754
4166
11356297
0
-4
6
-352
747
4158
11357322
-5
-5
5
-354
733
4165
11358347
-1
-5
5
-355
724
4162
11359372
5
-2
4
-356
740
4171
11360397
9
-3
3
-359
747
4167
11361422
9
-6
4
-358
760
4165
11362447
3
-7
4
-354
745
4166
11355265
4
-5
3
-355
732
4172
11356290
10
-6
2
-360
760
4166
11357315
5
-9
3
-358
763
4161
11358340
3
-9
2
-352
745
4165
11359365
8
-9
3
-350
752
4166
11360390
4
-7
3
-355
756
4169
11361415
0
-4
4
-355
759
4161
11362440
-1
0
4
-353
765
4158
11363465
-5
0
5
-350
763
4160
11364490
-10
0
6
-363
763
4162
11365515
-14
-2
3
-356
733
4164
11366540
-8
-4
0
-355
719
4169
11367565
10
-5
2
-355
747
4162
11368590
12
-2
3
-346
779
4166
11369615
0
2
3
-355
775
4163
11370640
-5
5
2
-361
763
4162
11363456
4
12
-4
-359
762
4158
11364481
1
18
-11
-342
757
4182
11365506
-6
33
-3
-349
721
4170
11366531
0
55
15
-331
845
4166
11367556
-55
94
30
-332
725
4187
11368581
-76
138
23
-361
656
4211
11369606
-14
146
2
-415
455
4207
11370631
235
149
-3
-395
424
4239
11371656
539
217
-20
-244
714
4334
11372681
650
354
-37
-210
903
4398
11373706
519
526
-79
-86
1042
4507
11374731
263
693
-136
-372
1361
4579
11375756
-2
796
-219
-627
1012
4435
11376781
8
850
-330
-655
1132
4494
11377806
18
883
-370
-745
1107
4409
11378831
-78
905
-365
-894
1191
4261
11371648
-324
870
-330
-1053
1045
4052
11372673
-574
819
-286
-1075
923
3966
11373698
-787
753
-234
-1097
350
3781
11374723
-592
640
-138
-1301
127
3581
11375748
-250
527
-82
-1534
384
3472
11376773
-132
460
-75
-1642
468
3673
11377798
-158
401
-36
-1641
448
3658
11378823
-311
293
41
-1640
333
3237
11379848
-395
219
102
-1690
239
3349
11380873
-239
132
192
-1569
382
3453
11381898
-97
64
252
-1403
292
3424
11382923
231
-24
290
-1190
320
3292
11383948
389
-116
376
-844
804
3412
11384973
267
-197
430
-881
885
3805
11385998
247
-218
413
-998
950
4202
11387023
372
-178
425
-930
1201
4799
11379840
754
-74
366
-991
1144
5174
11380865
1041
90
131
-1205
1140
4784
11381890
727
179
-28
-1513
982
3995
11382915
262
95
8
-1387
982
3771
11383940
15
5
58
-1196
1048
3908
11384965
-36
-29
30
-1143
1063
3875
11385990
-26
-29
5
-1141
1008
3938
11387015
2
2
1
-1175
1038
3975
11388040
29
23
3
-1275
951
3926
11389065
120
18
-1
-1317
953
3884
11390090
238
5
-34
-1349
884
3988
11391115
420
38
-101
-1288
1064
4125
11392140
514
100
-134
-1273
1007
3783
11393165
135
60
-35
-1113
942
3541
11394190
-248
-224
27
-1677
1459
3527
11395215
-63
-532
193
-1478
1932
4079
11388031
-263
-321
29
-1055
1096
4636
11389056
-80
185
-250
-953
595
4392
11390081
32
303
-180
-1360
438
3458
11391106
243
118
41
-1451
455
3413
11392131
682
19
176
-1216
904
4198
11393156
757
74
154
-1318
1167
4038
11394181
69
53
114
-1251
1416
3562
11395206
-183
-228
136
-1641
1732
3607
11396231
-158
-347
108
-1201
1925
4027
11397256
-456
-127
-45
-1121
866
4086
11398281
-221
69
-78
-1099
618
3989
11399306
-50
75
8
-1194
884
3844
11400331
104
55
78
-1129
1165
3968
11401356
137
63
97
-1285
1140
3911
11402381
30
33
103
-1333
1256
3851
11403406
-51
3
58
-1301
1251
3880
11396224
-42
-7
-5
-1243
1136
3888
11397249
12
-24
-44
-1227
1096
3896
11398274
-22
-44
-40
-1214
1060
3889
11399299
-63
-71
-19
-1224
1068
3924
11400324
-50
-72
-5
-1210
1051
3949
11401349
-31
-55
0
-1206
1088
3935
11402374
-16
-31
0
-1220
1188
3887
11403399
-22
-31
-7
-1209
1261
3871
11404424
-49
-28
-8
-1200
1090
3920
11405449
-43
-19
-8
-1210
1013
3946
11406474
-27
-14
-10
-1187
1068
3938
11407499
-16
-8
-9
-1180
1081
3921
11408524
-4
1
-6
-1191
1104
3918
11409549
-2
11
3
-1227
1103
3909
11410574
-11
6
6
-1231
1117
3912
11411599
-18
-2
6
-1213
1080
3912
11404416
-13
-10
8
-1212
1071
3909
11405441
-18
-18
7
-1206
1086
3916
11406466
-16
-26
7
-1216
1081
3922
11407491
-11
-28
8
-1226
1072
3922
11408516
-12
-29
12
-1223
1080
3924
11409541
-22
-34
16
-1199
1090
3925
11410566
-21
-36
11
-1180
1090
3926
11411591
-26
-34
6
-1189
1099
3931
11412616
-32
-27
4
-1193
1066
3939
11413641
-24
-21
4
-1181
1071
3943
11414666
-18
-12
6
-1174
1060
3933
11415691
-19
-7
10
-1183
1085
3921
11416716
-41
1
21
-1185
1054
3923
11417741
-49
2
31
-1200
1066
3946
11418766
-67
-1
37
-1198
1061
3936
11419791
-58
-1
31
-1193
1090
3920
11412608
-52
-6
29
-1196
1019
3958
11413633
-15
-9
22
-1187
1017
3954
11414658
4
-7
13
-1186
1060
3934
11415683
-8
-6
8
-1194
1057
3925
11416708
-6
-11
11
-1179
1042
3929
11417733
-3
-16
18
-1188
1060
3933
11418758
-14
-20
21
-1193
1053
3938
11419783
-6
-19
22
-1172
1051
3944
11420808
-1
-8
25
-1163
1041
3946
11421833
6
4
27
-1157
1052
3949
11422858
8
7
31
-1169
1034
3947
11423883
11
7
26
-1175
1071
3932
11424908
9
7
14
-1169
1096
3932
11425933
3
7
10
-1191
1039
3937
11426958
11
-3
18
-1197
1037
3930
11427983
9
-9
21
-1192
1076
3927
11420800
-8
-13
16
-1184
1090
3927
11421825
-16
-12
8
-1180
1069
3928
11422850
-17
-11
4
-1186
1081
3928
11423875
-34
-16
6
-1198
1062
3934
11424900
-50
-44
14
-1188
1133
3937
11425925
-108
-68
38
-1135
1049
3935
11426950
-56
-29
50
-1072
934
4044
11427975
92
21
34
-1170
991
3992
11429000
198
29
25
-1136
1061
3986
11430025
354
83
-1
-1165
974
4008
11431050
410
120
14
-1190
1016
3879
11432075
326
91
70
-1163
1142
3846
11433100
275
56
71
-1223
1207
3841
11434125
181
11
52
-1294
1329
3798
11435150
25
-45
36
-1265
1319
3834
11436175
-23
-63
2
-1222
1201
3888
11428992
-36
-68
-16
-1159
1217
3904
11430017
-78
-61
-22
-1151
1215
3876
11431042
-78
-50
-17
-1128
1153
3920
11432067
-9
-8
-11
-1135
1019
3938
11433092
160
52
-26
-1137
917
3973
11434117
401
120
-71
-1133
1123
4056
11435142
419
154
-91
-1202
1209
3730
11436167
207
44
8
-1216
1178
3728
11437192
-232
-130
-70
-1397
2307
3374
11438217
-764
-446
-77
-1696
2281
3681
11439242
-927
-422
-109
-991
975
4280
11440267
-403
-113
-266
-712
298
4518
11441292
167
158
-273
-1118
339
3896
11442317
310
124
-31
-1118
772
3560
11443342
366
34
163
-1055
918
4002
11444367
515
62
178
-1231
864
4196
11437184
397
91
122
-1246
1291
3850
11438209
136
13
77
-1142
1538
3754
11439234
-201
-59
34
-1143
1465
3702
11440259
-237
-141
-28
-1298
1624
3856
11441284
-166
-129
-65
-1242
1354
3902
11442309
-315
-103
-44
-1163
1043
3954
11443334
-270
-70
-13
-1111
1092
3950
11444359
-158
-37
2
-1102
1055
3989
11445384
-66
-6
18
-1116
987
3974
11446409
-33
-2
30
-1130
1055
3938
11447434
-25
-24
16
-1120
1143
3920
11448459
-36
-49
-15
-1082
1130
3941
11449484
-35
-53
-31
-1098
1083
3943
11450509
-28
-49
-27
-1126
1114
3940
11451534
-37
-42
-10
-1142
1110
3932
11452559
-38
-35
1
-1120
1137
3941
11445376
-58
-29
5
-1125
1114
3956
11446401
-54
-19
10
-1100
1032
3965
11447426
-3
-6
10
-1071
1035
3964
11448451
10
3
17
-1094
1050
3957
11449476
4
1
19
-1118
1113
3934
11450501
-12
-8
17
-1134
1127
3929
11451526
-26
-16
7
-1125
1083
3956
11452551
-10
-17
-7
-1108
1079
3948
11453576
0
-19
-8
-1113
1070
3947
11454601
8
-26
1
-1111
1074
3944
11455626
13
-37
5
-1112
1102
3930
11456651
-3
-41
10
-1098
1109
3951
11457676
-12
-39
18
-1098
1069
3933
11458701
-19
-45
29
-1100
1102
3951
11459726
-28
-50
34
-1093
1032
3958
11460751
2
-45
34
-1081
1069
3969
11453568
-13
-32
29
-1049
1154
3980
11454593
-24
-11
3
-1052
1104
3968
11455618
-25
7
-10
-1085
1079
3975
11456643
-31
18
-8
-1089
1067
3968
11457668
-5
20
-8
-1102
1052
3954
11458693
5
11
6
-1105
1046
3943
11459718
8
-5
16
-1081
1072
3949
11460743
12
-13
22
-1076
1079
3946
11461768
4
-21
26
-1076
1085
3940
11462793
0
-26
22
-1071
1096
3954
11463818
2
-21
15
-1087
1073
3951
11464843
-2
-19
18
-1085
1089
3957
11465868
-7
-15
15
-1076
1073
3966
11466893
-5
-5
5
-1074
1088
3972
11467918
-10
9
-6
-1082
1098
3955
11468943
-12
16
-8
-1101
1094
3946
11461760
-22
9
-8
-1073
1092
3953
11462785
-9
6
-12
-1064
1056
3956
11463810
0
2
-1
-1068
1042
3952
11464835
11
-9
16
-1073
1057
3952
11465860
12
-18
27
-1080
1085
3956
11466885
0
-23
26
-1076
1106
3959
11467910
-4
-17
16
-1087
1101
3961
11468935
-7
-8
7
-1081
1083
3968
11469960
-2
-1
1
-1080
1087
3962
11470985
-5
3
-1
-1092
1079
3955
11472010
-6
4
-3
-1092
1099
3947
11473035
-10
2
-7
-1079
1087
3957
11474060
-8
-3
-6
-1051
1073
3952
11475085
-1
-7
3
-1055
1059
3948
11476110
4
-9
16
-1083
1063
3956
11477135
9
-9
25
-1097
1081
3956
11469953
9
-12
23
-1074
1098
3960
11470978
-5
-8
17
-1061
1103
3968
11472003
-29
-13
13
-1105
1156
3963
11473028
-90
-56
33
-1088
1172
3950
11474053
-100
-40
50
-1014
1010
3971
11475078
70
50
39
-957
862
4089
11476103
281
103
-20
-1161
1124
3944
11477128
270
73
22
-1083
1132
3907
11478153
191
33
67
-1080
1028
3944
11479178
214
39
54
-1145
1062
3925
11480203
190
27
64
-1069
1097
3912
11481228
188
5
68
-1096
1208
3880
11482253
115
-30
37
-1129
1438
3857
11483278
-22
-46
-12
-1100
1337
3900
11484303
-79
-47
-36
-1082
1214
3926
11485328
-93
-31
-26
-1059
1109
3956
11478143
-35
4
-7
-1072
1079
3939
11479168
18
25
9
-1068
1144
3928
11480193
56
31
11
-1081
1143
3917
11481218
90
33
8
-1079
1151
3923
11482243
129
33
-9
-1104
1175
3922
11483268
140
31
-54
-1109
1303
3937
11484293
53
23
-84
-1097
1344
3858
11485318
-180
-9
-69
-1015
1205
3844
11486343
-394
-78
-108
-1206
1502
3739
11487368
-237
-137
-79
-1304
1115
3935
11488393
-226
-235
-14
-1125
1335
3960
11489418
-294
-219
75
-850
817
4144
11490443
191
40
-61
-872
593
4177
11491468
544
135
-78
-1109
1149
3810
11492493
233
65
108
-1017
1196
3864
11493518
108
33
137
-1149
1004
3917
11486336
276
6
90
-1163
1163
3976
11487361
368
-9
-24
-1038
1516
3956
11488386
287
26
-139
-1019
1334
3871
11489411
80
53
-79
-958
1121
3857
11490436
-207
74
-41
-983
1327
3678
11491461
-259
-68
-56
-1389
1700
3788
11492486
-71
-118
-31
-1306
1259
3874
11493511
-241
-147
-39
-1080
1422
3929
11494536
-435
-109
-25
-980
1050
3997
11495561
-283
-49
-3
-955
780
4037
11496586
-39
-12
23
-974
932
4022
11497611
38
2
48
-1016
1071
3961
11498636
50
0
45
-1033
1250
3933
11499661
23
3
28
-1077
1258
3892
11500686
-2
4
12
-1092
1275
3927
11501711
-40
-5
-7
-1092
1164
3936
11494729
-39
-19
-15
-1085
1098
3931
11495754
-43
-27
-9
-1054
1106
3955
11496779
-40
-28
-3
-1044
1105
3959
11497804
-23
-26
3
-1056
1135
3932
11498829
-31
-26
7
-1038
1177
3947
11499854
-31
-15
-2
-1049
1154
3946
11500879
-23
-7
-2
-1047
1110
3965
11501904
-12
-6
7
-1047
1081
3952
11502929
3
-9
15
-1050
1131
3946
11503954
6
-10
17
-1050
1156
3935
11504979
-1
-6
14
-1041
1156
3933
11506004
-14
-2
10
-1031
1150
3954
11507029
-28
-3
4
-1046
1119
3955
11508054
-30
-6
5
-1062
1110
3945
11509079
-10
-8
6
-1042
1122
3951
11510104
8
-8
7
-1030
1124
3947
11502720
6
-9
9
-1039
1133
3943
11503745
-7
-4
5
-1055
1165
3937
11504770
-27
-7
1
-1064
1141
3944
11505795
-29
-13
4
-1047
1088
3966
11506820
-7
-18
11
-1030
1096
3961
11507845
7
-14
16
-1033
1118
3942
11508870
-1
-8
20
-1050
1151
3956
11509895
-2
-7
12
-1046
1140
3947
11510920
-5
-2
7
-1046
1147
3937
11511945
-25
-4
5
-1043
1145
3960
11512970
-23
-8
2
-1035
1100
3958
11513995
-6
-5
1
-1034
1104
3960
11515020
5
-2
2
-1030
1126
3943
11516045
2
4
7
-1043
1139
3945
11517070
-6
4
11
-1049
1127
3962
11518095
0
-4
7
-1037
1117
3957
11510912
1
-8
6
-1037
1126
3945
11511937
-9
-10
8
-1060
1113
3947
11512962
-5
-7
15
-1063
1122
3955
11513987
-5
-7
19
-1046
1131
3951
11515012
0
-11
12
-1026
1136
3961
11516037
5
-10
3
-1025
1141
3953
11517062
-5
-8
1
-1030
1120
3944
11518087
-11
-10
9
-1034
1096
3943
11519112
-7
-15
23
-1039
1103
3949
11520137
3
-17
28
-1044
1114
3957
11521162
7
-14
27
-1040
1151
3965
11522187
3
-8
21
-1026
1152
3953
11523212
2
-1
13
-1027
1140
3942
11524237
-7
1
10
-1039
1137
3957
11525262
-11
0
4
-1044
1123
3961
11526287
-10
-1
-2
-1036
1131
3960
11519104
-15
-6
-8
-1030
1127
3955
11520129
-14
-6
-9
-1033
1124
3946
11521154
-14
-8
-3
-1031
1117
3950
11522179
-13
-14
3
-1033
1107
3960
11523204
-9
-15
4
-1036
1119
3964
11524229
-10
-12
0
-1049
1113
3956
11525254
-7
-15
-2
-1042
1117
3962
11526279
-2
-17
-2
-1016
1105
3962
11527304
-3
-20
2
-1018
1120
3963
11528329
-11
-19
5
-1032
1111
3961
11529354
-1
-17
7
-1040
1114
3963
11530379
7
-17
9
-1024
1120
3959
11531404
1
-16
14
-1012
1110
3956
11532429
-8
-9
16
-1017
1124
3969
11533454
-9
-3
7
-1023
1116
3961
11534479
-1
7
-2
-1028
1122
3957
11527296
2
9
-3
-1026
1104
3956
11528321
0
5
5
-1032
1118
3949
11529346
-9
-2
9
-1030
1114
3954
11530371
-7
-11
6
-1026
1125
3956
11531396
-12
-15
4
-1013
1112
3957
11532421
-9
-13
4
-1027
1105
3959
11533446
-8
-11
5
-1030
1121
3965
11534471
-9
-9
7
-1035
1102
3958
11535496
0
-12
5
-1018
1116
3967
11536521
-5
-11
6
-1017
1112
3952
11537546
-8
-7
5
-1020
1123
3960
11538571
-11
-7
0
-1025
1115
3962
11539596
-6
-9
-1
-1022
1100
3961
11540621
-3
-11
4
-1020
1114
3953
11541646
-7
-10
8
-1014
1107
3957
11542671
-3
-9
7
-1005
1117
3964
11535488
-3
-5
7
-1021
1103
3960
11536513
-5
-1
10
-1024
1114
3963
11537538
-4
-5
9
-1021
1111
3961
11538563
-7
-8
9
-1021
1111
3959
11539588
-3
-8
9
-1012
1112
3969
11540613
-4
-5
10
-1013
1119
3975
11541638
-7
-2
9
-1021
1115
3974
11542663
-7
2
11
-1029
1105
3961
11543688
-6
-5
15
-1024
1109
3956
11544713
-9
-12
15
-1026
1108
3964
11545738
-11
-13
10
-1014
1123
3960
11546763
-18
-17
4
-1016
1105
3965
11547788
-9
-17
7
-987
1094
3975
11548813
3
-12
15
-1010
1079
3972
11549838
10
-10
19
-1028
1092
3956
11550863
15
-9
21
-1031
1119
3961
11543680
9
-13
19
-1035
1118
3958
11544705
2
-19
16
-995
1120
3962
11545730
-6
-17
10
-982
1121
3971
11546755
-12
-8
1
-989
1127
3965
11547780
-13
1
0
-1016
1107
3960
11548805
-13
5
9
-1014
1096
3973
11549830
5
2
11
-1017
1098
3963
11550855
10
-6
12
-1011
1120
3961
11551880
-1
-8
9
-999
1121
3964
11552905
-4
-8
5
-1008
1112
3961
11553930
-13
-9
7
-1010
1113
3970
11554955
-8
-12
4
-1013
1108
3972
11555980
1
-13
2
-1003
1113
3969
11557005
-3
-11
4
-994
1114
3957
11558030
-4
-8
2
-1003
1122
3967
11559055
-4
-7
-1
-1002
1107
3959
11551872
-8
-11
0
-1013
1111
3959
11552897
-9
-15
-2
-1003
1106
3971
11553922
-1
-13
-4
-1003
1113
3969
11554947
-3
-11
-2
-998
1115
3968
11555972
-2
-10
0
-1005
1108
3964
11556997
-5
-10
0
-1001
1125
3973
11558022
-11
-11
-1
-1008
1103
3977
11559047
-5
-11
0
-997
1108
3960
11560072
-8
-10
2
-991
1106
3969
11561097
-2
-6
0
-995
1105
3982
11562122
-1
-3
0
-1002
1105
3969
11563147
-2
-1
3
-1007
1109
3968
11564172
1
-2
5
-1001
1120
3967
11565197
-3
-5
4
-1001
1114
3967
11566222
-7
-7
4
-1009
1098
3966
11567247
-7
-10
2
-1008
1106
3960
11560064
-7
-15
1
-997
1108
3965
11561089
-4
-16
5
-979
1099
3973
11562114
8
-8
9
-1000
1081
3977
11563139
12
-5
14
-1011
1098
3971
11564164
11
-5
15
-999
1112
3968
11565189
3
-6
10
-998
1135
3961
11566214
-11
-6
2
-992
1118
3967
11567239
-14
-2
-3
-987
1099
3976
11568264
-8
5
0
-997
1080
3969
11569289
2
4
7
-1005
1084
3967
11570314
6
3
14
-1003
1105
3976
11571339
8
3
13
-1007
1112
3960
11572364
1
1
8
-998
1131
3960
11573389
-10
-3
6
-1016
1110
3978
11574414
-28
-32
5
-1025
1158
3972
11575439
-45
-54
24
-984
1125
3985
11568257
-25
-33
51
-957
1091
3988
11569282
33
29
45
-913
978
4022
11570307
126
61
23
-1034
1118
3977
11571332
64
37
43
-996
1154
3970
11572357
165
53
19
-1012
1048
3987
11573382
228
62
25
-985
1061
3975
11574407
188
84
44
-963
1131
3945
11575432
141
82
65
-1010
1241
3908
11576457
115
50
60
-1054
1304
3883
11577482
84
23
42
-1060
1225
3904
11578507
44
-6
25
-1041
1239
3909
11579532
-26
-33
12
-1048
1270
3892
11580557
-54
-45
-6
-1047
1238
3939
11581582
-39
-48
-19
-1000
1157
3968
11582607
-4
-38
-12
-986
1112
3961
11583632
39
-21
-3
-988
1172
3952
11576448
67
-3
0
-1001
1184
3925
11577473
65
4
6
-1016
1211
3911
11578498
61
3
2
-1012
1221
3908
11579523
79
5
-15
-1022
1205
3906
11580548
127
5
-43
-1015
1237
3938
11581573
215
30
-94
-985
1183
4016
11582598
264
60
-124
-997
1245
3928
11583623
69
44
-50
-997
1215
3829
11584648
-346
-67
-48
-1217
1824
3520
11585673
-522
-233
11
-1298
1500
3872
11586698
-289
-275
11
-974
1239
4090
11587723
-26
-85
-104
-661
827
4382
11588748
305
162
-197
-900
689
3977
11589773
383
180
18
-1024
794
3717
11590798
400
108
203
-956
968
4011
11591823
642
118
142
-1034
1185
4102
11584640
759
135
26
-1113
1584
3787
11585665
277
55
0
-991
1863
3607
11586690
-418
-18
-28
-1045
1606
3593
11587715
-485
-131
-73
-1246
1578
3881
11588740
-169
-139
-85
-1150
1380
3838
11589765
-374
-167
-52
-1089
1381
3957
11590790
-564
-120
29
-966
989
4016
11591815
-338
-56
63
-912
926
4024
11592840
-28
-10
60
-947
1099
4004
11593865
65
5
50
-960
1179
3942
11594890
38
-14
35
-981
1245
3888
11595915
4
-43
23
-1011
1253
3877
11596940
-18
-56
21
-1030
1264
3914
11597965
-50
-58
21
-1017
1253
3949
11598990
-64
-46
19
-995
1237
3933
11600015
-85
-31
25
-974
1191
3974
11592831
-62
-20
30
-974
1105
3937
11593856
-8
-8
49
-983
1156
3953
11594881
-6
-11
60
-971
1150
3972
11595906
12
-16
60
-955
1193
3922
11596931
5
-14
64
-959
1256
3929
11597956
-18
-24
52
-927
1250
3925
11598981
-18
-34
39
-945
1221
3938
11600006
-30
-44
35
-968
1165
3941
11601031
-19
-50
43
-988
1157
3946
11602056
10
-56
55
-990
1159
3937
11603081
14
-61
71
-971
1200
3936
11604106
4
-76
76
-948
1220
3940
11605131
-11
-100
76
-937
1254
3937
11606156
-34
-102
67
-926
1243
3948
11607181
-66
-108
76
-884
1231
3965
11608206
-89
-102
100
-828
1161
3977
11601024
-35
-63
106
-842
1053
3994
11602049
28
-63
92
-878
1266
3946
11603074
4
-80
92
-894
1156
3987
11604099
121
-61
84
-835
1074
4029
11605124
185
-27
81
-795
1205
4020
11606149
125
15
56
-829
1370
3962
11607174
53
42
5
-853
1348
3914
11608199
46
40
-16
-897
1320
3898
11609224
-6
7
-2
-889
1249
3915
11610249
-33
-26
15
-912
1128
3959
11611274
-6
-53
32
-895
1177
3963
11612299
4
-67
29
-837
1278
3974
11613324
14
-35
-14
-804
1285
3979
11614349
7
-6
-43
-822
1316
3952
11615374
-25
9
-44
-854
1251
3954
11616399
-16
18
-26
-858
1191
3956
11609217
10
19
-4
-859
1214
3962
11610242
4
12
-6
-868
1236
3966
11611267
-4
14
-33
-867
1273
3956
11612292
-14
22
-59
-841
1263
3959
11613317
-23
30
-62
-865
1242
3934
11614342
-34
21
-36
-893
1231
3938
11615367
-24
6
-17
-898
1160
3952
11616392
14
-2
-4
-903
1181
3959
11617417
25
-14
7
-875
1244
3940
11618442
12
-12
3
-855
1269
3948
11619467
-8
-7
-6
-863
1277
3957
11620492
-25
-3
-12
-895
1221
3961
11621517
-12
-4
-19
-903
1232
3945
11622542
-11
-20
-23
-930
1228
3934
11623567
-22
-47
-11
-889
1231
3946
11624592
-24
-51
5
-851
1209
3962
11617408
-6
-32
17
-832
1219
3959
11618433
-5
-16
29
-847
1247
3959
11619458
-19
-11
32
-867
1223
3971
11620483
-16
-8
26
-856
1213
3972
11621508
-12
-2
19
-839
1214
3973
11622533
-8
13
11
-837
1226
3963
11623558
-9
22
7
-869
1232
3950
11624583
-13
22
14
-890
1222
3963
11625608
-8
17
14
-889
1225
3955
11626633
-5
14
9
-876
1223
3951
11627658
-11
7
14
-884
1199
3953
11628683
-10
-10
24
-891
1204
3947
11629708
-7
-22
25
-877
1231
3967
11630733
-10
-21
16
-868
1219
3958
11631758
-9
-11
9
-875
1228
3975
11632783
-5
-6
3
-862
1225
3962
11625600
-2
-1
2
-862
1228
3953
11626625
-18
4
6
-852
1224
3975
11627650
-16
13
3
-846
1195
3956
11628675
2
19
4
-839
1224
3962
11629700
-1
16
9
-864
1183
3964
11630725
13
10
7
-877
1215
3944
11631750
8
2
7
-884
1242
3956
11632775
-5
-9
4
-896
1216
3948
11633800
-6
-20
2
-884
1228
3943
11634825
-22
-27
6
-867
1222
3959
11635850
-20
-26
4
-856
1199
3959
11636875
-9
-20
6
-861
1217
3980
11637900
-4
-14
4
-867
1192
3976
11638925
7
-7
6
-869
1227
3958
11639950
-2
-2
8
-852
1236
3954
11640975
-12
1
3
-863
1205
3953
11633883
-12
-4
0
-867
1221
3967
11634908
-18
-11
3
-861
1192
3964
11635933
1
-12
6
-844
1198
3976
11636958
11
-2
11
-846
1212
3968
11637983
7
9
14
-863
1223
3966
11639008
12
12
11
-880
1224
3954
11640033
7
8
12
-873
1231
3960
11641058
-3
3
10
-880
1217
3969
11642083
-7
1
6
-873
1227
3964
11643108
-9
0
4
-871
1213
3962
11644133
-6
-1
-1
-863
1215
3969
11645158
-5
-1
-3
-866
1199
3960
11646183
5
-3
1
-879
1214
3957
11647208
8
-10
9
-876
1211
3956
11648233
4
-12
16
-861
1237
3954
11649258
-9
-16
11
-866
1223
3963
11641983
-13
-21
5
-877
1218
3962
11643008
-15
-22
7
-880
1197
3966
11644033
1
-14
11
-862
1211
3973
11645058
6
-7
13
-851
1240
3962
11646083
-3
-5
7
-847
1239
3958
11647108
-14
-2
-2
-851
1208
3972
11648133
-13
1
-6
-863
1185
3970
11649158
-5
-2
-3
-858
1204
3961
11650183
-2
-5
3
-866
1219
3966
11651208
-3
-6
1
-876
1222
3965
11652233
-7
-4
-3
-882
1215
3974
11653258
-5
1
-10
-889
1222
3976
11654283
1
5
-16
-856
1233
3960
11655308
2
8
-19
-860
1207
3942
11656333
-2
-2
-8
-861
1183
3941
11657358
-7
-17
6
-862
1178
3965
11650177
-10
-21
4
-861
1221
3986
11651202
-10
-6
-11
-859
1232
3975
11652227
-3
7
-23
-863
1230
3967
11653252
-8
10
-31
-882
1214
3961
11654277
-23
7
-30
-881
1216
3962
11655302
-23
5
-23
-863
1182
3968
11656327
-10
3
-11
-849
1170
3964
11657352
6
5
-1
-862
1175
3959
11658377
15
0
10
-903
1182
3966
11659402
19
-12
17
-899
1201
3966
11660427
10
-22
13
-878
1243
3954
11661452
-16
-22
3
-872
1249
3953
11662477
-31
-17
-2
-863
1215
3961
11663502
-28
-13
0
-856
1160
3963
11664527
-9
-11
9
-839
1167
3979
11665552
4
-6
17
-847
1193
3973
11658369
6
-1
19
-859
1235
3966
11659394
-1
1
16
-866
1212
3962
11660419
-4
-2
19
-878
1210
3959
11661444
-11
-2
21
-887
1196
3975
11662469
-1
-4
12
-884
1214
3965
11663494
-7
-12
6
-865
1217
3956
11664519
-19
-15
3
-857
1208
3966
11665544
-22
-15
1
-859
1179
3970
11666569
-15
-18
3
-850
1183
3972
11667594
-10
-18
4
-863
1195
3981
11668619
-21
-35
1
-876
1231
3956
11669644
-52
-40
3
-855
1235
3966
11670669
-33
-17
4
-838
1127
4007
11671694
22
8
6
-853
1171
3994
11672719
11
10
16
-861
1205
3959
11673744
30
16
16
-868
1161
3978
11666560
63
10
10
-880
1239
3957
11667585
-15
-15
14
-862
1244
3951
11668610
-42
-22
11
-850
1177
3979
11669635
21
-3
-1
-837
1143
3986
11670660
32
-2
15
-842
1195
3955
11671685
9
-15
27
-853
1222
3962
11672710
29
-13
8
-855
1180
3980
11673735
68
-7
-8
-843
1183
3987
11674760
96
7
-19
-840
1146
3976
11675785
204
29
-47
-842
1202
4009
11676810
319
47
-81
-864
1281
3993
11677835
260
25
-64
-912
1310
3849
11678860
-25
-5
-24
-778
1357
3718
11679885
-334
-130
-52
-1203
1647
3913
11680910
-143
-167
-39
-876
1415
3930
11681935
-282
-153
-7
-617
1231
4220
11674753
-32
79
-118
-670
770
4157
11675778
364
200
-124
-930
809
3826
11676803
407
133
76
-822
1060
3883
11677828
347
84
146
-897
1226
3988
11678853
458
77
65
-916
1369
3996
11679878
479
67
-20
-895
1546
3837
11680903
128
24
-14
-848
1471
3752
11681928
-410
-53
-36
-1011
1825
3605
11682953
-466
-118
-62
-1064
1535
3924
11683978
-210
-130
-98
-973
1400
3897
11685003
-430
-139
-65
-857
1280
4043
11686028
-470
-74
2
-783
816
4082
11687053
-162
-13
37
-760
925
4055
11688078
63
23
58
-813
1110
4010
11689103
103
20
54
-837
1267
3949
11690128
54
0
23
-849
1356
3906
11682943
-8
-14
-5
-891
1347
3911
11683968
-68
-23
-19
-920
1287
3941
11684993
-97
-32
-20
-898
1212
3966
11686018
-89
-29
-17
-862
1188
3972
11687043
-77
-20
-14
-842
1179
3994
11688068
-40
-6
-13
-837
1143
3975
11689093
-1
4
0
-828
1172
3971
11690118
17
7
13
-840
1176
3964
11691143
28
7
18
-848
1203
3932
11692168
11
3
25
-860
1231
3946
11693193
-8
-9
22
-856
1212
3964
11694218
-8
-9
21
-866
1207
3973
11695243
-2
-4
22
-882
1187
3988
11696268
10
3
21
-885
1200
3963
11697293
8
10
17
-869
1245
3962
11698318
-3
10
6
-859
1223
3968
11691136
-13
8
-2
-849
1208
3959
11692161
-18
7
0
-855
1193
3951
11693186
-17
0
4
-854
1196
3952
11694211
-11
-9
12
-856
1190
3965
11695236
-3
-11
17
-855
1196
3976
11696261
2
-10
16
-865
1205
3968
11697286
-1
-7
14
-862
1207
3975
11698311
-3
1
8
-872
1206
3969
11699336
-2
4
3
-870
1218
3976
11700361
-6
6
-4
-879
1210
3968
11701386
-4
3
-8
-882
1199
3962
11702411
-7
-3
-8
-857
1204
3962
11703436
-9
-5
-9
-841
1197
3954
11704461
-14
-3
-6
-848
1196
3974
11705486
-13
-7
-5
-856
1185
3964
11706511
-1
-12
1
-861
1184
3964
11699328
1
-13
9
-860
1201
3975
11700353
3
-12
10
-864
1205
3973
11701378
0
-6
7
-868
1212
3972
11702403
-7
-7
3
-883
1208
3962
11703428
-14
-11
5
-870
1200
3967
11704453
-12
-14
9
-841
1178
3970
11705478
-1
-13
9
-829
1197
3972
11706503
-8
-2
10
-834
1205
3974
11707528
-9
2
10
-849
1188
3980
11708553
0
0
10
-871
1186
3967
11709578
-1
-2
14
-878
1196
3967
11710603
1
-3
14
-866
1205
3971
11711628
2
0
12
-848
1218
3974
11712653
-1
1
7
-858
1192
3973
11713678
2
3
8
-873
1182
3971
11714703
8
-2
11
-871
1193
3956
11707673
7
-7
6
-852
1216
3961
11708698
-6
-3
-4
-848
1217
3970
11709723
-13
2
-8
-856
1195
3967
11710748
-12
3
-7
-863
1172
3971
11711773
1
-1
-3
-873
1171
3970
11712798
10
-6
7
-869
1192
3973
11713823
7
-7
9
-858
1208
3966
11714848
-1
-6
-2
-859
1229
3971
11715873
-16
-4
-11
-868
1206
3970
11716898
-14
-3
-11
-868
1175
3982
11717923
1
-5
-2
-871
1177
3972
11718948
8
-6
6
-858
1203
3961
11719973
5
1
3
-848
1221
3969
11720998
-4
5
-2
-865
1198
3975
11722023
-7
1
-1
-876
1179
3965
11723048
-6
-5
5
-867
1192
3969
11715713
0
-6
8
-857
1198
3973
11716738
3
1
8
-858
1203
3967
11717763
1
4
8
-864
1190
3971
11718788
-1
1
5
-879
1200
3971
11719813
2
-1
6
-886
1188
3963
11720838
2
-8
9
-870
1199
3958
11721863
-2
-10
10
-862
1206
3961
11722888
-8
-8
11
-843
1206
3970
11723913
-2
-8
13
-845
1193
3963
11724938
0
-9
20
-846
1193
3960
11725963
-5
-3
19
-865
1183
3996
11726988
2
16
-2
-897
1208
3994
11728013
3
30
-23
-913
1221
3970
11729038
2
29
-35
-891
1236
3952
11730063
-30
14
-31
-872
1219
3929
11731088
-44
-13
-20
-882
1173
3933
11723905
-36
-38
2
-872
1128
3964
11724930
-12
-51
24
-835
1133
3983
11725955
18
-47
30
-827
1183
3991
11726980
19
-39
24
-853
1247
3978
11728005
-1
-20
9
-889
1221
3984
11729030
-15
-4
-6
-898
1239
3972
11730055
-25
8
-12
-887
1183
3978
11731080
-24
16
-12
-849
1194
3973
11732105
-17
20
-6
-826
1166
3961
11733130
-16
22
4
-820
1164
3972
11734155
-15
15
16
-843
1148
3974
11735180
-9
1
25
-865
1167
3979
11736205
-3
-11
33
-886
1172
3969
11737230
9
-15
46
-874
1191
3967
11738255
13
-14
57
-879
1226
3961
11739280
-40
-35
61
-887
1285
3934
11732095
-76
-13
36
-779
1103
4020
11733120
8
45
-8
-903
1103
3995
11734145
45
13
15
-883
1228
3971
11735170
67
-2
19
-878
1187
3977
11736195
58
8
11
-864
1110
3988
11737220
154
34
6
-810
1115
3988
11738245
172
29
12
-809
1300
3936
11739270
58
7
29
-858
1298
3918
11740295
-2
-9
27
-893
1256
3931
11741320
-20
-18
12
-900
1267
3940
11742345
-41
-23
0
-867
1263
3960
11743370
-51
-21
-7
-842
1205
3955
11744395
-45
-8
0
-846
1171
3973
11745420
-13
6
4
-868
1161
3983
11746445
1
-6
11
-874
1234
3955
11747470
-8
-12
9
-845
1204
3978
11740288
20
-2
4
-830
1167
3979
11741313
55
6
6
-865
1206
3931
11742338
27
-11
14
-896
1263
3931
11743363
3
-21
8
-887
1259
3957
11744388
-6
-23
-9
-850
1260
3963
11745413
-14
-12
-17
-832
1198
3962
11746438
1
3
-7
-849
1198
3957
11747463
4
0
8
-882
1230
3949
11748488
-12
-16
9
-864
1231
3965
11749513
-3
-15
-1
-851
1214
3973
11750538
3
-11
-4
-839
1222
3966
11751563
-2
-7
0
-846
1195
3960
11752588
10
-7
0
-864
1229
3948
11753613
0
-14
1
-869
1241
3958
11754638
-2
-16
-3
-859
1234
3952
11755663
18
-8
-7
-852
1220
3958
11748480
55
-3
-15
-843
1222
3961
11749505
141
9
-45
-815
1165
4022
11750530
250
32
-73
-825
1263
3983
11751555
119
13
-48
-912
1304
3847
11752580
-90
-14
-16
-794
1209
3831
11753605
-290
-107
-50
-1149
1725
3805
11754630
-234
-189
1
-933
1308
3936
11755655
-157
-183
-13
-660
1175
4214
11756680
79
55
-136
-705
670
4158
11757705
425
121
-110
-898
1048
3854
11758730
335
85
77
-782
1146
3912
11759755
352
63
100
-867
1126
4066
11760780
524
78
32
-804
1241
4064
11761805
548
72
-28
-902
1583
3654
11762830
-6
15
-25
-767
1646
3649
11763855
-402
-98
-99
-1165
1790
3808
11756672
-171
-128
-89
-1012
1400
3848
11757697
-279
-180
-76
-867
1554
3927
11758722
-524
-146
-29
-788
1149
4055
11759747
-436
-72
18
-771
856
4069
11760772
-150
-16
49
-771
1001
4054
11761797
13
8
61
-791
1130
3992
11762822
25
5
58
-807
1295
3957
11763847
-30
-13
32
-829
1343
3924
11764872
-55
-21
0
-837
1309
3938
11765897
-69
-23
-19
-853
1242
3957
11766922
-74
-29
-14
-854
1179
3977
11767947
-59
-33
4
-819
1160
3983
11768972
-33
-29
16
-803
1176
3970
11769997
-18
-21
24
-805
1179
3999
11771022
-1
-10
25
-808
1197
3981
11772047
5
-3
20
-822
1216
3981
11764864
0
-1
12
-831
1215
3972
11765889
-4
3
1
-831
1226
3974
11766914
-16
5
-7
-838
1226
3980
11767939
-27
4
-11
-834
1194
3978
11768964
-19
2
-9
-829
1174
3981
11769989
-9
-1
-4
-813
1178
3971
11771014
-1
3
2
-804
1182
3973
11772039
7
5
5
-809
1191
3975
11773064
9
3
9
-829
1202
3964
11774089
6
-3
13
-838
1204
3962
11775114
5
-11
16
-823
1206
3979
11776139
-3
-13
11
-820
1218
3981
11777164
-7
-11
4
-814
1214
3991
11778189
-6
-3
1
-806
1205
3978
11779214
-7
5
2
-814
1203
3977
11780239
-11
9
0
-838
1194
3980
11773055
-8
13
-6
-843
1204
3977
11774080
-7
14
-11
-842
1206
3975
11775105
-12
10
-14
-821
1196
3974
11776130
-12
8
-13
-819
1175
3971
11777155
-5
2
-8
-837
1173
3970
11778180
4
-9
0
-849
1188
3962
11779205
7
-22
3
-826
1185
3958
11780230
-7
-27
6
-829
1211
3973
11781255
-13
-28
4
-828
1187
3975
11782280
-8
-26
-3
-818
1207
3969
11783305
-12
-17
-3
-821
1179
3979
11784330
-11
-11
-1
-824
1172
3991
11785355
2
-3
1
-825
1188
3985
11786380
6
3
-1
-824
1212
3968
11787405
-5
8
-6
-823
1213
3974
11788430
-12
12
-10
-826
1200
3982
11781248
-17
8
-11
-837
1171
3969
11782273
-13
0
-7
-841
1171
3973
11783298
-5
-7
1
-835
1164
3973
11784323
-6
-15
7
-822
1183
3966
11785348
-7
-14
9
-823
1197
3979
11786373
-2
-12
4
-821
1203
3982
11787398
-8
-11
-1
-827
1185
3982
11788423
-8
-12
2
-848
1169
3971
11789448
0
-15
6
-831
1172
3981
11790473
3
-14
6
-814
1206
3975
11791498
-3
-7
3
-816
1203
3970
11792523
-9
-2
2
-816
1190
3981
11793548
-12
-4
2
-819
1171
3981
11794573
-5
-6
3
-816
1185
3978
11795598
-3
-3
3
-805
1194
3972
11796623
-5
4
3
-800
1193
3969
11789440
-6
8
5
-850
1171
3979
11790465
-4
-6
10
-887
1166
3984
11791490
17
-20
14
-842
1209
3969
11792515
48
-8
13
-734
1286
3971
11793540
47
-1
-16
-881
1158
4047
11794565
-38
-45
-79
-905
1114
4195
11795590
-251
-48
-106
-762
1200
4328
11796615
-473
23
-100
-695
1187
4387
11797640
-552
149
-167
-727
1317
4502
11798665
-557
296
-333
-824
1469
4637
11799690
-708
396
-417
-918
1187
4584
11800715
-740
434
-443
-899
1014
4415
11801740
-710
389
-410
-763
1140
4341
11802765
-1006
346
-371
-936
501
4212
11803790
-1096
362
-367
-1168
137
3971
11804815
-842
297
-250
-1013
353
3956
11797631
-657
186
-194
-1045
460
3796
11798656
-623
126
-139
-971
328
3734
11799681
-602
155
-131
-974
323
3909
11800706
-536
75
-110
-1034
398
3759
11801731
-310
12
-68
-1056
325
3718
11802756
-18
17
-57
-1113
333
3685
11803781
61
3
-65
-1086
540
3752
11804806
-116
2
-25
-1078
533
3901
11805831
-216
-20
4
-1181
243
3721
11806856
-51
-68
0
-1243
151
3585
11807881
120
-77
2
-1162
307
3815
11808906
175
-75
33
-1182
457
4176
11809931
136
-10
62
-1169
756
4491
11810956
156
69
109
-1171
149
4107
11811981
-202
90
-29
-1238
760
3260
11813006
-417
-243
12
-1529
259
3237
11805825
31
-503
159
-998
369
3700
11806850
-45
-234
138
-636
310
4945
11807875
137
63
-35
-1350
331
4730
11808900
461
13
-33
-1632
117
3837
11809925
650
-100
52
-1287
276
4063
11810950
429
-30
114
-982
846
4886
11811975
122
140
101
-1152
412
4643
11813000
-62
190
39
-1140
207
3869
11814025
-216
-5
-130
-1287
694
3171
11815050
-133
-243
-33
-1144
226
3716
11816075
-245
-157
14
-842
588
4606
11817100
-614
46
38
-1001
292
4597
11818125
-418
86
11
-1158
155
4166
11819150
96
60
-25
-1142
260
4131
11820175
188
48
-9
-1127
417
4138
11821200
25
56
5
-1127
389
4165
11814016
-57
53
-8
-1097
290
4131
11815041
-36
18
-35
-1128
263
4046
11816066
5
0
-32
-1097
306
4127
11817091
-43
-6
-34
-1079
346
4127
11818116
-79
4
-38
-1068
319
4120
11819141
-38
22
-28
-1088
263
4136
11820166
5
32
-7
-1136
246
4122
11821191
22
36
7
-1131
279
4105
11822216
25
35
12
-1116
319
4103
11823241
7
32
10
-1108
341
4110
11824266
-4
24
2
-1102
370
4108
11825291
-5
21
1
-1109
355
4107
11826316
-7
11
-3
-1109
384
4070
11827341
-17
1
-7
-1092
388
4086
11828366
-23
-5
-11
-1107
365
4086
11829391
-27
-12
-15
-1111
356
4044
11822207
-23
-4
-10
-1107
327
4073
11823232
15
7
-8
-1132
327
4062
11824257
38
10
-5
-1130
353
4061
11825282
28
5
-6
-1159
337
4058
11826307
21
-7
-18
-1142
347
4044
11827332
22
-11
-24
-1118
348
4102
11828357
23
-13
-25
-1120
330
4093
11829382
32
-24
-12
-1117
320
4059
11830407
62
-22
6
-1117
344
4149
11831432
56
-25
18
-1154
335
4132
11832457
59
-30
18
-1131
341
4137
11833482
58
-33
14
-1128
365
4127
11834507
34
-30
11
-1136
355
4106
11835532
29
-21
11
-1109
352
4114
11836557
39
-9
10
-1114
376
4094
11837582
44
0
7
-1115
383
4053
11830400
54
3
3
-1128
396
4029
11831425
56
-9
4
-1131
398
4003
11832450
50
-28
6
-1114
408
4007
11833475
69
-43
5
-1099
412
4056
11834500
76
-57
5
-1102
425
4072
11835525
48
-66
4
-1093
410
4082
11836550
38
-66
6
-1108
372
4105
11837575
70
-64
7
-1112
397
4113
11838600
90
-56
8
-1124
395
4152
11839625
90
-37
7
-1132
421
4182
11840650
80
-18
7
-1148
418
4154
11841675
83
-4
12
-1156
395
4101
11842700
109
16
27
-1211
373
4087
11843725
164
29
48
-1251
404
4055
11844750
200
37
70
-1251
411
3995
11845775
218
41
92
-1210
451
3904
11838592
252
23
119
-1183
441
3799
11839617
265
-21
140
-1101
488
3862
11840642
201
-60
130
-968
640
3971
11841667
134
-87
109
-883
584
3944
11842692
127
-89
75
-835
616
3944
11843717
117
-80
37
-834
659
4029
11844742
96
-73
13
-877
688
4082
11845767
27
-91
24
-890
666
4173
11846792
-45
-107
53
-931
613
4290
11847817
-35
-105
73
-971
548
4323
11848842
51
-79
72
-973
540
4351
11849867
90
-43
60
-970
623
4382
11850892
56
-9
48
-1035
584
4339
11851917
39
15
40
-1048
581
4220
11852942
40
19
29
-1020
609
4143
11853967
21
4
21
-987
614
4100
11846826
-21
-20
20
-955
627
4047
11847851
-11
-39
36
-962
603
4047
11848876
45
-53
64
-979
651
4103
11849901
63
-57
92
-1000
667
4148
11850926
53
-57
103
-1015
634
4153
11851951
51
-52
96
-1013
628
4141
11852976
102
-44
90
-989
625
4113
11854001
177
-29
84
-991
671
4107
11855026
224
-23
76
-1024
711
4094
11856051
248
-25
70
-1009
750
4073
11857076
252
-38
62
-977
815
4068
11858101
226
-48
55
-953
863
4081
11859126
170
-42
48
-944
886
4093
11860151
107
-27
38
-955
841
4103
11861176
80
-17
19
-932
851
4095
11862201
74
-9
2
-937
848
4061
11854977
51
-8
-6
-941
856
4051
11856002
35
-12
-12
-951
842
4051
11857027
40
-13
-20
-942
835
4063
11858052
24
-10
-22
-928
860
4085
11859077
3
-8
-23
-928
872
4069
11860102
-23
-13
-11
-953
896
4061
11861127
-75
-28
19
-951
844
4088
11862152
-102
-22
25
-906
802
4115
11863177
-69
41
-4
-873
704
4159
11864202
-17
105
-42
-966
705
4078
11865227
55
93
-17
-951
812
4013
11866252
19
58
21
-945
839
4033
11867277
-35
48
34
-993
752
4090
11868302
37
65
22
-1001
741
4109
11869327
127
79
26
-1016
695
4032
11870352
170
58
51
-1013
775
4034
11863169
123
37
53
-1012
899
4056
11864194
48
32
41
-1015
845
4054
11865219
67
34
25
-1005
850
4058
11866244
96
35
21
-1002
896
4028
11867269
57
27
26
-1023
881
4013
11868294
47
23
31
-1029
876
4046
11869319
83
30
26
-1027
890
4048
11870344
84
27
20
-1041
917
3992
11871369
61
12
16
-1024
934
4000
11872394
26
-3
10
-1025
959
4029
11873419
-10
-1
3
-1016
882
4069
11874444
21
14
-5
-1030
872
4030
11875469
31
12
-1
-1028
876
4014
11876494
20
3
10
-1036
899
4003
11877519
-11
-19
22
-1023
925
4026
11878544
-1
-13
14
-1007
875
4054
11871361
13
-2
8
-1014
896
4047
11872386
5
5
10
-1019
868
4011
11873411
9
-5
19
-1016
912
4020
11874436
-8
-13
21
-1023
905
4034
11875461
-3
-12
13
-1024
905
4035
11876486
9
-6
12
-1024
896
4039
11877511
12
-7
12
-1021
909
4019
11878536
-1
-14
14
-1022
911
3994
11879561
-1
-18
20
-1000
929
4018
11880586
-5
-25
21
-1004
909
4039
11881611
-5
-14
10
-1012
873
4065
11882636
1
4
-8
-1037
871
4046
11883661
15
13
-14
-1040
885
4045
11884686
33
9
-4
-1043
886
4018
11885711
48
-9
16
-1009
920
3983
11886736
38
-26
31
-971
937
4012
11879552
24
-34
33
-977
961
4010
11880577
-10
-38
32
-982
948
4037
11881602
-27
-30
27
-996
884
4041
11882627
-11
-20
25
-994
876
4057
11883652
3
-4
27
-997
878
4028
11884677
16
7
27
-992
926
4047
11885702
39
25
13
-1015
945
4022
11886727
53
23
5
-1029
952
4009
11887752
127
21
-33
-1020
974
4099
11888777
304
53
-59
-986
716
4187
11889802
441
41
-36
-1053
901
3780
11890827
-85
7
14
-855
1214
3792
11891852
-280
-119
23
-1361
1052
3865
11892877
34
-254
71
-1103
1339
4074
11893902
-130
-206
0
-807
1090
4429
11894927
-28
113
-182
-673
710
4466
11887744
97
220
-205
-1168
762
3619
11888769
171
79
-54
-1054
755
3690
11889794
355
-4
80
-877
930
4045
11890819
223
-9
92
-985
858
3954
11891844
49
-6
20
-1038
1274
3721
11892869
-126
-179
46
-1294
1314
3952
11893894
-182
-168
50
-851
1275
4377
11894919
-259
13
-69
-902
698
4175
11895944
-95
112
-52
-947
681
3927
11896969
28
62
61
-1002
722
3815
11897994
201
6
113
-934
1131
4085
11899019
111
16
92
-1070
1105
4018
11900044
14
-18
45
-1099
1179
3956
11901069
-88
-54
3
-1026
1122
4011
11902094
-120
-61
-44
-1003
955
4023
11903119
-88
-64
-57
-988
961
4019
11895936
-81
-58
-39
-952
966
4017
11896961
-70
-37
-20
-945
941
4044
11897986
-49
-18
-8
-981
917
4032
11899011
-14
-4
9
-979
941
4048
11900036
21
4
13
-981
936
4013
11901061
35
1
8
-968
985
4019
11902086
7
-3
-3
-961
977
4010
11903111
-4
-10
-9
-971
958
4011
11904136
-15
-10
-4
-960
954
4022
11905161
-6
-5
3
-983
949
4007
11906186
2
-5
11
-984
989
4030
11907211
-2
-3
9
-976
981
4011
11908236
0
-1
6
-972
982
4014
11909261
-11
-2
8
-979
969
4031
11910286
-13
-4
5
-994
961
4010
11911311
-18
-8
5
-990
967
4019
11904128
-19
-12
1
-986
966
4018
11905153
-17
-14
-3
-980
959
4035
11906178
-14
-15
-7
-962
944
4030
11907203
-7
-14
-10
-976
951
4023
11908228
-12
-14
-9
-987
971
4038
11909253
-12
-10
-11
-978
957
4027
11910278
-4
-6
-10
-981
946
4031
11911303
0
0
-9
-975
954
4025
11912328
7
5
-12
-980
965
4021
11913353
4
3
-17
-984
984
4011
11914378
-9
2
-19
-977
955
4022
11915403
-8
0
-23
-992
951
4010
11916428
-19
-6
-22
-999
971
4017
11917453
-30
-13
-20
-991
957
4013
11918478
-23
-18
-15
-984
953
4020
11919503
-17
-17
-4
-981
938
4025
11912319
-14
-18
1
-991
938
4010
11913344
-19
-23
1
-975
957
4018
11914369
-29
-31
-1
-949
935
4018
11915394
-23
-34
1
-953
932
4020
11916419
-24
-37
10
-961
902
4031
11917444
-15
-37
19
-960
905
4039
11918469
-1
-32
28
-968
921
4035
11919494
4
-23
31
-954
955
4037
11920519
7
-14
27
-946
984
4024
11921544
-17
-8
25
-955
961
4034
11922569
-16
-10
18
-964
957
4016
11923594
-21
-15
16
-970
951
4019
11924619
-28
-24
17
-974
925
4030
11925644
-13
-33
12
-964
935
4038
11926669
-19
-39
13
-947
920
4045
11927694
-19
-40
23
-936
884
4042
11920512
-1
-37
33
-937
900
4043
11921537
17
-30
42
-923
915
4051
11922562
36
-15
40
-913
962
4052
11923587
25
1
41
-911
910
4054
11924612
45
13
43
-919
941
4037
11925637
45
22
40
-928
972
4030
11926662
28
23
34
-948
972
4028
11927687
21
18
26
-954
970
4021
11928712
15
8
25
-979
938
4023
11929737
17
-2
24
-947
966
4031
11930762
12
-3
19
-936
981
4023
11931787
4
-1
16
-945
959
4024
11932812
4
1
14
-941
974
4034
11933837
-2
5
17
-937
960
4032
11934862
-3
8
22
-944
987
4027
11935887
-12
-4
38
-935
1040
4023
11928705
-35
-6
69
-914
976
4042
11929730
-5
32
53
-921
899
4045
11930755
79
65
-8
-927
953
4054
11931780
128
62
-19
-1001
914
4019
11932805
215
62
16
-947
976
4031
11933830
136
70
53
-978
908
4015
11934855
159
66
78
-950
961
4004
11935880
135
47
92
-971
1054
3980
11936905
92
26
78
-985
1086
3988
11937930
83
13
47
-966
1091
3985
11938955
69
14
14
-945
1152
3970
11939980
6
14
-1
-965
1120
3963
11941005
-37
10
1
-1012
1070
3969
11942030
-46
-3
6
-1044
1094
3973
11943055
-69
-17
-1
-1008
1040
4018
11944080
-35
-10
-8
-965
990
4027
11936897
-3
6
5
-940
961
4019
11937922
21
15
8
-969
1053
3965
11938947
-2
6
9
-981
1080
3992
11939972
-2
-2
4
-1010
1038
3987
11940997
-10
-13
4
-993
1067
3988
11942022
-18
-15
-1
-974
1043
4000
11943047
-6
-5
-3
-961
1025
4001
11944072
3
2
-1
-961
1065
4000
11945097
6
8
2
-973
1004
3990
11946122
26
11
3
-971
1024
4001
11947147
46
17
2
-974
1020
3998
11948172
81
29
-5
-978
1023
3985
11949197
100
31
-15
-1004
1071
4000
11950222
84
32
-23
-1010
1032
4025
11951247
75
24
-16
-1007
1051
3941
11952272
-19
6
-8
-890
1089
3875
11945088
-178
-77
-57
-1198
1447
3869
11946113
-138
-148
-40
-1069
1298
3937
11947138
-224
-211
-30
-963
1292
4051
11948163
-191
-94
-115
-804
641
4283
11949188
182
55
-216
-948
677
4020
11950213
246
63
-79
-963
876
3883
11951238
193
40
40
-915
956
4121
11952263
297
76
52
-977
823
4072
11953288
402
53
38
-1004
1133
3858
11954313
-13
9
23
-965
1336
3742
11955338
-155
-62
30
-1166
1073
4030
11956363
88
-96
-3
-1030
1339
3922
11957388
-164
-122
-16
-986
1374
3976
11958413
-314
-102
-12
-938
1038
4029
11959438
-261
-63
11
-892
884
4060
11960463
-123
-17
32
-896
962
4036
11953280
-37
14
38
-933
1060
4008
11954305
-42
26
34
-958
1076
4003
11955330
-63
21
15
-964
1052
4005
11956355
-58
6
-3
-970
1012
4008
11957380
-45
-7
-7
-973
991
4014
11958405
-35
-17
-5
-982
1003
3994
11959430
-31
-21
0
-967
1023
4021
11960455
-23
-16
1
-941
1005
4022
11961480
-7
-4
4
-943
1015
4002
11962505
-7
6
7
-941
1039
4018
11963530
-9
11
5
-963
1003
4008
11964555
-3
6
3
-970
1012
4006
11965580
-5
1
-1
-967
1016
4008
11966605
-5
-4
-5
-973
1007
4010
11967630
-6
-7
-8
-956
1023
4009
11968655
-12
-4
-10
-961
1011
4000
11961472
-14
-2
-6
-962
1016
4018
11962497
-10
0
-2
-957
1002
4007
11963522
-1
-1
1
-969
1012
4014
11964547
-6
-4
0
-967
1002
4016
11965572
-4
-7
-4
-981
1004
4019
11966597
0
-13
-3
-968
999
4011
11967622
5
-13
2
-945
1019
4013
11968647
1
-9
4
-960
1010
4016
11969672
3
-8
5
-969
1007
4007
11970697
8
-6
6
-963
1014
4004
11971722
3
-7
3
-957
1019
4007
11972747
-8
-5
1
-950
1017
4007
11973772
-12
-1
-2
-957
1011
4013
11974797
-8
1
-3
-960
1003
4016
11975822
-4
2
0
-958
993
4019
11976847
-2
1
4
-964
1003
4008
11969664
-1
1
6
-965
1020
4009
11970689
-5
0
2
-962
1017
4008
11971714
-7
-1
-3
-968
1009
4007
11972739
-9
-4
-1
-970
1013
3998
11973764
-10
-8
1
-966
1007
4015
11974789
-9
-10
1
-968
1004
4014
11975814
-9
-9
3
-973
995
4013
11976839
-5
-11
1
-969
996
4015
11977864
2
-11
1
-959
996
4014
11978889
0
-11
3
-950
1000
4010
11979914
-4
-10
4
-951
1016
4012
11980939
-7
-6
3
-955
1009
4007
11981964
-11
-6
0
-968
1000
4009
11982989
-8
-9
0
-975
996
4015
11984014
-2
-12
3
-969
994
4005
11985039
-3
-13
6
-953
997
4014
11977855
-3
-13
5
-942
1019
4017
11978880
-8
-6
2
-946
1018
4002
11979905
-9
-1
2
-968
1000
4007
11980930
-13
-5
8
-972
994
4012
11981955
-3
-8
11
-973
974
4004
11982980
6
-12
6
-957
1024
4007
11984005
-10
-14
1
-966
1006
4005
11985030
-11
-15
3
-943
1002
4017
11986055
-5
-15
10
-944
984
4020
11987080
1
-14
14
-952
999
4024
11988105
1
-11
13
-964
995
4012
11989130
6
-12
10
-960
1012
4010
11990155
-2
-11
12
-956
1008
4008
11991180
-9
-9
9
-947
1017
4014
11992205
-13
-6
2
-944
1001
4016
11993230
-12
-3
1
-943
983
4020
11986047
-5
-1
10
-964
974
4013
11987072
1
-4
16
-962
1004
4013
11988097
2
-7
17
-955
1012
4005
11989122
0
-7
11
-943
1028
4010
11990147
-14
-5
5
-944
1007
4015
11991172
-20
-6
2
-955
993
4020
11992197
-16
-6
5
-959
978
4021
11993222
-4
-8
9
-954
976
4017
11994247
-3
-10
10
-943
995
4024
11995272
-6
-7
9
-946
1004
4009
11996297
-10
-6
8
-939
1012
4022
11997322
-21
-5
8
-943
994
4027
11998347
-20
-4
8
-948
973
4022
11999372
-14
-13
18
-965
1010
4014
12000397
-24
-28
35
-940
1004
4027
12001422
-15
-20
31
-951
946
4014
11994240
6
-17
19
-936
986
4022
11995265
7
-12
9
-928
999
4018
11996290
-2
-3
8
-937
988
4023
11997315
-14
-2
9
-944
1021
4020
11998340
-15
-6
11
-949
997
4019
11999365
-13
-8
9
-934
981
4030
12000390
-6
-1
5
-933
970
4035
12001415
-5
4
3
-948
967
4020
12002440
4
1
3
-951
986
4019
12003465
5
-8
1
-954
1017
4014
12004490
-10
-15
2
-938
995
4018
12005515
-5
-13
-5
-938
981
4034
12006540
6
-8
-6
-941
971
4025
12007565
11
-8
2
-938
992
4015
12008590
1
-16
10
-945
1031
4012
12009615
-17
-21
10
-940
1004
4020
12002432
-21
-24
8
-930
1014
4020
12003457
-43
-14
19
-912
962
4028
12004482
-27
11
19
-888
957
4036
12005507
-33
32
8
-931
1042
4014
12006532
-55
38
-19
-938
907
4085
12007557
126
50
-70
-1003
926
4006
12008582
105
13
-32
-964
1103
3968
12009607
-6
-8
-3
-965
963
4019
12010632
41
-10
-17
-949
938
4058
12011657
74
-3
-5
-928
989
4012
12012682
2
-3
30
-947
1008
3995
12013707
-25
-12
38
-967
1030
3997
12014732
-29
-26
29
-962
1048
3999
12015757
-43
-30
16
-930
977
4039
12016782
-26
-26
6
-921
969
4025
12017807
-27
-21
11
-904
979
4042
12010624
-4
-8
9
-913
976
4037
12011649
25
7
11
-917
965
4024
12012674
54
18
9
-934
993
4004
12013699
40
16
14
-954
1010
3998
12014724
36
10
11
-950
1044
4013
12015749
23
7
4
-936
999
4018
12016774
37
10
-3
-944
967
3990
12017799
117
24
-24
-932
911
4083
12018824
349
63
-145
-841
984
4222
12019849
608
121
-204
-948
966
3910
12020874
293
54
-7
-1085
925
3767
12021899
-158
-15
35
-1025
1679
3630
12022924
-390
-209
8
-1371
1901
3964
12023949
-469
-285
-41
-971
1341
3974
12024974
-495
-214
-115
-707
746
4386
12025999
-218
45
-185
-724
202
4270
12018816
203
124
-116
-1014
621
3784
12019841
281
92
68
-858
869
4071
12020866
469
129
68
-860
786
4198
12021891
477
121
89
-981
960
3848
12022916
91
89
78
-840
1415
3791
12023941
-181
11
3
-1162
1419
3929
12024966
-38
-24
-6
-1092
1063
3954
12025991
-118
-74
-14
-1067
1228
3983
12027016
-304
-94
22
-1021
1059
4008
12028041
-285
-84
54
-918
888
4052
12029066
-132
-48
58
-896
972
4066
12030091
-33
-14
54
-918
1053
4041
12031116
-20
3
42
-921
1052
4015
12032141
-21
8
28
-950
992
3999
12033166
-17
-4
9
-932
1025
4016
12034191
-32
-14
-2
-954
976
4000
12027008
-29
-24
5
-955
985
4015
12028033
-22
-25
10
-939
1003
4024
12029058
-16
-17
13
-940
1008
4020
12030083
-21
-8
15
-941
1020
4024
12031108
-24
0
7
-948
1007
4023
12032133
-12
8
1
-956
997
4020
12033158
-5
8
0
-956
987
4028
12034183
-2
4
-2
-950
979
4010
12035208
-4
-3
-3
-939
1015
4009
12036233
-13
-9
-2
-942
996
4006
12037258
-5
-18
3
-955
984
4021
12038283
-1
-25
8
-937
985
4019
12039308
0
-24
6
-928
1006
4029
12040333
-2
-18
2
-932
1009
4018
12041358
-3
-11
4
-931
993
4024
12042383
1
-7
9
-946
984
4023
12035200
3
-5
12
-948
998
4030
12036225
9
-3
9
-942
1007
4015
12037250
4
2
5
-936
1032
4010
12038275
-13
5
1
-944
1013
4021
12039300
-17
5
-4
-950
987
4027
12040325
-11
4
-4
-927
987
4020
12041350
-4
3
-1
-932
979
3997
12042375
-2
2
7
-937
990
4017
12043400
-5
-1
10
-939
995
4016
12044425
3
-6
7
-948
1002
4009
12045450
-7
-11
5
-946
1013
4020
12046475
-14
-12
5
-954
984
4018
12047500
-5
-13
5
-961
987
4016
12048525
-4
-13
8
-953
979
4019
12049550
2
-13
7
-935
993
4027
12050575
6
-10
1
-927
1016
4020
12043392
-5
-6
-4
-930
1012
4021
12044417
-14
-4
-4
-942
988
4020
12045442
-9
-4
0
-945
987
4024
12046467
-5
-5
3
-940
980
4027
12047492
1
-5
4
-940
991
4016
12048517
-1
-4
5
-946
1004
4016
12049542
-6
-5
4
-944
1005
4019
12050567
-8
-7
-1
-942
1000
4022
12051592
-11
-6
-5
-940
1000
4022
12052617
-12
-4
-6
-931
991
4024
12053642
-10
-3
-4
-943
987
4025
12054667
-6
-7
0
-950
973
4017
12055692
3
-16
4
-945
995
4022
12056717
15
-19
4
-948
1068
4028
12057742
2
-38
-3
-1029
1007
4039
12058767
-59
-88
1
-1073
938
4067
12051585
-121
-129
32
-976
918
4193
12052610
-208
-105
1
-807
1256
4378
12053635
-461
7
-74
-801
1095
4502
12054660
-601
184
-161
-895
941
4623
12055685
-648
372
-263
-842
1116
4710
12056710
-616
533
-307
-831
979
4610
12057735
-474
636
-325
-849
900
4470
12058760
-330
652
-317
-916
867
4278
12059785
-287
586
-286
-1052
887
4036
12060810
-445
475
-229
-920
722
3840
12061835
-359
501
-179
-795
368
3801
12062860
35
512
-233
-935
754
3696
12063885
6
432
-243
-957
766
3475
12064910
-130
461
-236
-1007
426
3774
12065935
-128
475
-213
-1085
408
3904
12066960
-46
422
-154
-1277
336
3646
12060025
52
312
-106
-1578
333
3347
12061050
85
196
-43
-1705
340
3377
12062075
48
136
14
-1724
359
3683
12063100
-37
85
67
-1787
373
3834
12064125
-70
26
123
-1880
332
3822
12065150
16
-17
141
-1909
436
3763
12066175
38
-66
160
-1833
462
3772
12067200
-12
-40
183
-1698
460
4150
12068225
-45
8
185
-1622
488
4233
12069250
13
42
154
-1645
484
4025
12070275
190
61
119
-1690
481
3999
12071300
266
80
135
-1641
720
4291
12072325
212
123
155
-1581
816
4304
12073350
21
237
32
-1539
654
3787
12074375
-312
72
-139
-1881
888
3168
12075400
-48
-232
18
-1829
395
3085
12067968
160
-437
61
-1410
842
3384
12068993
38
-168
36
-1218
573
4712
12070018
106
29
-100
-1654
836
4459
12071043
172
25
-84
-1921
464
3760
12072068
384
-22
-29
-1719
455
3849
12073093
451
21
48
-1526
762
4384
12074118
291
155
29
-1388
698
4307
12075143
-232
267
-109
-1559
898
3480
12076168
-408
68
-79
-1687
136
3388
12077193
362
-41
-47
-1428
550
3813
12078218
260
-45
-60
-1433
1068
4028
12079243
-224
7
-36
-1487
663
4056
12080268
-181
31
-13
-1563
514
3976
12081293
22
24
-16
-1624
613
3888
12082318
65
15
-17
-1621
714
3897
12083343
-12
10
-24
-1604
685
3900
12076160
-47
3
-35
-1645
621
3904
12077185
-49
-2
-43
-1629
655
3934
12078210
-56
-1
-42
-1610
664
3925
12079235
-51
-1
-36
-1594
632
3897
12080260
-35
14
-27
-1572
641
3937
12081285
-31
27
-21
-1588
647
3905
12082310
-17
31
-12
-1592
617
3863
12083335
4
31
-7
-1581
634
3904
12084360
1
26
-7
-1598
648
3880
12085385
-12
19
-6
-1591
633
3857
12086410
-8
14
-5
-1574
638
3861
12087435
-10
-1
-4
-1589
632
3837
12088460
-14
-15
2
-1575
612
3865
12089485
-7
-17
3
-1564
633
3897
12090510
-11
-18
3
-1543
638
3879
12091535
-3
-16
1
-1551
647
3889
12084352
3
-17
1
-1578
645
3895
12085377
0
-19
-2
-1597
630
3890
12086402
6
-19
-8
-1607
646
3906
12087427
7
-20
-9
-1616
648
3901
12088452
7
-20
-10
-1601
670
3921
12089477
0
-19
-10
-1593
666
3928
12090502
1
-15
-10
-1591
677
3938
12091527
5
-13
-9
-1594
654
3916
12092552
7
-11
-4
-1608
636
3903
12093577
-8
-11
-2
-1587
654
3905
12094602
-13
1
-1
-1563
644
3958
12095627
6
7
-2
-1574
649
3928
12096652
8
11
-2
-1593
644
3908
12097677
-1
8
-4
-1578
633
3910
12098702
-8
0
-7
-1585
635
3870
12099727
-22
-9
-4
-1566
614
3868
12092544
-23
-8
2
-1562
615
3920
12093569
-5
-13
7
-1574
621
3895
12094594
2
-14
12
-1569
641
3905
12095619
-6
-16
12
-1574
645
3896
12096644
-6
-19
14
-1576
645
3893
12097669
-11
-18
9
-1581
665
3894
12098694
-22
-18
5
-1590
650
3904
12099719
-25
-16
4
-1593
641
3922
12100744
-19
-13
6
-1598
620
3917
12101769
-6
-9
8
-1585
620
3914
12102794
-1
-5
10
-1590
632
3914
12103819
4
-1
10
-1602
628
3920
12104844
6
-3
6
-1596
644
3917
12105869
-1
-8
5
-1587
652
3913
12106894
-9
-9
4
-1594
631
3925
12107919
-15
-6
-2
-1589
635
3920
12100737
-17
-3
-4
-1571
639
3915
12101762
-8
-4
1
-1555
643
3914
12102787
3
-5
2
-1573
623
3899
12103812
1
-9
-5
-1566
642
3903
12104837
-15
-12
-9
-1571
631
3910
12105862
-26
-12
-2
-1558
606
3923
12106887
-17
-8
8
-1548
603
3905
12107912
-1
-7
14
-1553
619
3903
12108937
-10
-8
20
-1578
617
3912
12109962
-25
-10
24
-1583
602
3904
12110987
-43
-13
28
-1566
621
3916
12112012
-64
-25
25
-1590
636
3922
12113037
-108
-145
30
-1626
747
3856
12114062
-194
-264
89
-1370
616
3814
12115087
-76
-124
100
-1384
500
4007
12116112
74
4
56
-1584
719
4121
12108929
92
30
26
-1643
578
3962
12109954
75
16
47
-1618
476
3822
12110979
49
-2
51
-1546
641
3879
12112004
-1
-9
36
-1480
716
4009
12113029
-34
-11
28
-1528
567
3966
12114054
7
-5
19
-1539
550
3896
12115079
10
5
3
-1508
759
3945
12116104
-56
12
-20
-1521
656
3952
12117129
-37
14
-28
-1552
615
3913
12118154
-19
-21
-18
-1549
640
3822
12119179
-39
-34
7
-1507
566
3895
12120204
-26
-2
11
-1496
611
4038
12121229
4
12
4
-1545
621
3982
12122254
19
5
-5
-1537
650
3905
12123279
-2
-7
-8
-1545
626
3859
12124304
-13
-10
-8
-1543
598
3929
12117119
-6
-19
-7
-1521
607
3989
12118144
-10
-10
-7
-1518
596
3977
12119169
0
-9
-2
-1521
603
3937
12120194
-1
-20
-2
-1509
580
3879
12121219
5
-24
-2
-1500
582
3912
12122244
0
-28
3
-1502
599
3962
12123269
10
-19
8
-1482
585
3977
12124294
74
-5
3
-1522
495
3917
12125319
191
12
8
-1543
594
4138
12126344
282
43
42
-1476
842
4415
12127369
76
141
-5
-1405
732
4056
12128394
-323
224
-135
-1590
773
3517
12129419
-179
-32
-113
-1804
195
3347
12130444
313
-296
-13
-1574
832
3290
12131469
-69
-419
50
-1272
977
3586
12132494
-414
-125
81
-1138
230
4738
12125314
79
99
-23
-1634
578
4509
12126339
447
81
-28
-1840
628
3871
12127364
536
71
38
-1629
564
4189
12128389
555
137
77
-1516
879
4386
12129414
84
235
17
-1502
717
3847
12130439
-351
183
-103
-1612
707
3313
12131464
-101
-33
-87
-1607
402
3520
12132489
254
-123
-74
-1417
977
3843
12133514
-65
-85
-71
-1428
957
4013
12134539
-283
-15
-43
-1476
624
4057
12135564
-109
22
-19
-1573
567
3942
12136589
93
31
4
-1629
630
3879
12137614
119
28
17
-1609
687
3896
12138639
55
23
6
-1589
711
3889
12139664
-2
2
-8
-1568
685
3843
12140689
-30
-5
-13
-1527
701
3928
12133505
-33
-12
-8
-1533
687
3927
12134530
-17
-19
3
-1518
682
3891
12135555
-17
-6
8
-1487
719
3946
12136580
-9
3
14
-1533
675
3907
12137605
21
-4
17
-1556
657
3867
12138630
26
-3
15
-1553
706
3951
12139655
2
-3
9
-1554
719
3942
12140680
-16
-10
13
-1553
665
3881
12141705
-3
-10
20
-1548
653
3937
12142730
16
-10
25
-1562
689
3927
12143755
7
-5
25
-1553
710
3914
12144780
-2
6
24
-1566
697
3947
12145805
9
5
24
-1590
694
3915
12146830
13
8
17
-1567
735
3910
12147855
-10
7
12
-1550
726
3899
12148880
-16
6
11
-1555
695
3893
12141696
0
3
8
-1543
693
3867
12142721
15
-1
11
-1548
713
3867
12143746
7
-11
15
-1543
727
3875
12144771
-5
-13
13
-1534
710
3890
12145796
6
-19
10
-1546
707
3855
12146821
13
-24
13
-1553
706
3892
12147846
12
-20
11
-1573
717
3935
12148871
9
-25
7
-1570
718
3889
12149896
3
-19
4
-1561
715
3934
12150921
3
-18
1
-1591
703
3936
12151946
9
-16
-1
-1561
712
3934
12152971
2
-6
-1
-1552
724
3943
12153996
4
0
1
-1552
710
3917
12155021
10
1
1
-1572
715
3928
12156046
5
0
0
-1567
710
3909
12157071
5
-2
-1
-1542
709
3893
12149888
-1
-1
-1
-1532
725
3911
12150913
-6
0
-1
-1539
717
3893
12151938
1
-6
-3
-1537
718
3888
12152963
-1
-5
-2
-1517
723
3911
12153988
7
-9
1
-1524
706
3878
12155013
13
-12
2
-1539
702
3875
12156038
6
-17
4
-1545
672
3890
12157063
-6
-12
-3
-1513
758
3957
12158088
-20
-11
-8
-1503
729
3926
12159113
-8
-10
1
-1540
668
3908
12160138
6
-9
4
-1558
694
3915
12161163
-2
-12
9
-1557
699
3923
12162188
-12
-11
11
-1548
696
3916
12163213
-10
-11
12
-1546
708
3902
12164238
-6
-10
13
-1530
728
3917
12165263
-12
-11
10
-1524
723
3899
12158080
-10
-11
8
-1514
733
3899
12159105
-6
-12
8
-1524
731
3893
12160130
1
-14
8
-1541
716
3878
12161155
-4
-20
6
-1542
720
3896
12162180
-23
-26
5
-1529
725
3901
12163205
-36
-29
9
-1528
691
3873
12164230
-18
-35
19
-1531
651
3908
12165255
6
-23
32
-1520
700
4015
12166280
-22
-84
76
-1529
649
3990
12167305
-31
-99
47
-1503
748
3925
12168330
-80
-112
16
-1502
824
3822
12169355
-155
-128
5
-1487
841
3834
12170380
-175
-116
44
-1416
520
3880
12171405
12
-43
27
-1529
619
4037
12172430
71
-19
20
-1544
743
3992
12173455
22
-18
25
-1536
661
3918
12166272
43
-53
18
-1497
683
3843
12167297
16
-61
-1
-1417
760
3900
12168322
-29
-32
-8
-1406
737
4091
12169347
-27
-7
0
-1463
683
4076
12170372
-2
1
-3
-1493
701
3936
12171397
-3
-2
-6
-1464
698
3936
12172422
-23
6
-13
-1452
663
3993
12173447
-25
20
-23
-1459
667
4007
12174472
-23
15
-19
-1466
632
3981
12175497
-5
7
1
-1450
613
3980
12176522
1
4
2
-1449
657
3928
12177547
-25
2
4
-1441
659
3906
12178572
-29
11
7
-1432
632
3944
12179597
-7
31
3
-1445
637
3970
12180622
8
27
5
-1471
653
3916
12181647
7
-6
14
-1449
684
3856
12174464
-16
-25
24
-1418
698
3874
12175489
-33
-21
19
-1421
676
3907
12176514
-4
-19
18
-1442
615
3891
12177539
41
-21
18
-1459
628
3868
12178564
68
-9
21
-1455
614
3911
12179589
185
5
17
-1523
773
4156
12180614
209
11
56
-1458
897
4359
12181639
96
79
68
-1523
614
4126
12182664
-23
128
-20
-1535
792
3705
12183689
-130
-91
-122
-1732
892
3278
12184714
-94
-339
7
-1521
643
3268
12185739
-114
-293
1
-1149
839
3906
12186764
-223
-80
-38
-1251
737
4628
12187789
-86
34
-41
-1553
507
4307
12188814
247
62
8
-1603
635
3988
12189839
356
68
46
-1560
728
4034
12182656
274
88
56
-1507
722
4210
12183681
308
162
18
-1341
683
4277
12184706
237
265
-110
-1374
951
3958
12185731
-152
106
-156
-1708
561
3479
12186756
123
-38
-80
-1522
480
3481
12187781
138
-93
-93
-1316
1186
3757
12188806
-183
-46
-74
-1318
862
4027
12189831
-181
-8
-33
-1422
625
4030
12190856
7
17
0
-1511
594
3901
12191881
143
23
32
-1516
736
3884
12192906
100
25
38
-1502
803
3923
12193931
23
17
20
-1492
784
3899
12194956
-5
2
5
-1491
774
3906
12195981
-1
-19
-3
-1518
759
3903
12197006
-1
-35
-8
-1495
791
3910
12198031
-33
-18
-11
-1473
795
3992
12190848
-34
-3
-9
-1495
768
3949
12191873
-5
5
3
-1489
735
3912
12192898
16
17
9
-1505
767
3948
12193923
7
17
11
-1514
771
3911
12194948
-7
17
11
-1504
767
3899
12195973
-4
2
8
-1504
760
3856
12196998
-10
-5
9
-1483
768
3896
12198023
-14
-4
6
-1485
784
3924
12199048
-16
-5
7
-1489
765
3890
12200073
-11
3
12
-1484
751
3911
12201098
6
3
13
-1505
761
3901
12202123
13
1
17
-1508
784
3890
12203148
5
-1
16
-1489
776
3914
12204173
3
-4
13
-1491
789
3910
12205198
-3
-7
8
-1494
798
3923
12206223
-12
-6
7
-1501
768
3925
12199178
2
-9
6
-1508
757
3896
12200203
9
-7
6
-1498
785
3929
12201228
-8
-3
8
-1511
765
3935
12202253
-6
0
10
-1511
755
3921
12203278
3
3
5
-1503
765
3927
12204303
5
5
3
-1497
769
3921
12205328
0
7
2
-1502
774
3910
12206353
-2
5
0
-1484
759
3887
12207378
0
4
4
-1478
782
3908
12208403
-3
-3
7
-1503
752
3879
12209428
4
-4
2
-1496
766
3905
12210453
0
-5
-2
-1512
773
3933
12211478
-8
-9
0
-1494
765
3906
12212503
-5
-8
6
-1485
744
3900
12213528
7
-8
10
-1501
748
3926
12214553
0
-10
13
-1514
755
3925
12207232
-12
-9
15
-1505
746
3922
12208257
-12
-11
16
-1495
762
3921
12209282
-13
-8
13
-1480
797
3933
12210307
-18
0
8
-1485
781
3923
12211332
-13
5
9
-1489
755
3909
12212357
-3
4
12
-1501
768
3900
12213382
-3
0
15
-1512
768
3885
12214407
0
-6
15
-1503
773
3893
12215432
-2
-12
11
-1499
790
3899
12216457
-10
-15
6
-1493
790
3905
12217482
-9
-11
3
-1493
782
3899
12218507
-1
-8
2
-1518
768
3905
12219532
2
-9
1
-1522
777
3913
12220557
-2
-10
0
-1510
764
3898
12221582
-2
-9
-3
-1496
769
3908
12222607
-7
-9
-4
-1497
773
3914
12215424
-1
-10
-2
-1490
745
3909
12216449
11
-12
-2
-1491
755
3920
12217474
7
-10
-1
-1495
778
3930
12218499
-1
-6
-1
-1497
776
3922
12219524
0
-7
1
-1499
763
3920
12220549
6
-9
1
-1498
770
3928
12221574
-7
-11
0
-1487
764
3927
12222599
-18
-10
-1
-1483
752
3920
12223624
-14
-8
0
-1479
751
3925
12224649
-9
-6
6
-1473
756
3942
12225674
-7
-4
14
-1478
754
3921
12226699
-8
-5
17
-1503
742
3918
12227724
-12
-8
13
-1504
770
3925
12228749
-27
-13
10
-1472
756
3911
12229774
-37
-13
13
-1442
772
3910
12230799
-19
-13
15
-1475
738
3926
12223616
7
-11
14
-1490
766
3954
12224641
-8
-8
15
-1496
765
3933
12225666
-14
-5
17
-1488
746
3916
12226691
-16
-17
15
-1535
784
3895
12227716
-72
-119
9
-1517
887
3782
12228741
-118
-208
54
-1389
699
3888
12229766
-9
-135
98
-1340
624
4012
12230791
74
-34
77
-1469
837
4013
12231816
-11
-6
35
-1527
793
3916
12232841
-76
3
34
-1476
648
3920
12233866
54
34
23
-1489
718
4110
12234891
83
22
13
-1474
834
4023
12235916
-14
2
0
-1480
718
3826
12236941
-40
-10
-19
-1432
734
3841
12237966
-20
-6
-31
-1391
829
3995
12238991
-44
-8
-27
-1406
802
3952
12231809
-50
-11
-10
-1453
688
3881
12232834
-26
-16
2
-1435
713
3883
12233859
-17
-5
4
-1409
758
3949
12234884
-32
9
0
-1422
750
3948
12235909
-30
-2
5
-1458
718
3898
12236934
-25
-23
12
-1465
714
3907
12237959
-44
-32
10
-1454
736
3911
12238984
-51
-23
12
-1428
714
3962
12240009
-24
-9
6
-1430
727
3999
12241034
-7
-6
11
-1456
720
3973
12242059
12
-12
18
-1468
736
3911
12243084
-2
-29
15
-1435
771
3861
12244109
-23
-22
17
-1404
711
3956
12245134
4
-16
14
-1415
720
3980
12246159
19
-8
11
-1412
741
3976
12247184
37
28
16
-1420
671
4099
12240000
138
66
32
-1453
732
4197
12241025
280
82
53
-1490
759
4119
12242050
128
100
38
-1461
702
3808
12243075
-205
58
-66
-1484
1007
3350
12244100
-298
-141
-66
-1531
570
3441
12245125
30
-253
2
-1384
805
3761
12246150
-134
-255
41
-1123
919
4110
12247175
-131
-37
41
-1343
520
4468
12248200
250
63
6
-1601
750
4144
12249225
334
72
34
-1566
849
3989
12250250
186
80
47
-1515
731
4046
12251275
107
104
31
-1481
801
4295
12252300
188
143
15
-1461
740
4303
12253325
92
173
-49
-1386
685
3748
12254350
-146
108
-165
-1570
919
3331
12255375
-33
-66
-74
-1499
444
3493
12248193
225
-132
-80
-1232
1198
3706
12249218
-84
-69
-71
-1260
1081
3991
12250243
-249
32
-31
-1402
666
4145
12251268
-53
71
12
-1523
597
3971
12252293
186
63
29
-1543
759
3870
12253318
174
54
42
-1519
816
3902
12254343
51
31
26
-1540
798
3851
12255368
-10
-11
9
-1500
776
3832
12256393
-22
-27
-2
-1452
817
3990
12257418
-27
-38
-8
-1459
834
3968
12258443
-23
-35
-1
-1447
804
3950
12259468
-11
-11
6
-1448
788
3991
12260493
15
-4
14
-1476
797
3941
12261518
19
4
18
-1496
803
3962
12262543
0
7
9
-1494
802
3940
12263568
-6
3
3
-1480
801
3917
12256384
-16
5
2
-1461
804
3938
12257409
-23
9
4
-1452
792
3930
12258434
-5
14
9
-1471
793
3916
12259459
4
14
13
-1491
801
3902
12260484
-4
13
13
-1489
816
3897
12261509
-17
5
12
-1472
811
3882
12262534
-21
1
10
-1468
806
3892
12263559
-7
-2
9
-1471
809
3894
12264584
-3
-4
6
-1463
819
3879
12265609
-6
-8
7
-1469
809
3884
12266634
-1
-10
12
-1482
799
3892
12267659
13
-15
10
-1488
826
3907
12268684
-4
-20
6
-1471
830
3901
12269709
-11
-16
2
-1469
796
3909
12270734
9
-16
1
-1480
804
3905
12271759
3
-13
3
-1486
815
3932
12264576
-3
-13
5
-1500
777
3921
12265601
12
-14
3
-1484
825
3916
12266626
-1
-14
3
-1472
820
3927
12267651
-4
-12
0
-1471
801
3937
12268676
1
-13
-2
-1475
797
3931
12269701
-7
-12
0
-1472
785
3922
12270726
-4
-9
4
-1463
780
3926
12271751
-4
-7
10
-1461
784
3932
12272776
-7
-3
9
-1464
801
3940
12273801
-5
-3
7
-1456
813
3916
12274826
-7
0
2
-1456
819
3924
12275851
-16
-1
-2
-1468
804
3904
12276876
-14
-1
-2
-1467
800
3884
12277901
-4
-1
0
-1447
814
3891
12278926
11
-4
6
-1466
818
3890
12279951
17
-11
2
-1482
814
3874
12272769
4
-16
-4
-1489
823
3885
12273794
-7
-20
-6
-1480
811
3903
12274819
-5
-22
-2
-1450
812
3932
12275844
6
-19
-1
-1460
805
3939
12276869
13
-15
-2
-1477
815
3942
12277894
-3
-11
-4
-1481
800
3946
12278919
-3
-5
-4
-1465
795
3945
12279944
1
-4
-3
-1459
797
3934
12280969
-10
-2
-4
-1460
793
3935
12281994
-13
-1
-2
-1440
778
3920
12283019
-6
3
4
-1425
790
3917
12284044
1
2
11
-1443
798
3901
12285069
-3
-1
14
-1453
805
3904
12286094
-11
-5
9
-1451
806
3906
12287119
-17
-11
8
-1444
782
3895
12288144
-12
-13
11
-1455
779
3891
12280960
0
-16
15
-1464
792
3909
12281985
-6
-16
18
-1463
806
3911
12283010
-8
-15
16
-1472
817
3917
12284035
-11
-17
13
-1477
814
3917
12285060
-9
-16
9
-1469
817
3919
12286085
-9
-13
6
-1465
807
3932
12287110
-5
-13
3
-1469
813
3914
12288135
-7
-12
6
-1474
793
3919
12289160
-11
-11
6
-1464
802
3916
12290185
-5
-10
8
-1469
796
3930
12291210
-4
-10
5
-1465
801
3942
12292235
-13
-8
2
-1456
801
3937
12293260
-18
-9
-1
-1468
794
3943
12294285
-39
-35
-10
-1485
826
3917
12295310
-102
-175
7
-1480
930
3767
12296335
-152
-258
96
-1179
731
3881
12289152
44
-78
103
-1346
582
4187
12290177
203
38
33
-1583
865
4055
12291202
96
20
33
-1538
765
3794
12292227
-35
-23
51
-1389
736
3827
12293252
-30
1
43
-1306
812
4076
12294277
0
12
32
-1345
825
4019
12295302
12
-4
31
-1389
651
3864
12296327
54
23
24
-1397
779
4097
12297352
94
73
53
-1368
866
4513
12298377
171
147
39
-1385
708
4226
12299402
-228
235
-142
-1466
1245
3404
12300427
-515
-123
-129
-1769
519
2867
12301452
58
-509
14
-1347
978
2753
12302477
-190
-439
46
-841
978
4322
12303502
-260
61
-7
-956
567
5469
12304527
160
226
-65
-1871
503
4027
12297345
563
115
45
-1811
352
3366
12298370
819
59
94
-1359
1173
4313
12299395
478
91
102
-1422
1106
4488
12300420
35
178
55
-1441
673
3947
12301445
-217
156
-88
-1413
1063
3382
12302470
-275
-58
-140
-1497
731
3362
12303495
132
-196
-132
-1356
1096
3626
12304520
-154
-124
-126
-1216
1260
4185
12305545
-563
-15
-59
-1360
731
4251
12306570
-409
36
-3
-1495
455
3964
12307595
119
50
7
-1515
602
3902
12308620
256
40
32
-1493
845
3969
12309645
60
34
26
-1452
868
4003
12310670
-38
29
-6
-1449
846
3987
12311695
-56
17
-25
-1445
794
3949
12312720
-39
1
-26
-1441
788
3906
12305536
-31
-9
-19
-1387
812
3905
12306561
-33
7
-13
-1379
819
3967
12307586
-26
10
-8
-1421
774
3870
12308611
-13
11
4
-1412
746
3860
12309636
12
9
11
-1421
769
3908
12310661
20
-5
12
-1417
818
3905
12311686
-9
-9
13
-1384
796
3929
12312711
-9
-9
13
-1417
764
3928
12313736
14
-12
18
-1437
771
3920
12314761
17
-3
21
-1434
806
3940
12315786
4
1
22
-1434
804
3921
12316811
6
5
21
-1445
808
3922
12317836
5
-3
14
-1451
813
3886
12318861
-2
-9
11
-1457
813
3913
12319886
-9
-14
6
-1472
806
3927
12320911
-7
-16
6
-1460
813
3930
12313728
4
-15
7
-1460
821
3935
12314753
9
-16
5
-1436
827
3930
12315778
12
-10
3
-1433
825
3941
12316803
12
-8
-1
-1451
794
3920
12317828
12
-4
-1
-1455
793
3936
12318853
8
-5
-2
-1454
787
3937
12319878
7
-2
-1
-1437
787
3926
12320903
6
0
-1
-1433
788
3916
12321928
3
0
0
-1431
801
3917
12322953
-8
-5
1
-1429
803
3925
12323978
-13
-10
3
-1420
794
3925
12325003
4
-13
8
-1409
797
3914
12326028
15
-13
12
-1409
813
3922
12327053
11
-14
12
-1422
838
3924
12328078
1
-15
9
-1425
825
3950
12329103
-4
-15
4
-1439
805
3952
12321919
0
-14
2
-1441
800
3952
12322944
-4
-5
4
-1450
795
3950
12323969
0
1
7
-1451
786
3928
12324994
3
3
9
-1432
817
3940
12326019
-6
0
9
-1452
813
3914
12327044
0
-2
3
-1441
822
3904
12328069
-1
-5
-3
-1452
820
3902
12329094
-7
-11
-4
-1467
797
3900
12330119
-3
-18
-2
-1459
790
3884
12331144
4
-24
4
-1489
784
3879
12332169
5
-30
5
-1601
767
3940
12333194
-13
-33
-7
-1698
815
4010
12334219
-41
-37
-12
-1803
792
3935
12335244
-22
-27
-4
-1851
820
3931
12336269
17
-19
8
-1808
883
3829
12337294
28
-23
6
-1829
880
3760
12330112
2
-61
-5
-1895
820
3703
12331137
-39
-132
1
-1834
710
3629
12332162
-85
-205
23
-1655
666
3611
12333187
-157
-255
50
-1455
793
3750
12334212
-341
-272
35
-1279
981
3892
12335237
-485
-293
4
-1238
730
3871
12336262
-424
-326
-36
-1145
741
3907
12337287
-414
-384
-47
-1015
710
3938
12338312
-456
-383
-70
-861
675
3948
12339337
-494
-336
-87
-778
535
4019
12340362
-432
-307
-78
-677
343
4003
12341387
-257
-263
-70
-705
421
4061
12342412
-121
-259
-31
-756
344
4115
12343437
71
-265
28
-722
483
4240
12344462
114
-239
59
-742
620
4346
12345487
100
-201
64
-825
563
4309
12338331
150
-184
66
-883
561
4171
12339356
225
-196
50
-882
675
4041
12340381
213
-252
32
-842
756
4027
12341406
108
-294
66
-1069
642
4357
12342431
-35
-255
108
-1257
543
4544
12343456
-173
-180
136
-1139
436
4322
12344481
-53
-67
161
-979
278
4275
12345506
291
-8
143
-930
396
4194
12346531
462
-12
124
-1065
594
4078
12347556
376
-41
116
-1054
708
4101
12348581
222
-33
84
-861
717
4088
12349606
148
-23
25
-716
684
3955
12350631
140
-43
15
-843
740
3983
12351656
82
-62
64
-836
823
4030
12352681
144
-61
95
-726
794
4035
12353706
294
-12
118
-663
913
4201
12346496
202
18
163
-711
867
4374
12347521
3
50
80
-843
1043
4147
12348546
-419
-129
38
-1413
722
3472
12349571
-215
-377
232
-1057
816
3798
12350596
-384
-380
289
-543
912
4779
12351621
-357
-38
26
-507
719
5107
12352646
-201
123
-274
-1139
474
3897
12353671
-122
60
-196
-1029
329
3534
12354696
-70
12
-79
-775
596
3968
12355721
39
-9
-32
-902
494
4218
12356746
305
-24
-17
-973
608
4127
12357771
213
-40
30
-871
673
3823
12358796
-125
-128
96
-1044
917
3868
12359821
13
-178
172
-810
553
4446
12360846
222
-104
56
-756
638
4350
12361871
110
-47
7
-781
712
4139
12354688
72
-38
-5
-755
750
4102
12355713
90
-55
7
-807
667
4069
12356738
118
-98
48
-836
681
4045
12357763
176
-145
86
-829
676
4053
12358788
205
-173
112
-772
759
4130
12359813
192
-175
97
-732
849
4165
12360838
184
-149
38
-682
886
4203
12361863
173
-104
-33
-677
909
4150
12362888
160
-74
-72
-690
913
4097
12363913
147
-60
-83
-696
948
4100
12364938
81
-52
-70
-717
941
4083
12365963
13
-45
-55
-717
890
4106
12366988
23
-40
-57
-726
861
4099
12368013
30
-47
-50
-711
849
4101
12369038
24
-61
-34
-694
848
4126
12370063
30
-82
-23
-703
841
4084
12362880
30
-115
-9
-714
835
4068
12363905
37
-148
1
-698
844
4072
12364930
38
-174
3
-675
887
4093
12365955
15
-190
-5
-638
923
4123
12366980
-37
-196
-18
-630
914
4119
12368005
-76
-190
-43
-633
909
4112
12369030
-93
-175
-74
-622
889
4114
12370055
-103
-155
-90
-597
884
4142
12371080
-125
-122
-85
-565
863
4149
12372105
-130
-82
-64
-547
853
4142
12373130
-108
-35
-35
-528
806
4147
12374155
-70
5
4
-538
765
4144
12375180
-38
26
44
-547
744
4156
12376205
-11
35
72
-551
753
4163
12377230
15
44
98
-555
745
4136
12378255
70
60
128
-559
758
4102
12371073
118
81
158
-566
838
4110
12372098
113
102
181
-584
844
4122
12373123
108
112
185
-622
787
4148
12374148
124
109
152
-645
814
4139
12375173
119
97
121
-648
890
4108
12376198
78
77
83
-646
999
4089
12377223
24
64
45
-635
953
4086
12378248
-3
66
22
-639
909
4101
12379273
-14
72
13
-681
962
4108
12380298
-58
77
20
-702
947
4110
12381323
-81
72
25
-688
894
4088
12382348
-74
58
30
-657
858
4093
12383373
-80
42
36
-614
822
4105
12384398
-94
21
35
-578
795
4111
12385423
-104
9
35
-581
758
4128
12386448
-91
5
49
-616
734
4124
12379264
-51
0
76
-653
767
4107
12380289
-6
-8
105
-661
793
4099
12381314
40
-12
120
-663
810
4109
12382339
65
-8
116
-645
847
4122
12383364
62
10
100
-639
861
4124
12384389
49
31
79
-647
893
4119
12385414
31
48
61
-661
897
4102
12386439
34
61
46
-665
894
4104
12387464
37
67
37
-670
889
4096
12388489
27
70
29
-671
887
4106
12389514
5
70
23
-682
877
4108
12390539
-11
63
13
-704
879
4096
12391564
-37
34
7
-724
921
4091
12392589
-63
-1
0
-726
953
4090
12393614
-110
-29
5
-666
896
4115
12394639
-109
10
-11
-611
773
4215
12387457
-83
65
-74
-710
903
4158
12388482
-94
62
-98
-749
897
4036
12389507
-115
36
-84
-710
854
4071
12390532
-126
32
-82
-707
770
4154
12391557
-95
45
-92
-769
707
4089
12392582
1
32
-93
-779
745
4018
12393607
82
2
-81
-737
519
4197
12394632
293
18
-133
-654
778
4244
12395657
304
29
-99
-646
685
3954
12396682
-52
10
5
-688
894
3667
12397707
-113
-181
105
-1112
1134
3715
12398732
-63
-341
201
-685
1170
4586
12399757
-84
-120
-50
-139
937
5184
12400782
-32
239
-373
-674
682
4281
12401807
-118
279
-244
-826
690
3477
12402832
-121
142
-7
-738
712
3561
12395648
121
36
87
-694
611
4130
12396673
445
12
72
-782
656
4114
12397698
311
-45
179
-881
378
3686
12398723
-52
-126
271
-711
1074
3918
12399748
-25
-163
196
-659
1182
4649
12400773
56
-60
-13
-613
1044
4396
12401798
-229
5
-59
-702
980
4114
12402823
-319
33
-8
-738
746
3929
12403848
-112
12
56
-758
823
3984
12404873
-34
-12
98
-756
887
4088
12405898
-58
-30
106
-750
782
4122
12406923
-28
-56
85
-728
753
4139
12407948
9
-70
37
-668
847
4162
12408973
-3
-69
-8
-623
850
4146
12409998
-20
-52
-27
-624
836
4110
12411023
-54
-30
-18
-639
848
4101
12403840
-75
-10
-16
-628
825
4150
12404865
-49
14
-24
-656
766
4135
12405890
-32
29
-8
-674
769
4115
12406915
-22
33
9
-676
761
4122
12407940
20
33
2
-700
770
4117
12408965
28
26
4
-705
784
4111
12409990
36
18
0
-708
795
4103
12411015
42
7
-3
-723
815
4101
12412040
13
-3
3
-722
821
4125
12413065
21
-11
-5
-742
816
4106
12414090
45
-21
-13
-696
799
4120
12415115
74
-24
-18
-673
792
4099
12416140
78
-17
-7
-670
811
4116
12417165
52
-18
11
-688
794
4113
12418190
53
-28
14
-708
827
4092
12419215
48
-41
17
-726
837
4107
12412120
31
-51
24
-691
835
4139
12413145
58
-49
12
-670
853
4102
12414170
78
-45
4
-654
868
4103
12415195
58
-39
8
-652
889
4103
12416220
41
-33
4
-650
886
4115
12417245
41
-27
-9
-659
867
4098
12418270
12
-22
-1
-661
885
4113
12419295
-13
-18
3
-651
887
4118
12420320
-4
-5
-4
-638
867
4112
12421345
2
6
-2
-639
869
4108
12422370
2
20
4
-647
859
4107
12423395
2
27
12
-663
849
4108
12424420
14
25
16
-681
849
4098
12425445
24
16
18
-690
855
4099
12426470
13
7
23
-680
893
4098
12427495
16
1
8
-689
896
4088
12420225
8
-6
0
-685
903
4097
12421250
-16
-10
1
-682
888
4092
12422275
-16
-12
-6
-674
875
4107
12423300
-15
-10
-6
-658
863
4111
12424325
-14
-5
-7
-658
868
4109
12425350
-11
-3
-6
-668
848
4099
12426375
-6
-6
-2
-676
854
4105
12427400
-1
-11
-1
-670
867
4102
12428425
0
-11
1
-663
873
4108
12429450
-8
-7
3
-675
875
4101
12430475
-21
-7
6
-682
884
4116
12431500
-17
-10
2
-671
856
4104
12432525
-10
-14
5
-666
844
4103
12433550
-3
-19
5
-666
855
4109
12434575
-2
-21
5
-659
878
4119
12435600
-12
-17
5
-662
872
4111
12428416
-12
-24
9
-686
875
4114
12429441
-27
-50
25
-669
902
4108
12430466
-48
-52
60
-641
856
4105
12431491
-46
-15
62
-609
844
4128
12432516
-5
51
24
-557
818
4251
12433541
3
99
-54
-683
991
4147
12434566
-55
73
-51
-747
939
3977
12435591
-108
38
-14
-647
818
4129
12436616
-59
61
-20
-674
705
4179
12437641
9
63
-9
-703
708
4040
12438666
24
24
38
-671
798
4031
12439691
13
2
65
-694
802
4088
12440716
27
-15
61
-716
852
4123
12441741
24
-20
36
-699
908
4135
12442766
-1
-14
15
-702
897
4114
12443791
-14
-7
4
-695
890
4104
12436608
-30
-5
2
-702
863
4096
12437633
-28
-7
0
-690
829
4104
12438658
-27
-16
2
-685
823
4090
12439683
-48
-26
3
-662
851
4135
12440708
-61
-25
-7
-663
792
4139
12441733
-37
-28
1
-669
742
4112
12442758
15
-21
12
-650
801
4121
12443783
53
-6
12
-665
772
4116
12444808
144
10
-18
-628
814
4247
12445833
364
57
-129
-579
820
4300
12446858
539
66
-121
-745
562
3740
12447883
255
18
29
-656
1115
3826
12448908
-307
-122
44
-990
1651
3874
12449933
-184
-225
-24
-739
1131
4394
12450958
-27
-101
-207
-445
958
4789
12451983
-90
183
-295
-468
787
4478
12444801
-152
285
-241
-886
549
3500
12445826
21
126
-28
-799
563
3604
12446851
345
13
106
-566
535
4218
12447876
460
-7
139
-662
594
4106
12448901
46
-9
124
-697
1067
3725
12449926
3
-134
128
-1015
933
3862
12450951
129
-201
121
-666
1520
4489
12451976
-229
-111
39
-606
1090
4355
12453001
-298
-27
-35
-679
918
4046
12454026
-200
14
10
-660
801
3961
12455051
-78
21
88
-659
779
4019
12456076
-7
22
137
-669
801
4096
12457101
40
10
137
-676
823
4135
12458126
88
-11
96
-685
888
4138
12459151
85
-33
37
-677
974
4133
12460176
30
-43
-3
-669
986
4104
12452993
-16
-42
-15
-682
963
4092
12454018
-25
-38
-22
-673
982
4106
12455043
-50
-27
-23
-666
943
4094
12456068
-80
-15
-15
-630
924
4132
12457093
-64
2
-27
-638
868
4116
12458118
-36
8
-24
-652
822
4092
12459143
-9
-1
-3
-657
808
4101
12460168
36
-11
7
-671
844
4096
12461193
44
-21
22
-674
903
4102
12462218
31
-24
18
-659
955
4100
12463243
18
-19
-2
-658
941
4103
12464268
-14
-9
-11
-651
936
4109
12465293
-33
-1
-20
-654
905
4096
12466318
-23
2
-21
-657
853
4106
12467343
-1
3
-5
-653
846
4100
12468368
26
0
8
-657
857
4096
12461183
47
-3
15
-662
882
4101
12462208
48
-5
16
-659
916
4104
12463233
30
-4
9
-672
927
4092
12464258
16
-8
3
-674
924
4101
12465283
13
-10
1
-672
928
4098
12466308
12
-10
-1
-663
918
4097
12467333
16
-11
-6
-658
920
4097
12468358
9
-13
-3
-658
910
4091
12469383
3
-16
2
-663
901
4089
12470408
6
-23
1
-674
898
4089
12471433
1
-30
1
-657
921
4098
12472458
-3
-31
-2
-647
923
4096
12473483
1
-29
-3
-650
924
4092
12474508
-3
-29
-2
-648
925
4090
12475533
-12
-29
-4
-650
931
4098
12476558
-24
-28
-7
-648
913
4104
12469376
-27
-29
-9
-646
916
4096
12470401
-26
-30
-6
-643
901
4101
12471426
-17
-27
-4
-627
903
4109
12472451
-6
-22
-5
-635
894
4101
12473476
-1
-23
-2
-645
899
4096
12474501
0
-26
-2
-648
906
4099
12475526
-6
-28
0
-644
917
4102
12476551
-17
-27
-1
-631
933
4109
12477576
-19
-22
-11
-629
909
4105
12478601
-21
-22
-9
-630
890
4096
12479626
-15
-26
-6
-632
884
4103
12480651
-9
-26
-3
-613
890
4111
12481676
-7
-25
1
-618
890
4113
12482701
3
-22
6
-613
887
4099
12483726
13
-19
12
-618
881
4101
12484751
13
-17
18
-617
911
4108
12477568
7
-12
17
-618
921
4102
12478593
1
-8
10
-607
923
4101
12479618
-8
-5
6
-608
917
4103
12480643
-12
-4
7
-608
898
4108
12481668
-2
-1
11
-607
890
4109
12482693
6
4
13
-612
903
4103
12483718
8
9
16
-623
890
4109
12484743
10
6
17
-633
907
4110
12485768
12
2
15
-631
913
4108
12486793
6
0
22
-634
904
4104
12487818
-4
-1
28
-621
914
4102
12488843
-11
-1
24
-610
917
4100
12489868
-11
4
21
-612
905
4098
12490893
-9
2
17
-620
915
4104
12491918
-15
-1
16
-616
898
4115
12492943
-6
2
19
-620
898
4109
12485760
4
2
21
-626
894
4101
12486785
5
-1
25
-628
912
4104
12487810
1
-4
22
-628
925
4103
12488835
-4
-5
13
-635
932
4106
12489860
-13
-8
7
-634
920
4100
12490885
-23
-11
7
-623
921
4097
12491910
-29
-14
4
-627
903
4100
12492935
-34
-24
3
-634
907
4104
12493960
-54
-56
19
-622
965
4104
12494985
-109
-82
60
-553
990
4161
12496010
-89
-9
12
-512
816
4256
12497035
5
94
-79
-551
937
4187
12498060
-68
104
-47
-697
855
3990
12499085
-66
70
5
-653
862
4037
12500110
-74
35
45
-660
787
4101
12501135
-13
17
37
-668
663
4098
12493952
117
-11
47
-632
706
4067
12494977
191
-19
49
-582
857
4108
12496002
240
9
22
-604
829
4161
12497027
347
34
-53
-576
1023
4236
12498052
293
51
-54
-669
945
3882
12499077
-29
15
80
-567
960
3875
12500102
-155
-20
20
-751
1573
4057
12501127
-252
-111
21
-867
1017
4179
12502152
-259
-143
37
-445
977
4519
12503177
-95
107
-157
-426
641
4601
12504202
132
246
-282
-823
872
3818
12505227
45
158
-65
-701
675
3511
12506252
93
28
123
-625
714
3881
12507277
202
-29
137
-622
790
4292
12508302
300
-25
62
-652
759
4156
12509327
179
-59
35
-595
1058
3952
12502144
-146
-77
43
-652
1288
3949
12503169
-149
-86
-22
-827
1204
4224
12504194
-142
-65
-47
-680
952
4200
12505219
-198
-50
5
-658
889
4089
12506244
-151
-36
48
-658
866
4046
12507269
-52
-23
80
-603
766
4098
12508294
30
-22
90
-578
856
4126
12509319
39
-29
73
-586
890
4123
12510344
35
-29
43
-581
949
4128
12511369
19
-21
19
-604
958
4121
12512394
-3
-13
11
-637
937
4101
12513419
-4
-12
6
-630
950
4105
12514444
-4
-10
-2
-617
942
4110
12515469
-20
-2
-2
-613
928
4093
12516494
-35
5
2
-593
912
4120
12517519
-21
12
-5
-606
895
4098
12510337
-17
14
2
-615
874
4104
12511362
-9
12
14
-623
900
4113
12512387
6
8
12
-626
911
4099
12513412
6
1
13
-637
911
4107
12514437
2
1
18
-634
922
4101
12515462
8
1
14
-643
915
4084
12516487
-9
-2
19
-628
934
4109
12517512
-16
-4
9
-624
935
4110
12518537
-6
-2
-5
-626
895
4095
12519562
-4
-3
-4
-623
896
4102
12520587
1
-5
-1
-621
892
4102
12521612
10
-4
2
-623
906
4099
12522637
2
0
10
-622
926
4106
12523662
5
1
2
-633
919
4099
12524687
7
-4
0
-642
913
4092
12525712
-9
-11
7
-634
917
4097
12518529
-4
-16
2
-620
923
4108
12519554
0
-15
-5
-614
910
4101
12520579
-3
-15
-2
-619
897
4091
12521604
1
-15
0
-626
905
4106
12522629
8
-15
0
-619
922
4114
12523654
0
-11
8
-614
928
4112
12524679
5
-7
8
-621
918
4101
12525704
13
-2
11
-623
902
4100
12526729
7
-3
15
-622
920
4100
12527754
5
-7
6
-615
923
4099
12528779
6
-7
1
-618
912
4097
12529804
-2
-5
4
-621
925
4110
12530829
-8
-3
5
-616
924
4112
12531854
-2
2
5
-617
919
4099
12532879
-3
4
11
-624
912
4097
12533904
-4
1
14
-632
914
4101
12526719
2
-9
6
-629
924
4098
12527744
-4
-16
2
-624
932
4083
12528769
-15
-24
1
-631
923
4088
12529794
-16
-34
-2
-628
911
4100
12530819
-18
-38
-6
-613
918
4105
12531844
-18
-37
-14
-612
916
4100
12532869
-18
-37
-15
-615
911
4089
12533894
-19
-38
-8
-606
905
4096
12534919
-12
-34
-5
-600
908
4102
12535944
-6
-29
-4
-595
911
4108
12536969
-13
-29
0
-596
905
4097
12537994
-17
-29
2
-607
913
4095
12539019
-18
-29
2
-599
915
4105
12540044
-22
-27
7
-584
901
4111
12541069
-30
-27
11
-585
932
4098
12542094
-45
-25
15
-588
886
4114
12534912
-34
-23
13
-583
882
4116
12535937
-24
-22
10
-574
896
4118
12536962
-19
-17
9
-576
889
4118
12537987
-13
-13
15
-574
893
4112
12539012
-20
-19
26
-588
901
4106
12540037
-32
-35
45
-580
936
4122
12541062
-61
-49
49
-570
949
4136
12542087
-77
-26
36
-516
866
4198
12543112
-52
40
-8
-464
944
4289
12544137
-74
95
-40
-661
826
4088
12545162
-53
71
-49
-661
925
3953
12546187
-106
28
-4
-566
879
4088
12547212
-118
14
1
-602
797
4128
12548237
-105
0
-4
-607
752
4107
12549262
-71
-8
-4
-581
769
4117
12550287
-13
-11
2
-600
736
4097
12543104
64
-8
6
-581
763
4107
12544129
201
20
-27
-541
725
4224
12545154
403
60
-53
-501
823
4295
12546179
270
51
-17
-642
1029
3815
12547204
-146
17
32
-657
1032
3732
12548229
-157
-87
69
-925
843
4031
12549254
-32
-230
131
-654
1275
4430
12550279
-306
-203
61
-286
907
4700
12551304
-33
128
-271
-243
848
4672
12552329
73
305
-337
-726
859
3594
12553354
7
176
-69
-766
617
3308
12554379
106
10
137
-563
713
4141
12555404
261
5
136
-596
570
4334
12556429
286
-9
61
-700
830
3949
12557454
-53
-60
85
-561
946
4034
12558479
-143
-97
56
-744
1042
4197
12551295
51
-86
11
-599
1022
4230
12552320
-63
-67
4
-608
1098
4148
12553345
-166
-26
22
-596
932
4108
12554370
-114
5
47
-585
790
4090
12555395
-36
20
66
-587
833
4095
12556420
-26
19
77
-581
815
4130
12557445
-5
6
62
-589
833
4125
12558470
14
-12
40
-585
850
4130
12559495
22
-21
19
-585
897
4132
12560520
11
-18
8
-600
911
4091
12561545
-7
-20
16
-607
872
4114
12562570
2
-15
11
-571
918
4149
12563595
-3
-2
-3
-580
885
4113
12564620
-25
4
4
-583
845
4109
12565645
-19
1
11
-591
839
4117
12566670
9
-7
11
-596
840
4104
12559488
19
-12
15
-588
874
4121
12560513
22
-11
11
-593
886
4117
12561538
17
-10
9
-594
894
4113
12562563
13
-13
4
-579
902
4125
12563588
7
-12
-2
-579
875
4105
12564613
3
-11
-1
-581
883
4113
12565638
9
-10
-1
-584
866
4109
12566663
10
-11
4
-575
887
4114
12567688
2
-8
4
-583
896
4121
12568713
6
-10
-4
-595
870
4110
12569738
14
-16
-6
-586
875
4110
12570763
11
-15
-2
-564
891
4126
12571788
9
-2
0
-561
897
4123
12572813
8
8
1
-578
873
4108
12573838
19
9
6
-593
869
4101
12574863
29
5
11
-598
881
4112
12567680
34
2
7
-583
899
4108
12568705
18
2
4
-574
910
4108
12569730
-4
4
4
-576
895
4105
12570755
11
8
-1
-585
890
4114
12571780
19
11
1
-591
892
4113
12572805
23
9
6
-596
891
4102
12573830
22
7
11
-599
897
4107
12574855
15
5
12
-597
904
4105
12575880
14
1
6
-601
912
4111
12576905
14
-4
1
-596
924
4098
12577930
1
-7
1
-592
910
4105
12578955
-3
-6
1
-584
903
4110
12579980
-2
-5
2
-587
897
4106
12581005
5
-4
0
-586
896
4109
12582030
12
-1
1
-579
910
4111
12583055
17
2
5
-590
911
4111
12575872
10
1
8
-596
914
4108
12576897
3
0
10
-599
893
4096
12577922
17
-2
11
-596
912
4105
12578947
17
-1
10
-600
934
4104
12579972
3
-1
8
-593
933
4099
12580997
-4
-3
1
-595
928
4097
12582022
-14
-6
-1
-598
899
4100
12583047
-11
-9
0
-597
908
4112
12584072
-3
-8
-2
-586
911
4109
12585097
2
-1
5
-572
904
4112
12586122
12
8
10
-581
901
4112
12587147
18
9
14
-600
912
4096
12588172
11
3
15
-607
927
4098
12589197
1
-1
8
-594
933
4102
12590222
-15
-1
2
-588
931
4108
12591247
-19
5
-2
-590
905
4108
12584064
-14
6
3
-596
895
4105
12585089
-5
9
11
-603
901
4104
12586114
-2
10
17
-607
902
4107
12587139
-1
6
13
-606
921
4098
12588164
-5
2
8
-607
915
4100
12589189
-6
-3
8
-615
912
4105
12590214
0
-9
6
-602
910
4104
12591239
11
-10
-4
-586
922
4111
12592264
1
-3
-6
-596
906
4110
12593289
-4
-2
-4
-608
905
4098
12594314
-3
-5
-2
-618
894
4094
12595339
1
-11
5
-608
906
4104
12596364
5
-13
11
-600
911
4108
12597389
6
-10
7
-591
927
4106
12598414
-5
-5
3
-596
925
4108
12599439
-19
-5
7
-611
920
4100
12592256
-40
-31
19
-615
975
4116
12593281
-64
-57
35
-567
945
4145
12594306
-59
-24
21
-536
932
4135
12595331
-78
14
28
-543
922
4147
12596356
-93
72
-17
-540
868
4251
12597381
-31
87
-62
-679
850
4059
12598406
-8
69
-38
-605
884
4078
12599431
-28
67
-2
-580
840
4106
12600456
4
78
30
-608
686
4103
12601481
81
82
61
-639
855
4043
12602506
51
56
68
-682
961
4003
12603531
8
14
58
-705
953
4056
12604556
-26
-17
29
-672
964
4116
12605581
-37
-16
0
-599
873
4175
12606606
6
10
-11
-570
883
4166
12607631
45
60
-11
-514
907
4279
12600448
100
97
-30
-718
926
4340
12601473
61
62
-66
-758
940
4345
12602498
24
71
-113
-666
946
4282
12603523
27
126
-159
-615
913
4473
12604548
-44
200
-233
-643
938
4563
12605573
-96
253
-247
-707
830
4350
12606598
-26
258
-187
-759
762
4199
12607623
27
271
-126
-802
708
4215
12608648
71
287
-98
-792
964
4480
12609673
40
342
-26
-708
822
4636
12610698
-37
470
-28
-700
791
4081
12611723
-489
264
-187
-1238
1006
2491
12612748
-286
-195
15
-1057
969
2709
12613773
-227
-327
-3
-628
1190
4114
12614798
-348
-89
-10
-469
636
5010
12615823
-152
128
-142
-1078
782
4448
12608640
36
39
-119
-1388
673
3846
12609665
97
-1
-10
-763
772
4294
12610690
-150
131
-107
-623
1015
4276
12611715
-391
57
-158
-1118
598
3114
12612740
-123
-155
-120
-917
813
3245
12613765
-279
-204
-145
-661
1002
4052
12614790
-577
-157
-95
-730
589
4280
12615815
-503
-111
-43
-726
507
4187
12616840
-254
-73
-30
-716
590
4130
12617865
-87
-40
-15
-768
580
4146
12618890
-47
-10
-2
-810
603
4152
12619915
-59
0
14
-838
552
4154
12620940
-46
-8
27
-847
472
4152
12621965
-54
-19
31
-844
513
4166
12622990
-100
-34
33
-823
500
4141
12624015
-111
-43
34
-796
473
4164
12616831
-97
-46
38
-814
423
4167
12617856
-73
-40
47
-837
411
4168
12618881
-73
-31
56
-831
475
4185
12619906
-69
-28
68
-817
484
4183
12620931
-52
-18
76
-794
512
4211
12621956
-47
-7
66
-797
549
4194
12622981
-70
0
45
-798
539
4197
12624006
-98
12
23
-813
525
4179
12625031
-121
19
12
-836
467
4168
12626056
-107
23
13
-829
439
4160
12627081
-99
27
18
-815
439
4169
12628106
-91
31
14
-812
434
4164
12629131
-80
29
4
-841
419
4142
12630156
-73
20
-3
-878
404
4144
12631181
-57
11
-1
-890
403
4148
12632206
-15
2
0
-879
408
4139
12625319
9
-3
-5
-869
435
4140
12626344
-38
-5
-12
-862
461
4165
12627369
-102
0
-21
-835
455
4161
12628394
-145
0
-20
-810
438
4127
12629419
-159
-2
-15
-830
428
4112
12630444
-176
-4
-16
-837
419
4112
12631469
-159
-10
-27
-825
368
4085
12632494
-110
-20
-30
-832
343
4095
12633519
-81
-20
-25
-813
352
4142
12634544
-65
-14
-16
-787
358
4157
12635569
-13
-11
-9
-766
365
4139
12636594
124
-11
-12
-707
391
4160
12637619
341
-12
-44
-688
472
4187
12638644
428
-41
-87
-635
773
4196
12639669
213
-41
-66
-605
550
4234
12640694
152
47
-94
-695
427
4276
12633216
190
92
-156
-760
598
4126
12634241
105
82
-167
-783
470
4082
12635266
155
108
-181
-897
429
4304
12636291
249
127
-212
-959
571
4324
12637316
191
123
-210
-1023
539
4143
12638341
97
101
-206
-1058
488
4056
12639366
-7
68
-213
-1084
482
4112
12640391
-47
68
-221
-1046
353
4254
12641416
-6
80
-234
-1036
453
4230
12642441
-34
79
-233
-1047
455
4175
12643466
-50
73
-225
-1074
385
4151
12644491
-78
62
-215
-1080
391
4084
12645516
-98
49
-190
-1034
401
4185
12646541
-60
59
-170
-1009
341
4251
12647566
46
73
-152
-1033
291
4112
12648591
77
43
-138
-1040
310
3921
12641408
-12
-5
-120
-993
298
3925
12642433
-80
-39
-122
-927
334
4046
12643458
-132
-61
-111
-892
341
4141
12644483
-137
-62
-72
-911
308
4208
12645508
-115
-50
-54
-930
394
4179
12646533
-136
-38
-48
-936
359
4134
12647558
-104
-26
-43
-931
364
4140
12648583
-91
-26
-35
-939
430
4117
12649608
-128
-23
-17
-902
414
4165
12650633
-132
-1
8
-889
377
4216
12651658
-112
9
47
-916
353
4139
12652683
-116
24
61
-922
364
4080
12653708
-116
33
68
-904
368
4115
12654733
-102
43
78
-900
340
4156
12655758
-74
47
94
-972
317
4106
12656783
-75
54
112
-996
307
4097
12649601
-66
60
123
-991
313
4114
12650626
-23
56
131
-997
231
4093
12651651
133
41
116
-1049
196
4136
12652676
212
32
124
-956
607
4493
12653701
198
102
136
-876
484
4586
12654726
36
233
1
-914
523
4069
12655751
-223
7
-76
-1386
398
2915
12656776
85
-333
117
-1118
129
3156
12657801
208
-277
102
-588
542
4790
12658826
-41
35
7
-856
455
5121
12659851
51
97
-60
-1616
287
3978
12660876
316
-11
118
-1163
217
4090
12661901
228
96
129
-712
507
4711
12662926
-244
204
-72
-1142
666
4064
12663951
-97
62
4
-1381
-106
3532
12664976
286
-71
-2
-1062
545
3764
12657792
-17
-121
-19
-942
740
4042
12658817
-309
-111
-11
-961
473
4290
12659842
-271
-49
-34
-900
395
4386
12660867
-76
6
-50
-951
433
4224
12661892
35
35
-52
-1010
456
4071
12662917
2
48
-56
-995
419
4030
12663942
-31
53
-44
-975
358
4081
12664967
-18
52
-32
-971
379
4078
12665992
15
41
-25
-968
347
4094
12667017
41
20
-27
-993
368
4086
12668042
-6
1
-24
-988
375
4107
12669067
-44
-8
-18
-971
351
4131
12670092
-41
-26
-12
-990
342
4052
12671117
-13
-49
2
-994
300
4071
12672142
41
-63
1
-1005
345
4152
12673167
22
-69
-6
-1039
374
4131
12665983
-33
-61
-13
-1020
327
4152
12667008
-38
-36
-22
-943
351
4160
12668033
4
-16
-26
-909
358
4106
12669058
66
-6
-30
-919
337
4174
12670083
73
-1
-40
-960
332
4212
12671108
40
-9
-39
-1001
325
4172
12672133
10
-30
-25
-1057
275
4144
12673158
33
-42
3
-1044
276
4222
12674183
51
-38
24
-1008
371
4253
12675208
32
-25
32
-981
401
4247
12676233
12
-15
26
-967
405
4216
12677258
-11
0
13
-950
400
4232
12678283
-23
28
-1
-934
386
4249
12679308
-31
57
-4
-965
313
4130
12680333
-16
71
7
-1032
280
4041
12681358
12
58
38
-1129
279
4051
12674177
36
32
77
-1183
316
4087
12675202
49
4
107
-1186
355
4043
12676227
64
-34
126
-1198
380
4053
12677252
45
-69
133
-1164
418
4100
12678277
1
-94
131
-1109
391
4042
12679302
-17
-122
123
-976
413
4041
12680327
-49
-129
101
-838
493
4184
12681352
-88
-96
69
-832
475
4204
12682377
-62
-64
45
-865
381
4112
12683402
15
-47
26
-862
401
4086
12684427
30
-45
27
-888
409
4057
12685452
10
-63
29
-950
398
4047
12686477
8
-93
38
-965
412
4065
12687502
14
-117
54
-945
393
4091
12688527
29
-134
58
-878
442
4111
12689552
-5
-139
51
-890
453
4178
12682368
-39
-131
37
-880
451
4218
12683393
-13
-123
32
-854
452
4214
12684418
6
-111
26
-815
471
4222
12685443
-22
-91
10
-800
452
4243
12686468
-59
-76
-6
-786
451
4205
12687493
-108
-67
-13
-791
403
4207
12688518
-49
-56
-12
-783
361
4239
12689543
34
-51
-12
-796
407
4225
12690568
11
-43
-15
-794
424
4225
12691593
-25
-42
-16
-821
377
4196
12692618
-21
-46
-11
-835
379
4197
12693643
-24
-45
-7
-865
371
4215
12694668
-33
-43
-2
-870
365
4203
12695693
-58
-35
9
-863
342
4198
12696718
-53
-29
20
-903
321
4188
12697743
-7
-28
26
-966
306
4170
12690560
-1
-37
24
-975
348
4195
12691585
-70
-52
28
-923
366
4197
12692610
-133
-65
39
-864
372
4216
12693635
-120
-67
41
-808
395
4251
12694660
-82
-58
43
-721
413
4270
12695685
-77
-41
44
-668
427
4193
12696710
-67
-35
46
-687
372
4092
12697735
-31
-31
51
-698
342
4077
12698760
-19
-26
54
-686
333
4080
12699785
-25
-19
52
-683
333
4093
12700810
-30
-18
44
-784
289
4081
12701835
-25
-16
36
-796
306
4122
12702860
-22
-9
34
-774
303
4107
12703885
-23
-6
33
-736
307
4108
12704910
-31
-14
27
-768
277
4107
12705935
-18
-29
25
-768
271
4124
12698753
14
-37
34
-716
278
4164
12699778
35
-41
40
-707
320
4179
12700803
24
-47
35
-738
317
4185
12701828
-8
-56
28
-733
310
4196
12702853
-50
-60
31
-707
298
4186
12703878
-74
-65
39
-717
272
4178
12704903
-63
-72
36
-705
269
4188
12705928
-29
-78
26
-685
287
4212
12706953
3
-83
29
-684
297
4240
12707978
2
-75
31
-687
314
4260
12709003
-26
-65
26
-678
346
4250
12710028
-50
-63
26
-672
312
4232
12711053
-27
-58
25
-676
284
4234
12712078
2
-61
20
-673
316
4231
12713103
-3
-58
15
-657
313
4244
12714128
-21
-45
11
-650
316
4237
12706945
-33
-40
16
-673
286
4225
12707970
-36
-37
20
-658
287
4253
12708995
-35
-26
26
-631
305
4245
12710020
-41
-22
34
-624
294
4203
12711045
-40
-26
41
-618
254
4194
12712070
-46
-23
30
-650
271
4191
12713095
-67
-24
35
-644
260
4185
12714120
-54
-22
45
-652
236
4170
12715145
-19
-22
54
-652
258
4136
12716170
-14
-23
60
-661
263
4116
12717195
-7
-33
59
-673
262
4110
12718220
19
-49
58
-641
282
4132
12719245
17
-60
56
-643
304
4144
12720270
-7
-75
50
-646
295
4156
12721295
-14
-84
45
-623
303
4163
12722320
-28
-89
51
-613
275
4140
12715136
-39
-96
57
-606
254
4156
12716161
-38
-97
69
-603
243
4167
12717186
-6
-102
88
-593
240
4161
12718211
29
-111
100
-577
267
4148
12719236
35
-114
94
-559
300
4193
12720261
19
-114
87
-535
307
4242
12721286
8
-106
83
-515
286
4244
12722311
67
-96
72
-546
270
4276
12723336
180
-81
47
-567
319
4375
12724361
256
-62
25
-560
363
4409
12725386
254
-40
12
-575
411
4346
12726411
156
-33
2
-600
383
4218
12727436
78
-51
-3
-580
311
4141
12728461
46
-95
-5
-567
341
4053
12729486
0
-152
-1
-554
353
3979
12730511
-14
-208
20
-499
355
4022
12723328
15
-250
62
-389
416
4142
12724353
11
-265
105
-312
453
4264
12725378
-38
-235
117
-312
437
4407
12726403
-61
-177
119
-359
383
4457
12727428
-18
-128
113
-442
385
4382
12728453
46
-107
117
-473
399
4351
12729478
57
-101
118
-459
463
4290
12730503
14
-116
134
-491
398
4158
12731528
25
-165
188
-515
312
4135
12732553
57
-232
252
-405
388
4265
12733578
82
-267
268
-286
340
4326
12734603
146
-258
218
-173
348
4405
12735628
192
-201
128
-134
509
4364
12736653
152
-144
62
-182
521
4269
12737678
81
-102
17
-177
589
4280
12738703
-18
-75
-5
-194
540
4239
12731520
-80
-58
0
-183
473
4233
12732545
-93
-41
13
-196
409
4227
12733570
-52
-34
26
-211
346
4236
12734595
20
-33
35
-204
341
4243
12735620
88
-39
44
-206
359
4224
12736645
133
-46
49
-203
422
4229
12737670
105
-47
31
-204
577
4221
12738695
12
-41
3
-206
559
4231
12739720
-31
-37
-6
-206
378
4202
12740745
41
-36
-7
-210
321
4207
12741770
135
-41
-3
-214
411
4223
12742795
175
-49
0
-212
524
4231
12743820
157
-52
0
-197
573
4232
12744845
111
-55
-4
-190
590
4217
12745870
78
-52
-9
-178
534
4213
12746895
71
-42
-6
-163
520
4220
12739712
75
-31
-3
-131
540
4218
12740737
60
-22
-4
-125
564
4220
12741762
33
-15
-8
-138
557
4220
12742787
14
-10
-10
-146
545
4223
12743812
7
-5
0
-156
533
4209
12744837
11
-2
14
-159
581
4215
12745862
-10
8
22
-143
612
4213
12746887
-48
20
28
-162
564
4205
12747912
-62
28
32
-168
509
4206
12748937
-47
31
33
-184
482
4210
12749962
-20
27
27
-177
501
4224
12750987
-14
20
23
-183
528
4216
12752012
-19
11
17
-191
543
4220
12753037
-25
2
11
-192
520
4215
12754062
-24
-1
8
-173
534
4214
12755087
-31
0
12
-165
534
4212
12747904
-28
1
17
-175
541
4215
12748929
-33
0
20
-175
543
4225
12749954
-50
-2
20
-174
549
4225
12750979
-60
-6
17
-178
495
4216
12752004
-44
-13
11
-189
446
4220
12753029
-17
-23
6
-195
451
4217
12754054
5
-30
4
-189
508
4218
12755079
5
-32
2
-190
538
4209
12756104
-11
-28
3
-176
557
4211
12757129
-40
-18
7
-159
563
4222
12758154
-74
-8
8
-151
511
4225
12759179
-75
-1
14
-158
428
4208
12760204
-31
-1
29
-156
481
4231
12761229
-45
8
24
-162
446
4226
12762254
-44
14
27
-172
454
4217
12763279
-41
14
27
-184
488
4226
12756095
-40
9
27
-197
485
4230
12757120
-50
8
21
-181
466
4213
12758145
-54
16
17
-168
416
4208
12759170
-12
23
23
-165
407
4218
12760195
19
27
25
-182
446
4234
12761220
25
24
24
-189
468
4227
12762245
30
16
25
-203
459
4231
12763270
39
5
29
-182
461
4234
12764295
39
1
27
-151
495
4222
12765320
19
8
21
-149
459
4230
12766345
25
15
19
-178
428
4217
12767370
53
19
24
-189
450
4211
12768395
73
17
29
-181
497
4227
12769420
55
8
27
-202
552
4233
12770445
12
-2
22
-217
533
4220
12771470
