Device = VHR-0009
time_stamp = 1777441034611
sample_rate = 50
Data format = INT16
TYPE = 6-AXIS IMU RAW DATA
-374
46
99
-645
-4241
-1248
7668865
-25
30
72
-673
-4244
-1210
7669890
255
3
70
-688
-3959
-1166
7670915
274
-38
33
-709
-3840
-1114
7671940
220
-71
-21
-686
-4092
-1032
7672965
319
-83
-40
-625
-4104
-956
7673990
421
-84
-30
-616
-4039
-929
7675015
415
-92
-29
-643
-4036
-828
7676040
369
-98
-17
-570
-4148
-800
7677065
374
-96
-19
-648
-3890
-815
7678090
210
-97
-48
-683
-3905
-752
7679115
60
-86
-51
-607
-4210
-607
7680140
141
-44
-5
-554
-4234
-594
7681165
209
-2
29
-597
-4063
-698
7682190
126
0
39
-612
-4020
-761
7683215
42
-2
52
-605
-4131
-721
7684240
73
1
65
-609
-4199
-708
7677057
170
4
72
-648
-4052
-670
7678082
160
12
50
-632
-3988
-614
7679107
107
15
33
-643
-4132
-698
7680132
181
10
21
-771
-4015
-686
7681157
100
-7
-12
-607
-4128
-689
7682182
153
-7
19
-670
-4216
-617
7683207
222
-10
48
-558
-4195
-610
7684232
358
-31
80
-664
-4307
-827
7685257
567
-42
47
-755
-4049
-573
7686282
489
7
-17
-685
-3670
-197
7687307
136
40
-54
-611
-3958
-373
7688332
50
28
-99
-697
-4221
-603
7689357
200
15
-128
-629
-4210
-595
7690382
293
28
-118
-647
-4046
-450
7691407
209
7
-124
-669
-4069
-401
7692432
151
-20
-122
-619
-4238
-424
7685248
208
-14
-91
-615
-4203
-396
7686273
194
-18
-54
-573
-4195
-391
7687298
147
-26
-9
-532
-4201
-335
7688323
115
-15
33
-553
-4168
-268
7689348
67
-6
50
-564
-4140
-286
7690373
58
9
52
-595
-4137
-321
7691398
56
25
37
-641
-4076
-336
7692423
26
21
9
-629
-4116
-365
7693448
32
11
-8
-612
-4135
-363
7694473
45
6
-22
-606
-4155
-339
7695498
58
-1
-22
-615
-4177
-345
7696523
83
-7
-14
-617
-4123
-318
7697548
63
-11
-12
-596
-4105
-261
7698573
0
-11
-9
-601
-4172
-282
7699598
-1
-13
-6
-613
-4191
-318
7700623
19
-25
-4
-598
-4171
-334
7693440
31
-31
-8
-601
-4179
-285
7694465
56
-13
-2
-556
-4150
-255
7695490
47
-4
13
-568
-4170
-337
7696515
63
-15
13
-581
-4239
-383
7697540
167
-28
30
-596
-4214
-381
7698565
233
-19
24
-625
-4077
-176
7699590
135
-16
6
-592
-4076
-209
7700615
55
-33
3
-614
-4189
-309
7701640
62
-39
6
-608
-4090
-175
7702665
12
-14
18
-552
-4182
-88
7703690
-19
-1
44
-551
-4248
-168
7704715
77
23
55
-592
-4166
-192
7705740
83
20
47
-661
-4083
-323
7706765
29
-18
10
-710
-4084
-279
7707790
17
-33
-7
-667
-4195
-195
7708815
89
-51
-19
-622
-4266
-314
7701632
216
-76
-20
-613
-4172
-299
7702657
249
-75
-18
-615
-4114
-177
7703682
190
-70
-33
-602
-4133
-93
7704707
186
-58
-44
-573
-4221
-132
7705732
291
-37
-50
-583
-4236
-133
7706757
393
-18
-61
-582
-4166
-45
7707782
404
-12
-59
-574
-4181
-52
7708807
414
-27
-59
-587
-4244
-69
7709832
489
-37
-62
-588
-4226
28
7710857
530
-47
-60
-620
-4150
71
7711882
498
-61
-67
-567
-4142
155
7712907
445
-58
-50
-548
-4175
208
7713932
451
-64
-47
-541
-4285
124
7714957
615
-83
-43
-539
-4454
82
7715982
970
-94
-40
-524
-4466
155
7717007
1314
-54
-27
-540
-4091
388
7709824
1199
-36
-6
-539
-3796
636
7710849
708
-81
-2
-507
-3881
806
7711874
401
-78
-15
-498
-4071
820
7712899
353
-51
-20
-525
-4186
686
7713924
387
-36
-13
-554
-4172
718
7714949
382
-14
-21
-546
-3979
907
7715974
305
-2
-46
-556
-4043
848
7716999
262
-9
-62
-564
-4130
741
7718024
255
-29
-69
-530
-4170
716
7719049
308
-48
-76
-472
-4233
800
7720074
357
-22
-98
-496
-3983
1025
7721099
204
-39
-93
-477
-4005
1008
7722124
176
-65
-82
-494
-4255
810
7723149
320
-45
-105
-547
-4047
842
7724174
264
-82
-120
-556
-3952
873
7725199
172
-120
-169
-553
-3974
932
7718016
44
-144
-206
-464
-3892
1137
7719041
-48
-161
-208
-418
-4211
1075
7720066
134
-126
-202
-343
-4257
940
7721091
197
-121
-175
-350
-4060
733
7722116
108
-212
-209
-465
-3965
802
7723141
185
-317
-297
-457
-4128
891
7724166
477
-363
-345
-461
-4123
729
7725191
656
-457
-372
-408
-4225
712
7726216
927
-500
-351
72
-4703
1483
7727241
1376
-205
-220
392
-4057
2231
7728266
892
114
-73
161
-3035
2079
7729291
-144
95
71
21
-3884
1514
7730316
-44
141
92
-28
-4639
1366
7731341
555
275
111
-215
-4238
1340
7732366
783
226
155
-266
-4055
1142
7733391
997
192
152
-230
-4137
1433
7726208
1111
265
156
-267
-3794
1850
7727233
906
289
172
-309
-3515
2073
7728258
465
333
147
-351
-3581
2221
7729283
278
379
143
-145
-4043
1994
7730308
542
528
106
-107
-3821
2063
7731333
481
640
37
-328
-3387
2243
7732358
135
610
100
-129
-3681
2000
7733383
94
725
155
-257
-3651
2069
7734408
-100
771
101
-623
-3358
1957
7735433
-682
608
65
-632
-3600
1575
7736458
-758
501
38
-513
-4048
1319
7737483
-315
561
2
-676
-3938
1509
7738508
-334
498
15
-705
-3668
1502
7739533
-629
353
71
-635
-3945
1318
7740558
-747
320
81
-760
-4012
1367
7741583
-970
252
74
-808
-3820
1239
7734399
-1095
121
142
-562
-4303
967
7735424
-791
76
128
-672
-4258
1012
7736449
-536
33
48
-784
-3975
1217
7737474
-539
-55
-36
-773
-3881
1173
7738499
-550
-185
-139
-767
-4087
1024
7739524
-134
-235
-273
-838
-4025
1087
7740549
342
-272
-364
-818
-4071
1090
7741574
541
-409
-367
-680
-4020
909
7742599
469
-532
-365
-588
-3818
1046
7743624
134
-645
-376
-576
-3810
1114
7744649
-135
-743
-354
-378
-4266
1111
7745674
93
-726
-323
-226
-4463
1197
7746699
600
-622
-283
-217
-4253
1295
7747724
896
-523
-237
-237
-4021
1517
7748749
782
-503
-203
-189
-3814
1694
7749774
517
-501
-183
-69
-3712
1955
7742592
247
-446
-145
125
-3720
1934
7743617
329
-307
-114
145
-4187
2351
7744642
575
-34
-62
17
-3540
2475
7745667
17
94
-89
-27
-3059
2211
7746692
-656
40
-66
-1
-4115
1679
7747717
-435
67
-31
-123
-4457
1314
7748742
9
91
-6
-142
-4099
1294
7749767
220
31
17
-191
-4125
1186
7750792
490
-51
12
-250
-4269
1172
7751817
849
-139
-15
-283
-4150
1215
7752842
1054
-263
-18
-218
-4014
1315
7753867
1491
-154
-128
-76
-3800
2059
7754892
1479
-104
-115
-59
-3458
2104
7755917
735
-267
-4
-104
-3549
1847
7756942
463
-155
-5
-63
-3680
2734
7757967
480
3
66
9
-3044
2798
7750785
-158
-30
81
-115
-3133
2137
7751810
-600
-149
43
-147
-4131
1641
7752835
-58
-117
80
-67
-4488
1976
7753860
328
-13
94
18
-3355
2437
7754885
-421
-48
115
-19
-2835
2285
7755910
-1274
-167
163
11
-3783
1983
7756935
-1073
-133
168
40
-4330
1868
7757960
-421
8
94
-203
-3738
2174
7758985
-298
103
48
-304
-3388
2271
7760010
-983
102
-4
-382
-3195
2092
7761035
-1646
-3
-91
-188
-3810
1654
7762060
-1409
-12
-104
76
-4403
1360
7763085
-743
107
-71
94
-4330
1170
7764110
-670
93
90
-77
-4183
962
7765135
-782
-83
215
-130
-4457
931
7766160
-98
-136
265
-120
-4574
1009
7758976
658
-91
185
-221
-4026
1301
7760001
694
-101
118
-285
-3577
1382
7761026
429
-218
134
-401
-3845
1337
7762051
660
-296
132
-168
-4450
1450
7763076
1210
-189
161
38
-4030
1737
7764101
1113
-125
131
-205
-3214
1685
7765126
458
-226
99
-329
-3660
1815
7766151
219
-261
100
-167
-4275
1786
7767176
656
-169
108
-61
-4069
1846
7768201
949
-68
149
-77
-3774
1945
7769226
878
-53
162
-214
-3691
1896
7770251
848
-56
101
-218
-3698
2141
7771276
745
-63
147
-90
-3653
2164
7772301
698
-34
134
-300
-3503
2079
7773326
693
10
15
-512
-3498
2300
7774351
677
-34
-36
-258
-3582
2337
7767168
479
-5
-7
-216
-3503
2287
7768193
238
-11
-29
-161
-3564
2378
7769218
281
36
-51
-151
-3518
2528
7770243
331
86
-70
-176
-3370
2413
7771268
304
75
-86
-187
-3505
2248
7772293
470
119
-74
-251
-3677
2401
7773318
687
247
-41
-287
-3712
2621
7774343
461
203
1
-196
-3235
2717
7775368
277
146
34
311
-3286
2583
7776393
250
282
58
-82
-3653
2459
7777418
433
257
56
-324
-3703
2336
7778443
646
189
61
-242
-3560
2248
7779468
651
153
84
-349
-3432
2407
7780493
551
115
56
-428
-3339
2633
7781518
445
115
43
-463
-3184
2730
7782543
482
169
13
-532
-3185
2827
7775368
437
176
-12
-510
-3165
2956
7776393
130
157
-32
-452
-2863
3014
7777418
-388
128
-44
-371
-2823
2970
7778443
-779
108
-13
-347
-3119
2659
7779468
-758
85
-78
-332
-3540
2396
7780493
-494
22
-128
-197
-3653
2447
7781518
-425
-19
-131
-4
-3616
2401
7782543
-584
-100
-200
53
-3135
2163
7783568
-809
-275
-236
136
-3079
2462
7784593
-927
-378
-214
555
-3681
2785
7785618
-508
-246
-210
914
-4422
2656
7786643
176
-7
-138
706
-4554
2520
7787668
445
56
10
547
-3926
2397
7788693
307
-59
225
510
-3650
2077
7789718
435
-30
383
250
-3714
2263
7790743
785
41
294
44
-3487
2377
7783553
890
-81
101
-57
-2895
1982
7784578
764
-197
-159
-235
-2371
2011
7785603
128
-400
-221
-302
-2676
2160
7786628
-284
-602
-230
-209
-3497
2276
7787653
276
-489
-217
103
-4348
2543
7788678
1306
-219
-159
455
-4214
2829
7789703
1684
-54
-16
548
-3152
2986
7790728
1208
-17
100
118
-2741
2871
7791753
683
-76
169
-8
-2879
2944
7792778
747
-54
115
272
-2951
2939
7793803
1075
14
109
476
-2930
3059
7794828
1327
79
88
643
-2675
3178
7795853
1518
124
45
727
-2595
3151
7796878
1689
145
-46
897
-2399
3183
7797903
1638
103
-63
1096
-2604
3441
7798928
1556
46
2
1150
-2760
3606
7791745
1581
12
-20
834
-1965
3617
7792770
1572
8
-207
529
-1451
3676
7793795
1497
-40
-346
551
-1727
3660
7794820
1527
-86
-543
326
-1405
3589
7795845
1357
-172
-787
-49
-1155
3606
7796870
1023
-372
-984
-108
-1537
3905
7797895
874
-559
-1177
-43
-1561
4084
7798920
718
-716
-1337
-209
-1321
3898
7799945
500
-899
-1508
-163
-1528
3760
7800970
312
-1070
-1639
110
-2078
3692
7801995
186
-1236
-1662
407
-2586
3772
7803020
254
-1324
-1682
529
-2511
3785
7804045
454
-1275
-1724
642
-2352
3794
7805070
723
-1130
-1675
787
-2655
3930
7806095
1010
-1116
-1570
703
-2294
3936
7807120
881
-1184
-1436
741
-1897
4029
7799937
961
-855
-1255
708
-3113
4844
7800962
1440
-663
-920
336
-2022
5920
7801987
515
-576
-694
224
-256
6341
7803012
-473
-57
-742
157
-966
4845
7804037
-82
18
-819
165
-537
3725
7805062
-234
-389
-677
314
247
3088
7806087
-1108
-795
-610
806
-483
2746
7807112
-1282
-1062
-500
1195
-1390
2945
7808137
-603
-1065
-469
1441
-1397
3744
7809162
-52
-883
-517
1627
-913
4461
7810187
-104
-608
-579
1510
-459
4648
7811212
-636
-355
-671
1348
-442
4018
7812237
-1097
-268
-725
1457
-823
3205
7813262
-1122
-324
-708
1713
-1117
3040
7814287
-805
-322
-711
1933
-1321
3768
7815312
-539
-217
-681
1829
-1169
4412
7808129
-482
-113
-591
1548
-1010
4069
7809154
-539
-150
-511
1659
-995
3468
7810179
-559
-255
-465
1981
-1092
3456
7811204
-395
-318
-441
2149
-924
3671
7812229
-336
-374
-466
2281
-757
3684
7813254
-400
-440
-510
2530
-1004
3617
7814279
-356
-514
-574
2610
-1009
3396
7815304
-359
-563
-581
2622
-1237
3225
7816329
-336
-590
-548
2382
-1174
3065
7817354
-238
-642
-549
2343
-967
3123
7818379
-145
-666
-595
2466
-830
3117
7819404
-174
-642
-647
2642
-859
3204
7820429
-324
-582
-682
2680
-771
3009
7821454
-377
-515
-767
2871
-1164
2749
7822479
-341
-476
-756
2824
-1233
2878
7823504
-461
-428
-712
2634
-1170
3080
7816321
-272
-376
-688
2595
-1388
3022
7817346
-13
-366
-754
2575
-363
3095
7818371
-255
-394
-803
2746
-349
3130
7819396
-344
-439
-803
2767
-620
3051
7820421
-376
-513
-773
2764
-602
2852
7821446
-562
-580
-761
2971
-774
2710
7822471
-587
-589
-798
2999
-928
2790
7823496
-513
-581
-829
2837
-1031
2805
7824521
-344
-587
-842
3010
-890
2777
7825546
-203
-621
-831
3236
-686
2633
7826571
-15
-645
-827
3082
-520
2623
7827596
41
-665
-814
2983
-437
2782
7828621
4
-679
-810
2959
-576
2680
7829646
23
-711
-841
3127
-496
2491
7830671
87
-739
-856
3439
-382
2449
7831696
151
-782
-827
3613
-243
2281
7824511
203
-852
-797
3422
-78
2030
7825536
300
-901
-815
3327
165
2173
7826561
334
-931
-823
3391
258
2158
7827586
296
-932
-779
3403
159
1990
7828611
293
-894
-717
3552
100
1927
7829636
335
-834
-660
3676
64
1891
7830661
411
-767
-617
3551
122
1859
7831686
422
-687
-588
3481
382
1846
7832711
299
-584
-538
3566
500
1724
7833736
227
-475
-466
3658
637
1600
7834761
227
-412
-406
3776
658
1306
7835786
231
-397
-340
3722
596
1338
7836811
278
-393
-304
3612
652
1532
7837836
258
-365
-333
3550
700
1503
7838861
152
-306
-372
3575
675
1380
7839886
48
-249
-385
3611
673
1369
7832704
65
-221
-400
3789
651
1384
7833729
97
-210
-412
3807
644
1137
7834754
32
-220
-397
3632
875
1090
7835779
-2
-238
-368
3680
1244
1367
7836804
43
-233
-362
3659
1206
1490
7837829
32
-202
-335
3435
813
1499
7838854
-4
-204
-274
3496
767
1445
7839879
69
-225
-216
3663
944
1469
7840904
126
-209
-152
3741
974
1426
7841929
154
-148
-100
3710
945
1398
7842954
169
-22
-44
3686
993
1366
7843979
141
97
62
3866
993
1176
7845004
136
236
220
3625
727
1224
7846029
239
376
375
3354
845
1247
7847054
263
492
463
3480
1053
1113
7848079
171
590
512
3571
889
1284
7840896
155
765
528
3600
1007
1817
7841921
86
944
607
3412
654
2261
7842946
149
1091
730
3277
392
2372
7843971
236
1200
845
3158
292
2245
7844996
352
1279
955
3370
421
1814
7846021
401
1365
950
3570
934
1661
7847046
197
1432
945
3485
836
1970
7848071
24
1446
989
3559
205
2231
7849096
22
1468
1084
3543
-458
2807
7850121
-34
1861
1356
2744
-1167
4793
7851146
-226
2341
1669
1374
-1114
4163
7852171
-457
2616
1632
1372
-408
3923
7853196
-759
2728
1692
1990
-580
3979
7854221
-785
2802
1862
2121
-949
3801
7855246
-826
2660
2153
1920
-668
3444
7856271
-1032
2325
2335
2096
-842
3268
7849087
-1099
2068
2488
2201
-1378
3445
7850112
-941
1930
2546
1840
-1760
3692
7851137
-857
1841
2591
1604
-2521
3783
7852162
-778
1653
2729
1821
-3723
3586
7853187
-266
1428
2751
1952
-3621
3191
7854212
173
1379
2637
1881
-2796
3651
7855237
143
1436
2515
1611
-2114
4211
7856262
-240
1426
2410
1382
-1783
4076
7857287
-625
1315
2279
1117
-1756
3837
7858312
-785
1132
2105
1111
-1781
3770
7859337
-900
960
1940
1161
-1921
3788
7860362
-899
772
1753
1085
-1859
3674
7861387
-622
581
1504
941
-1747
3575
7862412
-322
454
1290
833
-1701
3763
7863437
-175
388
1149
679
-1688
3937
7864462
-246
300
1038
618
-1677
3848
7857279
-329
168
861
758
-2076
3646
7858304
-92
31
731
868
-2385
3375
7859329
487
0
642
613
-1688
3370
7860354
615
-53
556
420
-897
3442
7861379
5
-211
535
666
-1353
3410
7862404
-443
-310
566
1041
-2253
3376
7863429
-420
-303
545
951
-1980
3238
7864454
-709
-341
573
814
-1736
2958
7865479
-1075
-361
635
1043
-2324
3109
7866504
-895
-84
358
1059
-1715
3994
7867529
-779
275
238
795
-1621
4146
7868554
-910
537
221
120
-1734
3873
7869579
-1384
619
194
-345
-2011
3709
7870604
-1879
576
124
-704
-2323
3283
7871629
-1798
530
-23
-812
-2773
3000
7872654
-1269
561
-75
-661
-2895
2967
7865472
-928
582
-69
-591
-2971
2743
7866497
-901
484
32
-850
-3726
2483
7867522
-770
163
55
-2071
-4213
2678
7868547
-365
-272
38
-2326
-4452
3344
7869572
211
-346
102
-803
-3696
3287
7870597
315
-229
296
-320
-3350
2654
7871622
212
-151
263
-1017
-3605
2255
7872647
-53
-177
291
-506
-3537
2443
7873672
-355
-77
283
-854
-2826
2397
7874697
-802
-107
220
-1267
-2825
2215
7875722
-1168
-249
302
-835
-3526
2764
7876747
-1035
-157
271
-897
-3249
3028
7877772
-862
-94
183
-885
-3028
2712
7878797
-776
-128
179
-699
-3576
2563
7879822
-601
-130
180
-407
-3358
2868
7880847
-703
-93
208
-400
-3079
3036
7873665
-848
-14
144
-625
-3080
3129
7874690
-729
113
6
-864
-3045
2766
7875715
-604
166
-90
-921
-3217
2208
7876740
-499
165
-96
-509
-3896
2091
7877765
-435
82
100
-436
-4799
1706
7878790
-71
-43
216
-742
-4479
1942
7879815
265
2
123
-476
-2976
2863
7880840
-364
110
107
-582
-2701
2794
7881865
-536
126
85
-846
-3787
2261
7882890
-115
241
-3
-660
-3549
2384
7883915
39
307
8
-546
-4603
2405
7884940
1369
498
37
-511
-5792
2378
7885965
3117
833
93
-560
-4297
2657
7886990
3145
973
323
-555
-3321
3012
7888015
2368
1006
530
-541
-2785
3513
7889040
1263
1164
726
-786
-2299
4080
7881856
57
1252
906
-1056
-3092
3746
7882881
-173
1284
964
-1223
-3550
3311
7883906
264
1423
1011
-1145
-3519
2996
7884931
940
1642
1031
-1154
-3529
2419
7885956
1596
1736
1088
-1577
-2620
2248
7886981
1394
1660
1257
-2132
-2256
2439
7888006
496
1361
1303
-2445
-2429
1862
7889031
-228
1037
1194
-2515
-2559
538
7890056
130
706
1029
-2652
-2605
-20
7891081
1528
339
889
-2795
-2950
190
7892106
3007
114
809
-2903
-1136
1163
7893131
2842
-141
568
-3207
818
2276
7894156
1460
-430
203
-2836
563
2839
7895181
588
-664
-118
-2045
-703
3095
7896206
407
-642
-180
-1749
-2077
3899
7897231
379
-434
-188
-2020
-2085
4702
7890048
178
-91
-193
-2133
-1698
4167
7891073
7
26
-264
-2356
-1406
3236
7892098
-62
9
-435
-2062
-1717
3171
7893123
-16
-48
-446
-2220
-1674
3483
7894148
-167
-75
-316
-2134
-1813
3920
7895173
-499
-14
-167
-2034
-2095
3584
7896198
-539
10
-102
-2117
-2069
2968
7897223
-388
31
-37
-2010
-2605
2954
7898248
-94
24
54
-2120
-2491
3015
7899273
-8
8
68
-2231
-1986
2854
7900298
-231
-12
78
-2325
-1912
2927
7901323
-507
-99
200
-2453
-2375
2983
7902348
-643
-222
289
-2305
-2374
2436
7903373
-631
-322
407
-2257
-2127
2007
7904398
-566
-478
576
-2373
-2287
2486
7905423
-669
-652
776
-2446
-2547
2848
7898240
-802
-753
876
-2494
-2403
2319
7899265
-797
-885
864
-2418
-2070
1754
7900290
-774
-1048
889
-2093
-1939
2686
7901315
-513
-1090
906
-1895
-2302
3482
7902340
453
-974
841
-1996
-2350
3244
7903365
1473
-886
636
-1911
-1124
3091
7904390
1262
-908
525
-1848
-692
3287
7905415
715
-980
427
-1793
-1179
3668
7906440
712
-985
302
-1562
-912
4720
7907465
243
-776
311
-1566
-1340
5182
7908490
-108
-474
309
-1656
-1276
4743
7909515
-429
-204
316
-1741
-1087
4318
7910540
-430
-12
217
-1719
-1311
4140
7911565
-55
135
158
-1937
-954
3996
7912590
-48
161
30
-2000
-731
3737
7913615
-399
76
-46
-1681
-1721
3455
7906432
-527
30
10
-1834
-1983
3196
7907457
-450
-4
-2
-2214
-1579
3160
7908482
-486
-29
-32
-2010
-1536
3571
7909507
-731
-44
20
-1976
-1506
3595
7910532
-1229
-18
85
-1978
-1670
3450
7911557
-1573
-31
68
-1838
-1947
3299
7912582
-1574
19
94
-1957
-2359
3580
7913607
-1524
88
127
-2020
-2454
3849
7914632
-1610
2
111
-2345
-2314
2999
7915657
-1149
-214
-72
-1831
-3368
2076
7916682
33
-133
-74
-1678
-2765
2360
7917707
337
-42
44
-2096
-1453
2989
7918732
-399
-214
108
-2079
-1869
2904
7919757
-807
-314
117
-1756
-2832
2955
7920782
-387
-169
100
-1798
-2808
3365
7921807
189
-64
-2
-2011
-2224
3304
7914623
175
-40
28
-1727
-1811
3647
7915648
-352
43
-26
-1787
-1450
3646
7916673
-826
24
-183
-2110
-2190
2948
7917698
-746
-49
-216
-1685
-2305
2850
7918723
-497
76
-131
-1680
-2165
3446
7919748
-640
146
-125
-2091
-2411
3083
7920773
-1151
35
-87
-1872
-1929
2489
7921798
-1551
-87
-220
-1975
-1777
2209
7922823
-1480
-149
-242
-1634
-3187
2632
7923848
-993
14
-102
-1566
-3495
3175
7924873
-738
96
-127
-1878
-2697
2886
7925898
-1375
53
-177
-1848
-2115
2806
7926923
-1996
31
-218
-1490
-2836
2718
7927948
-1576
146
-182
-1612
-4003
2342
7928973
-1047
244
-212
-1898
-3110
1944
7929998
-1440
74
-209
-1863
-2580
1574
7922816
-1587
-17
-165
-1739
-3633
1912
7923841
-1439
61
-24
-1633
-3886
2218
7924866
-1359
131
-12
-1641
-3153
1703
7925891
-1602
35
-105
-1936
-3139
1217
7926916
-1672
-63
-140
-1868
-3671
1040
7927941
-1245
-105
-187
-1719
-3707
889
7928966
-1131
-70
-242
-1462
-3218
1845
7929991
-1920
-76
-227
-1803
-3331
1678
7931016
-2224
-48
-184
-1714
-4356
1201
7932041
-1838
25
-222
-1505
-3950
1012
7933066
-1493
102
-289
-1426
-3336
835
7934091
-1544
120
-270
-1466
-3833
747
7935116
-1703
102
-245
-1584
-4586
444
7936141
-1684
80
-171
-1599
-4473
209
7937166
-1539
26
-95
-1296
-4492
-59
7938191
-967
77
37
-1361
-4764
177
7931008
-427
143
123
-1511
-4373
223
7932033
-186
104
155
-1524
-4026
55
7933058
-145
-1
142
-1560
-3733
-153
7934083
32
-38
50
-1606
-3452
-119
7935108
109
-11
-23
-1748
-3141
154
7936133
-276
-22
-89
-1675
-3526
99
7937158
-448
-61
-85
-1677
-4222
-171
7938183
-205
-103
-16
-1539
-4503
-97
7939208
141
-116
81
-1487
-4404
105
7940233
448
-114
119
-1522
-4137
183
7941258
542
-165
128
-1506
-3937
231
7942283
385
-226
171
-1597
-4128
208
7943308
377
-189
174
-1637
-3952
384
7944333
309
-90
131
-1409
-3641
588
7945358
55
-76
132
-1779
-3991
512
7946383
-68
-104
67
-1567
-3731
329
7939199
-106
-125
108
-1460
-4131
229
7940224
-9
-160
150
-1725
-4179
102
7941249
171
-211
132
-1646
-3964
210
7942274
197
-223
117
-1818
-3517
507
7943299
-110
-246
92
-1431
-3729
834
7944324
-176
-162
65
-1636
-4093
518
7945349
-63
-162
16
-1502
-3800
500
7946374
-102
-117
99
-1566
-4050
406
7947399
109
-72
15
-1817
-4010
303
7948424
276
0
-5
-1642
-3766
399
7949449
312
21
-42
-1761
-3988
315
7950474
514
72
-106
-1645
-3782
525
7951499
513
183
-101
-1567
-3797
902
7952524
159
191
-91
-1651
-4000
589
7953549
62
161
-134
-1659
-3816
331
7954574
-60
136
-190
-1490
-3773
335
7947393
-195
64
-143
-1631
-4255
382
7948418
138
149
-61
-1507
-3976
718
7949443
112
228
-17
-1396
-4087
505
7950468
-42
153
57
-1834
-3952
59
7951493
-40
49
72
-1779
-3602
67
7952518
-14
-12
64
-1712
-3946
365
7953543
70
-21
88
-1674
-4075
521
7954568
11
-62
131
-1685
-3966
593
7955593
28
-65
148
-1657
-3874
601
7956618
69
-39
146
-1585
-3935
504
7957643
133
-48
194
-1583
-4021
372
7958668
268
-31
260
-1691
-4025
359
7959693
238
-86
311
-1828
-4039
446
7960718
269
-109
318
-1651
-4143
815
7961743
243
-32
336
-1859
-4012
797
7962768
118
-17
317
-1725
-3885
759
7955584
184
67
323
-1617
-3654
731
7956609
137
118
318
-1729
-3610
635
7957634
-27
116
300
-1741
-3812
533
7958659
-79
71
292
-2152
-3895
331
7959684
91
17
186
-1816
-3456
700
7960709
236
80
176
-2047
-3594
474
7961734
412
30
151
-2058
-3848
67
7962759
606
-103
166
-2017
-4103
37
7963784
1210
-116
67
-2040
-4000
164
7964809
1940
-41
-8
-2031
-4060
314
7965834
2613
10
-7
-1970
-4144
494
7966859
3394
43
-54
-1888
-3931
1058
7967884
4176
195
-190
-1335
-2434
2006
7968909
4240
381
-184
-1837
-2474
2050
7969934
4048
324
-242
-2073
-2524
2105
7970959
3426
242
-152
-1878
-1966
3057
7963776
1742
173
56
-2494
-2686
2890
7964801
631
-2
176
-2230
-2871
2357
7965826
298
32
191
-1978
-3469
2348
7966851
826
121
116
-2033
-2961
2490
7967876
1327
115
93
-1980
-1449
2499
7968901
847
97
279
-1987
-3360
2639
7969926
1580
62
465
-2115
-5168
2349
7970951
3154
121
191
-2081
-1238
1945
7971976
2232
-71
14
-2352
760
2455
7973001
152
-404
-124
-2259
-894
3111
7974026
-292
-466
-348
-1777
-2392
3530
7975051
65
-277
-363
-1876
-2615
3799
7976076
143
-162
-280
-2076
-2482
3520
7977101
-21
-129
-248
-1998
-2597
3180
7978126
-2
-70
-228
-1873
-2617
3275
7979151
125
-1
-181
-1846
-2449
3227
7971969
68
-3
-139
-1852
-2090
3092
7972994
152
-6
-160
-1673
-2552
3119
7974019
953
84
-210
-1696
-3196
3002
7975044
1695
78
-51
-1810
-2210
2913
7976069
1011
-22
85
-2006
-2102
3217
7977094
350
-95
122
-2025
-2340
3178
7978119
66
-150
175
-2036
-1957
3341
7979144
-138
-183
189
-1840
-2114
3597
7980169
-149
-164
213
-1911
-2365
3303
7981194
76
-176
254
-1811
-2483
2992
7982219
748
-49
273
-1431
-2492
3544
7983244
1355
199
247
-1351
-1361
4572
7984269
1432
549
85
-1949
-261
5062
7985294
508
561
-3
-1871
-791
4240
7986319
-610
565
-24
-1846
-1461
3585
7987344
-1209
593
-166
-2284
-1825
3219
7980160
-1507
448
-144
-2138
-1961
3270
7981185
-1525
375
-80
-1919
-2170
3171
7982210
-1165
451
-84
-2195
-2609
2391
7983235
-727
351
-69
-3083
-1848
1378
7984260
-1070
-61
-179
-3060
-1255
1153
7985285
-2254
-610
-201
-2491
-1019
1290
7986310
-3194
-967
-192
-1964
-1851
2017
7987335
-3014
-977
-136
-1764
-4460
2604
7988360
-1398
-717
-249
-1448
-5263
3234
7989385
105
-270
-135
-849
-2807
4460
7990410
-643
52
-95
-1459
-949
5231
7991435
-2416
270
-206
-2232
-3071
3675
7992460
-2303
359
-18
-1665
-4399
1665
7993485
-271
379
-90
-1239
-3816
974
7994510
770
385
-66
-2179
-1968
1516
7995535
-959
108
-14
-2634
-1392
1759
7988571
-2177
-15
-12
-2182
-4347
2150
7989596
-867
139
-3
-1514
-4260
2454
7990621
126
438
-75
-1627
-3165
2870
7991646
221
672
-113
-1330
-2969
3182
7992671
316
956
-213
-1512
-3049
2977
7993696
381
1108
-265
-1781
-3280
2345
7994721
244
1118
-365
-2025
-3110
1666
7995746
17
902
-337
-2070
-3097
673
7996771
-109
682
-176
-2170
-3496
454
7997796
-182
524
-77
-2476
-3852
634
7998821
-87
360
-15
-2476
-3738
966
7999846
8
203
100
-2508
-3683
1045
8000871
-8
-17
169
-2263
-3268
717
8001896
-187
-263
146
-2257
-3187
493
8002921
-206
-475
88
-2360
-3353
748
8003946
-59
-704
-18
-2279
-3234
953
7996544
142
-943
-53
-2069
-3341
884
7997569
470
-1081
79
-2118
-3679
934
7998594
328
-1325
141
-2310
-3104
881
7999619
-421
-1724
252
-1980
-3147
772
8000644
-612
-1952
351
-1592
-4018
1398
8001669
-52
-1812
292
-874
-3252
3301
8002694
333
-1366
110
-956
-3295
4551
8003719
800
-753
154
-478
-2963
5885
8004744
948
-30
131
-872
-1925
6009
8005769
111
445
138
-1206
-1604
5234
8006794
-777
756
245
-1292
-3285
3413
8007819
-194
1066
208
-1631
-4838
2386
8008844
1599
1368
-23
-1898
-3892
2048
8009869
1684
1373
-225
-1850
-1645
2422
8010894
-236
1337
-317
-1584
-1303
2934
8011919
-1308
1319
-348
-1586
-3088
2073
8004736
-693
1260
-314
-1913
-3986
1073
8005761
-330
1132
-318
-2387
-3430
407
8006786
-689
814
-331
-2757
-3517
-190
8007811
-490
441
-202
-2794
-4157
-359
8008836
237
83
-75
-2652
-3642
-364
8009861
382
-279
52
-2528
-2899
212
8010886
-47
-563
136
-2388
-2988
1406
8011911
-148
-684
164
-2047
-3509
2123
8012936
356
-621
127
-1815
-3507
2199
8013961
612
-544
41
-1839
-2815
2149
8014986
54
-575
-11
-1978
-2553
1991
8016011
-608
-745
-48
-2013
-3345
1491
8017036
-520
-897
-50
-1869
-3818
1450
8018061
80
-969
-25
-1797
-3752
1472
8019086
656
-1042
90
-2036
-3336
1133
8020111
694
-1209
165
-1980
-2582
1519
8012928
27
-1288
151
-1393
-2984
3073
8013953
243
-1043
27
-1184
-4275
3966
8014978
1950
-444
-107
-1006
-3373
4242
8016003
2122
-23
43
-1471
-1844
4146
8017028
598
-45
112
-1834
-2617
3186
8018053
28
-78
31
-1409
-2753
2769
8019078
202
11
-49
-1715
-2287
2468
8020103
17
-65
-104
-2076
-2154
2163
8021128
-353
-199
-62
-1683
-3198
2400
8022153
19
-138
-142
-1573
-3732
2720
8023178
563
-32
-93
-1512
-2819
3092
8024203
-14
-50
-1
-1633
-2441
3311
8025228
-818
-58
25
-1531
-2872
3202
8026253
-918
40
28
-1467
-3165
2897
8027278
-546
183
40
-1425
-2917
3144
8028303
-542
316
83
-1609
-2167
3482
8021122
-1245
333
135
-1822
-2463
2825
8022147
-1596
379
72
-1863
-3756
2258
8023172
-1033
451
28
-1432
-3688
1994
8024197
-406
479
80
-1817
-3924
1451
8025222
109
384
136
-1811
-3762
1525
8026247
193
265
124
-1848
-2889
1341
8027272
-247
109
115
-1877
-2990
1588
8028297
-79
55
-9
-2043
-3528
1808
8029322
542
84
17
-1870
-3344
2296
8030347
460
113
-29
-1891
-2616
2590
8031372
-110
93
-46
-1717
-2989
2706
8032397
-146
175
-67
-1557
-3455
2853
8033422
64
320
-102
-1598
-2774
2928
8034447
-209
451
-124
-1699
-3039
2984
8035472
-346
600
-194
-1561
-3292
3015
8036497
-269
712
-210
-1741
-3042
2134
8029311
-294
678
-159
-2021
-3405
1066
8030336
-319
565
-126
-2124
-3578
936
8031361
-111
414
-129
-2286
-3521
865
8032386
169
248
-90
-2361
-3179
829
8033411
-22
4
-49
-2446
-3331
802
8034436
-244
-354
-11
-2166
-3801
428
8035461
28
-658
79
-2067
-3788
300
8036486
152
-999
188
-2163
-3509
385
8037511
93
-1355
190
-2120
-3861
621
8038536
565
-1516
92
-1262
-3503
1688
8039561
1536
-1241
-23
-842
-3476
3463
8040586
2594
-622
-191
-253
-2400
5849
8041611
2895
7
-106
-1073
-1766
5533
8042636
1012
188
-65
-2238
-1315
4300
8043661
-1120
70
84
-1946
-2824
2618
8044686
-1013
127
4
-1487
-3435
2147
8037504
88
230
84
-1711
-2932
2116
8038529
246
172
39
-2000
-2288
2429
8039554
-494
6
29
-1886
-2735
2557
8040579
-759
-42
0
-1572
-3448
2710
8041604
-479
62
3
-1580
-3248
2811
8042629
-430
88
21
-1653
-3064
2556
8043654
-450
101
30
-1591
-3183
2606
8044679
-271
228
76
-1481
-3007
3258
8045704
-152
389
111
-1720
-3048
3126
8046729
-191
456
109
-1904
-3195
2430
8047754
-271
440
112
-1757
-3110
2137
8048779
-286
429
30
-1883
-3178
1910
8049804
-157
377
23
-1861
-3249
1807
8050829
-51
334
27
-1847
-3072
1995
8051854
-228
324
31
-1943
-3336
2167
8052879
-293
263
-6
-1800
-3168
2186
8045696
-119
306
-3
-1743
-3133
2458
8046721
41
425
-52
-1682
-2907
2715
8047746
-131
541
-128
-1798
-2691
2738
8048771
-443
607
-149
-1799
-3048
2519
8049796
-403
668
-216
-1935
-3359
1900
8050821
-71
698
-225
-2146
-3447
1360
8051846
80
557
-220
-2352
-3175
652
8052871
-21
277
-139
-2425
-3454
334
8053896
45
35
-92
-2336
-3622
756
8054921
104
-120
-39
-2340
-3412
1219
8055946
83
-348
24
-2097
-3258
1278
8056971
24
-542
16
-1892
-3204
1523
8057996
103
-693
-54
-1879
-3448
1376
8059021
440
-788
-27
-1987
-3861
1164
8060046
984
-896
55
-2055
-3971
1163
8061071
1563
-1033
100
-1636
-3754
1624
8053888
1992
-985
33
-1226
-2886
2793
8054913
2211
-637
-9
-1065
-2187
4723
8055938
2104
-276
153
-1329
-1744
5152
8056963
1294
44
53
-1800
-1695
4851
8057988
-90
155
9
-1758
-1828
3489
8059013
-929
91
-52
-1958
-3172
1847
8060038
-488
-61
-3
-1822
-3497
1500
8061063
411
-86
-20
-1766
-3073
2142
8062088
741
-50
2
-1902
-1918
3193
8063113
-68
-83
64
-1820
-1546
3691
8064138
-1070
-90
47
-1571
-2421
3458
8065163
-1379
42
-4
-1403
-2871
3418
8066188
-1407
202
-79
-1464
-2557
3370
8067213
-1716
261
-93
-1567
-2594
3232
8068238
-2020
301
-42
-1610
-3017
2929
8069263
-1878
446
-64
-1673
-3367
2564
8062081
-1523
523
-13
-1809
-3944
1782
8063106
-887
529
63
-1833
-4062
1368
8064131
-384
569
59
-1881
-3483
1551
8065156
-412
506
6
-1972
-3358
1507
8066181
-530
318
-6
-1951
-3634
1256
8067206
-190
233
26
-1941
-3745
1351
8068231
144
230
23
-2086
-3347
1685
8069256
-198
147
-42
-2112
-2466
1880
8070281
-917
7
-49
-1842
-2775
1743
8071306
-1017
-52
16
-1812
-4100
1225
8072331
-503
-57
-90
-1910
-3494
1112
8073356
-406
-59
-144
-2140
-2599
1613
8074381
-1085
-153
-113
-2107
-3018
1458
8075406
-1292
-264
-3
-1754
-4496
1096
8076431
-515
-169
-71
-1772
-4142
1357
8077456
-225
-163
-81
-1841
-3271
1429
8070272
-341
-213
-39
-1642
-3257
1388
8071297
-367
-175
-70
-1750
-3511
1378
8072322
-481
-221
-35
-1799
-4074
1280
8073347
-277
-194
-20
-1647
-3526
1579
8074372
-428
-124
-4
-1655
-3211
1746
8075397
-633
-59
2
-1729
-3331
1891
8076422
-708
47
-31
-1976
-3350
1616
8077447
-876
57
-27
-1822
-3708
1073
8078472
-846
85
0
-1722
-3571
968
8079497
-1205
89
69
-1704
-3026
1245
8080522
-2010
25
140
-1998
-4188
425
8081547
-1730
-72
26
-1827
-4903
100
8082572
-634
-42
62
-1579
-4091
611
8083597
-329
10
22
-1924
-2971
860
8084622
-803
-28
-112
-1781
-3482
598
8085647
-905
-32
-125
-1868
-4362
549
8078463
-598
1
-102
-1883
-3886
696
8079488
-566
23
-139
-1835
-3849
655
8080513
-619
-3
-160
-1864
-4239
124
8081538
-217
-57
-145
-1708
-4123
-309
8082563
52
-147
-109
-1809
-3689
14
8083588
-196
-235
-120
-1797
-3535
461
8084613
-421
-237
-159
-1689
-3986
250
8085638
-298
-211
-111
-1629
-4421
219
8086663
-69
-156
-34
-1581
-4143
699
8087688
-178
-91
-26
-1550
-3667
852
8088713
-263
-33
-55
-1578
-3951
239
8089738
78
2
-19
-1545
-4314
165
8090763
438
27
37
-1534
-4365
263
8091788
818
28
70
-1665
-4687
-1
8092813
1319
40
151
-1789
-4543
388
8093838
1439
-35
11
-1819
-3474
149
8086656
1483
-135
-20
-1633
-3956
-72
8087681
2088
-174
-35
-1693
-4255
-5
8088706
2841
-175
-19
-1932
-4269
279
8089731
3464
-211
17
-1713
-3393
744
8090756
3509
-211
117
-1609
-2814
1643
8091781
3094
-237
270
-1792
-3203
1936
8092806
2952
-235
237
-1427
-2779
2417
8093831
2884
-126
215
-1518
-2847
2525
8094856
2845
-36
146
-1490
-2523
2386
8095881
2461
-33
43
-1780
-2053
2464
8096906
1874
-100
62
-1960
-2782
2716
8097931
2192
-36
89
-1793
-3335
2931
8098956
2431
67
2
-1804
-2288
3253
8099981
1599
31
-18
-1758
-1614
3691
8101006
786
0
113
-1380
-2118
4169
8102031
52
74
172
-2008
-2612
3663
8094848
131
110
144
-1479
-2338
3250
8095873
5
157
186
-1755
-2385
2772
8096898
101
128
211
-1822
-2741
3074
8097923
395
140
115
-1945
-1383
3083
8098948
-258
31
84
-2114
-1548
3006
8099973
-731
-5
82
-1998
-2583
3470
8100998
-555
83
-21
-1836
-2215
3505
8102023
-840
144
-7
-1800
-1666
3542
8103048
-1636
101
-43
-1879
-2113
2780
8104073
-1819
-1
-50
-1699
-3109
2324
8105098
-1399
42
-111
-1893
-2853
2548
8106123
-1485
-75
-53
-2153
-2859
2235
8107148
-1490
-263
33
-1913
-3541
2032
8108173
-1061
-245
-25
-1862
-3430
2192
8109198
-592
-105
-113
-1758
-2710
2805
8110223
-480
5
-39
-1565
-2871
2970
8103040
-602
46
33
-1727
-3193
2885
8104065
-645
39
23
-1774
-3131
2458
8105090
-802
-20
33
-1776
-3026
2050
8106115
-1022
-114
105
-2056
-3484
1850
8107140
-716
-178
112
-1946
-3898
2001
8108165
33
0
126
-1645
-3406
2405
8109190
114
35
118
-1892
-2671
2221
8110215
-346
-49
8
-1805
-2575
2311
8111240
-654
-25
68
-1556
-3265
2782
8112265
-601
166
63
-1615
-2900
3101
8113290
-1096
351
46
-1679
-2618
2880
8114315
-1562
426
124
-1537
-3420
2251
8115340
-1261
507
126
-1659
-4194
1829
8116365
-689
575
200
-1696
-4081
1437
8117390
29
510
148
-2130
-3782
902
8118415
795
397
87
-1921
-3593
773
8111231
1427
325
184
-2135
-3708
870
8112256
1920
275
147
-2221
-3197
1530
8113281
1839
185
140
-2271
-2968
2036
8114306
1598
67
184
-2221
-3053
1984
8115331
2013
109
185
-1805
-3076
2162
8116356
2623
286
186
-1925
-3094
2508
8117381
2870
375
227
-2389
-2803
2744
8118406
2834
329
175
-2344
-2219
2672
8119431
2516
306
48
-2199
-2109
2800
8120456
2354
372
38
-2274
-2754
2932
8121481
2957
528
-116
-2132
-1878
2956
8122506
2992
522
-226
-2445
-259
3233
8123531
1857
320
-398
-2609
-44
3501
8124556
578
232
-570
-2239
-1326
3656
8125581
240
313
-628
-1969
-1949
3934
8126606
194
419
-586
-2212
-1682
3619
8119423
-114
529
-537
-2246
-2203
3604
8120448
-187
645
-442
-2187
-2461
3366
8121473
160
800
-406
-2226
-1808
3537
8122498
155
859
-408
-2421
-1504
3160
8123523
-184
814
-441
-2364
-1631
2937
8124548
-648
691
-478
-2341
-1950
2527
8125573
-948
572
-479
-2427
-2345
2135
8126598
-889
457
-481
-2467
-2055
2137
8127623
-1072
435
-474
-2790
-2510
2406
8128648
-738
319
-290
-2339
-3106
1953
8129673
39
260
-204
-2407
-2619
1868
8130698
481
189
-101
-2504
-2758
2309
8131723
781
184
-68
-2443
-2307
2803
8132748
480
199
-126
-2649
-1744
2863
8133773
-39
142
-131
-2539
-2142
2639
8134798
-55
103
-146
-2446
-2413
2490
8127726
213
60
-189
-2437
-2877
2057
8128751
542
-12
-160
-2471
-2711
2019
8129776
507
-155
-62
-2561
-2510
2298
8130801
397
-315
50
-2449
-2527
2424
8131826
378
-410
75
-2596
-2194
2386
8132851
256
-512
85
-2610
-2064
2244
8133876
252
-669
93
-2345
-1712
2088
8134901
402
-742
56
-2249
-1513
2738
8135926
472
-705
-26
-2291
-1541
3508
8136951
254
-667
-105
-2158
-1613
3690
8137976
-98
-605
-174
-1710
-1553
3689
8139001
-404
-407
-287
-2104
-1930
4037
8140026
-281
-293
-235
-1996
-2697
3294
8141051
301
-202
-275
-1782
-2080
3114
8142076
238
-131
-276
-2104
-1833
3298
8143101
124
-133
-274
-2204
-2227
3112
8135808
224
-171
-283
-2126
-2296
3024
8136833
168
-199
-295
-2006
-2192
3086
8137858
-17
-194
-299
-1944
-2241
3233
8138883
-34
-170
-263
-1972
-2478
3242
8139908
27
-239
-240
-2047
-2023
2961
8140933
-94
-221
-246
-1821
-2145
3066
8141958
138
-92
-226
-1903
-2397
3449
8142983
457
-60
-192
-1939
-2306
3446
8144008
371
-103
-202
-2000
-1716
3308
8145033
-421
-269
-263
-2003
-1500
2977
8146058
-1195
-362
-287
-1742
-2386
2889
8147083
-830
-245
-241
-1786
-3131
3319
8148108
-179
-205
-267
-1825
-2399
3336
8149133
-166
-222
-291
-1713
-2010
2993
8150158
-526
-301
-262
-1766
-2091
2722
8151183
-775
-378
-264
-1754
-2303
2798
8144000
-728
-423
-272
-1596
-2701
3027
8145025
-591
-430
-246
-1572
-2724
2997
8146050
-601
-476
-208
-1553
-2570
2796
8147075
-674
-545
-176
-1510
-2697
2659
8148100
-496
-551
-146
-1399
-2876
2927
8149125
-191
-513
-139
-1420
-2874
3106
8150150
-55
-515
-130
-1434
-2697
3013
8151175
-130
-550
-136
-1477
-2568
2875
8152200
-262
-580
-172
-1350
-2581
2930
8153225
-323
-604
-216
-1193
-2651
2990
8154250
-334
-636
-230
-1263
-2747
2945
8155275
-403
-682
-249
-1359
-2798
2928
8156300
-479
-702
-319
-1354
-2992
3038
8157325
-452
-697
-407
-1276
-2962
3085
8158350
-312
-664
-461
-1221
-2950
3135
8159375
-314
-644
-450
-1257
-3146
3211
8152192
-102
-616
-364
-1512
-4035
3425
8153217
736
-564
-286
-1286
-4547
3664
8154242
1707
-461
-192
-1357
-3775
3843
8155267
1737
-455
-164
-1573
-2196
3827
8156292
763
-601
-189
-1463
-2089
3867
8157317
150
-714
-214
-1157
-2993
3680
8158342
365
-697
-296
-1069
-2791
3373
8159367
473
-728
-401
-985
-2160
3122
8160392
309
-809
-531
-713
-2094
3009
8161417
239
-853
-648
-366
-2272
3125
8162442
322
-861
-756
-225
-2370
3118
8163467
523
-870
-842
22
-2560
2912
8164492
940
-845
-876
349
-2530
2787
8165517
1391
-830
-891
520
-2248
2842
8166542
1671
-849
-871
699
-2166
3056
8167567
1869
-848
-793
954
-2226
3106
8160384
2070
-807
-670
1111
-2282
3177
8161409
2440
-716
-566
989
-1835
3341
8162434
2634
-542
-537
1074
-737
3931
8163459
1981
-460
-365
1219
-922
4367
8164484
1584
-364
-261
1063
-988
4242
8165509
1471
-228
-237
916
-461
4293
8166534
1204
-213
-218
822
-510
4336
8167559
1027
-217
-205
1007
-559
4515
8168584
874
-183
-130
1008
-396
4543
8169609
630
-168
-153
719
-259
4362
8170634
359
-208
-270
751
-360
4214
8171659
201
-239
-330
868
-609
4244
8172684
216
-224
-337
836
-654
4107
8173709
278
-194
-341
849
-528
3948
8174734
233
-176
-334
881
-567
4024
8175759
220
-140
-305
820
-555
4110
8168575
218
-88
-293
754
-452
4107
8169600
134
-60
-315
668
-474
3983
8170625
10
-69
-339
700
-660
3860
8171650
-9
-74
-348
672
-772
3889
8172675
232
-41
-361
634
-709
3940
8173700
585
49
-412
547
-129
4045
8174725
575
98
-478
486
340
4148
8175750
223
97
-500
643
-232
4492
8176775
490
209
-554
770
-446
4396
8177800
1099
419
-713
736
678
4268
8178825
887
458
-723
1056
567
4117
8179850
565
512
-656
1251
51
4025
8180875
449
651
-603
1115
514
3865
8181900
-82
685
-590
1014
1283
3594
8182925
-1048
606
-502
1429
573
3498
8183950
-1811
624
-350
1628
551
4488
8176768
-2618
622
-435
1756
-843
5047
8177793
-2448
520
-362
873
-1210
4455
8178818
-1938
327
-116
497
-885
4119
8179843
-1750
134
-34
970
-1535
3855
8180868
-1726
2
52
1005
-2084
3687
8181893
-1268
30
124
754
-2057
3868
8182918
-582
170
106
328
-1636
3951
8183943
-234
149
107
355
-1420
3994
8184968
-158
65
121
251
-1174
4067
8185993
-167
37
91
249
-953
4173
8187018
-316
44
56
259
-1054
4267
8188043
-485
24
53
291
-1297
4070
8189068
-487
30
55
376
-1387
4020
8190093
-485
67
58
337
-1204
4030
8191118
-643
63
42
301
-1132
4169
8192143
-865
39
36
493
-1481
3993
8184960
-877
80
58
234
-1579
3918
8185985
-744
45
19
339
-1813
3911
8187010
-655
37
14
348
-1868
3806
8188035
-584
27
39
436
-2063
3786
8189060
-392
52
75
372
-2036
3842
8190085
-246
64
92
290
-1858
3905
8191110
-279
43
80
282
-1854
3817
8192135
-339
15
53
294
-1607
3887
8193160
-506
23
29
356
-1655
3901
8194185
-629
48
23
402
-1922
3771
8195210
-584
64
16
393
-2020
3759
8196235
-485
92
4
350
-2013
3716
8197260
-412
72
-4
251
-2380
3541
8198285
-230
16
-12
275
-2326
3642
8199310
-130
7
-23
304
-1843
3805
8200335
-293
28
-74
177
-1709
3792
8193152
-482
24
-123
262
-2150
3788
8194177
-484
82
-171
438
-1642
3999
8195202
-773
177
-190
143
-1731
3888
8196227
-890
208
-277
42
-2120
3605
8197252
-791
169
-313
72
-2460
3440
8198277
-694
98
-318
243
-2250
3551
8199302
-701
80
-281
380
-2425
3460
8200327
-653
85
-226
356
-2474
3495
8201352
-552
101
-235
304
-2621
3357
8202377
-417
89
-259
356
-2523
3386
8203402
-516
62
-238
464
-2728
3335
8204427
-421
112
-214
417
-2729
3409
8205452
-274
161
-220
306
-2564
3447
8206477
-278
131
-195
258
-2493
3456
8207502
-477
51
-127
220
-2805
3190
8208527
-460
-17
-98
307
-2957
3161
8201345
-281
-43
-137
267
-2952
3160
8202370
-188
-69
-152
398
-2943
3129
8203395
-153
-69
-146
508
-2704
3278
8204420
-327
-55
-109
540
-2512
3339
8205445
-499
-27
-36
528
-2725
3224
8206470
-421
9
30
524
-2850
3102
8207495
-365
2
87
553
-2744
3152
8208520
-596
-55
187
560
-2625
3204
8209545
-921
-117
323
541
-2549
3225
8210570
-1069
-86
381
306
-2773
3074
8211595
-1108
-81
351
308
-3204
2954
8212620
-1097
-128
343
294
-3296
2821
8213645
-987
-140
338
276
-3301
2682
8214670
-767
-66
258
228
-3355
2655
8215695
-636
-2
165
237
-3406
2638
8216720
-468
0
108
336
-3780
2378
8209536
-45
93
49
274
-3381
2567
8210561
103
122
-8
166
-3473
2600
8211586
182
31
11
251
-3528
2527
8212611
401
17
16
218
-3288
2691
8213636
461
15
-1
288
-3264
2800
8214661
397
-23
38
254
-3220
2773
8215686
426
-7
28
288
-3260
2747
8216711
537
55
18
406
-3379
2725
8217736
826
205
26
462
-3640
2555
8218761
1340
236
95
409
-3823
2523
8219786
1702
55
225
315
-3202
2844
8220811
1715
-31
224
214
-2698
3217
8221836
1598
30
158
297
-2521
3491
8222861
1342
69
162
187
-2308
3460
8223886
1051
45
160
119
-2155
3559
8224911
773
58
134
161
-2178
3648
8217728
557
116
120
261
-2278
3663
8218753
396
154
145
216
-2370
3498
8219778
329
120
181
35
-2466
3458
8220803
350
71
198
2
-2460
3486
8221828
371
54
197
25
-2304
3600
8222853
278
48
193
-100
-2203
3590
8223878
185
21
133
-82
-2441
3555
8224903
282
25
87
-53
-2355
3629
8225928
265
35
84
-97
-1830
3774
8226953
-54
43
80
-20
-1978
3763
8227978
-234
69
89
72
-2428
3761
8229003
-163
155
82
150
-2334
3822
8230028
-192
240
17
117
-1856
3860
8231053
-448
319
-60
-94
-1605
3951
8232078
-695
362
-145
-66
-2422
3575
8233103
-651
331
-185
-138
-2499
3383
8225920
-555
309
-217
-370
-1994
3414
8226945
-731
203
-229
-437
-2332
3240
8227970
-1038
-9
-157
-328
-2945
2987
8228995
-1010
-166
-38
-68
-3222
2996
8230020
-675
-205
78
-72
-3067
2904
8231045
-276
-173
108
-206
-3411
2885
8232070
41
-211
107
35
-3270
3086
8233095
235
-235
116
-107
-2749
3141
8234120
341
-263
5
-81
-3329
3139
8235145
684
-271
-47
-198
-2360
3300
8236170
560
-310
-78
-169
-1987
3361
8237195
305
-375
-81
49
-2465
3456
8238220
114
-452
-6
181
-2805
3341
8239245
150
-512
56
166
-2933
3144
8240270
470
-585
76
196
-2633
3455
8241295
530
-575
67
322
-2504
3688
8234111
453
-420
66
630
-2731
3725
8235136
313
-226
137
486
-1833
3897
8236161
-309
-162
69
262
-1310
4062
8237186
-1261
-116
49
349
-1812
3953
8238211
-1864
-55
62
209
-2271
3458
8239236
-1876
-48
31
147
-3054
2717
8240261
-1188
39
-55
145
-3712
2563
8241286
-478
21
-76
180
-3617
2755
8242311
-179
-49
-99
343
-3272
2902
8243336
-27
-25
-98
282
-2910
3007
8244361
16
53
-99
205
-2625
3304
8245386
-269
64
-89
243
-2549
3373
8246411
-610
51
-93
285
-2828
3198
8247436
-793
3
-58
360
-3278
2896
8248461
-768
-44
6
324
-3233
2819
8249486
-726
-66
16
286
-3217
2862
8242304
-702
-36
-13
323
-2929
2990
8243329
-859
6
-41
311
-2892
2928
8244354
-985
2
-93
351
-3217
2618
8245379
-885
3
-106
389
-3463
2438
8246404
-669
-1
-119
310
-3763
2248
8247429
-273
-35
-90
391
-3753
2310
8248454
62
-40
-37
409
-3602
2419
8249479
281
-41
17
350
-3521
2503
8250504
403
-51
44
339
-3360
2587
8251529
462
-74
56
238
-3311
2474
8252554
692
-111
-11
295
-3659
2134
8253579
1307
63
-178
534
-3307
2921
8254604
1197
183
-24
623
-2616
3506
8255629
542
275
64
313
-2933
3098
8256654
340
187
100
394
-3260
2943
8257679
309
135
160
270
-2722
3346
8250496
-109
117
195
302
-1960
3606
8251521
-965
4
227
68
-2771
2954
8252546
-1183
-272
288
-59
-3799
2288
8253571
-759
-518
337
262
-3728
2594
8254596
-440
-337
252
19
-3304
2590
8255621
-186
-267
53
294
-3240
2802
8256646
-199
-187
88
353
-3322
2323
8257671
39
-84
29
170
-3604
2376
8258696
399
-101
-50
303
-3475
2581
8259721
566
-72
-80
358
-3158
2903
8260746
442
-35
-51
374
-2975
2844
8261771
310
2
-45
307
-3034
2876
8262796
227
-2
-80
261
-3076
3038
8263821
123
-34
-96
348
-3254
2706
8264846
322
41
-165
417
-3674
2694
8265871
462
165
-137
381
-2700
3388
8258687
-109
136
-14
349
-2356
3211
8259712
-427
72
-22
280
-3618
2471
8260737
31
63
-13
365
-3888
2524
8261762
382
170
0
269
-2738
3173
8262787
36
147
62
101
-2352
3174
8263812
-260
-9
-18
353
-3643
2528
8264837
162
58
12
321
-3703
2686
8265862
377
128
52
336
-2640
3293
8266887
78
155
56
270
-2853
2841
8267912
219
167
-20
173
-3949
2413
8268937
772
138
11
198
-3313
2917
8269962
742
33
38
111
-2734
3045
8270987
570
-50
-2
229
-2713
3133
8272012
493
-44
-58
304
-2557
3208
8273037
313
-21
-78
297
-2900
3162
8274062
167
-46
-37
440
-2857
3226
8266881
7
-30
31
362
-2750
3184
8267906
-150
22
50
217
-2472
3319
8268931
-494
35
-3
142
-2624
3298
8269956
-717
4
-32
274
-3010
3040
8270981
-566
23
-35
288
-3612
2679
8272006
-87
15
-60
208
-3501
2866
8273031
104
-62
-33
380
-2963
3038
8274056
138
-45
18
228
-3186
2944
8275081
353
20
24
333
-3307
2735
8276106
668
25
94
408
-3569
3133
8277131
709
30
202
285
-2464
2997
8278156
778
112
152
-18
-2935
3245
8279181
716
-7
183
595
-3285
2861
8280206
984
46
302
231
-3098
3252
8281231
1278
134
252
198
-2885
3379
8282256
1400
146
211
121
-2930
3088
8275072
1528
71
190
-38
-2443
3342
8276097
1565
64
137
82
-2621
3553
8277122
1704
37
165
108
-2561
3522
8278147
1761
-51
231
-134
-1706
3708
8279172
1473
-128
203
12
-1468
3909
8280197
1206
-110
189
44
-1508
3974
8281222
863
-149
171
106
-1313
4184
8282247
496
-74
111
157
-1471
3981
8283272
427
13
131
60
-1934
3844
8284297
560
31
109
10
-1802
3795
8285322
564
-6
117
61
-1600
3988
8286347
437
-23
122
206
-1654
4118
8287372
508
20
127
38
-1918
3953
8288397
723
32
133
-34
-1492
3949
8289422
716
48
99
168
-1234
4274
8290447
596
102
88
230
-1442
3920
8283263
533
75
94
48
-1069
3784
8284288
251
3
52
42
-1009
3964
8285313
-95
-46
15
76
-1348
3502
8286338
-183
-92
-8
106
-1364
4111
8287363
-236
-54
-7
42
-1273
4248
8288388
-352
-23
-21
-52
-1349
3973
8289413
-386
-41
-50
99
-1668
4089
8290438
-320
-59
-16
76
-1625
4128
8291463
-260
-55
-1
82
-1502
4011
8292488
-233
-45
-22
96
-1549
3930
8293513
-218
-47
-41
95
-1681
3904
8294538
-128
-39
-47
132
-1739
4071
8295563
-63
-26
-18
27
-1603
4026
8296588
-67
-31
-29
41
-1546
3971
8297613
-106
-33
-52
130
-1595
3980
8298638
-105
-27
-54
154
-1677
3977
8291457
-29
-12
-50
105
-1679
3976
8292482
8
-14
-51
90
-1640
3961
8293507
31
-17
-58
131
-1620
3957
8294532
22
-16
-56
125
-1588
4004
8295557
11
-16
-60
110
-1633
3970
8296582
14
-28
-62
108
-1577
3961
8297607
4
-36
-67
125
-1592
3955
8298632
26
-25
-72
135
-1585
3968
8299657
28
-12
-63
133
-1557
3974
8300682
2
4
-49
113
-1456
4014
8301707
-74
14
-35
80
-1495
4006
8302732
-142
4
-26
106
-1591
3987
8303757
-172
-4
-18
139
-1677
3961
8304782
-153
-2
-8
139
-1666
3939
8305807
-136
-2
1
117
-1671
3954
8306832
-131
-11
5
127
-1689
3931
8299649
-113
-18
6
143
-1667
3925
8300674
-135
-26
5
140
-1621
3944
8301699
-163
-27
3
172
-1663
3915
8302724
-150
-16
-10
134
-1679
3844
8303749
-124
-15
-42
126
-1689
3791
8304774
-127
-32
-76
135
-1568
3861
8305799
-203
-37
-108
157
-1600
3986
8306824
-234
-10
-129
150
-1753
3960
8307849
-231
-9
-123
132
-1828
3930
8308874
-222
-36
-95
173
-1936
3900
8309899
-174
-59
-59
215
-1890
3892
8310924
-146
-58
-38
217
-1886
3886
8311949
-88
-34
-30
215
-1943
3869
8312974
-20
-31
-15
205
-1903
3867
8313999
10
-35
-1
221
-1834
3878
8315024
37
-17
0
215
-1828
3876
8307840
45
-9
-1
174
-1752
3903
8308865
-7
-13
-1
205
-1805
3883
8309890
-17
-11
1
205
-1820
3887
8310915
-28
-10
-7
178
-1767
3871
8311940
-33
-3
-11
237
-1925
3862
8312965
25
-11
15
200
-1938
3836
8313990
53
-34
14
156
-1615
3927
8315015
-76
-38
-2
244
-1710
3945
8316040
-151
-16
18
265
-1888
3811
8317065
-89
3
20
239
-1930
3819
8318090
-56
-1
30
194
-1844
3889
8319115
-60
-5
58
224
-1886
3846
8320140
-33
3
65
214
-1905
3826
8321165
-4
8
60
265
-1761
3859
8322190
-71
36
67
197
-1634
3905
8323215
-181
60
70
140
-1832
3878
8316032
-188
53
69
119
-1972
3804
8317057
-125
26
53
132
-1952
3761
8318082
-56
16
26
154
-1946
3820
8319107
-31
11
16
192
-1884
3838
8320132
-62
12
18
134
-1789
3863
8321157
-122
10
5
167
-1928
3812
8322182
-87
3
6
193
-2052
3801
8323207
-5
-6
22
171
-2019
3774
8324232
46
-19
31
181
-1925
3798
8325257
66
-12
34
195
-1970
3808
8326282
129
17
30
235
-2153
3771
8327307
311
56
34
274
-2356
3655
8328332
568
59
73
284
-2249
3682
8329357
753
30
115
338
-2282
3699
8330382
997
40
169
471
-2231
3918
8331407
1128
101
280
532
-1792
3962
8324223
870
118
375
670
-1448
3886
8325248
199
69
523
721
-2383
3809
8326273
452
90
699
489
-2211
3854
8327298
672
57
802
311
-1703
4007
8328323
529
-4
889
137
-1719
3861
8329348
557
-75
863
174
-1249
3814
8330373
431
-110
802
387
-959
3926
8331398
210
-101
714
489
-927
4068
8332423
229
-22
598
520
-1137
4167
8333448
382
34
522
332
-791
4164
8334473
241
45
441
380
-584
4123
8335498
-2
7
403
331
-793
3868
8336523
200
0
372
211
-868
4387
8337548
378
-39
384
159
-731
4342
8338573
383
-80
481
131
-799
4376
8339598
366
-122
527
119
-531
4272
8332416
338
-168
560
77
-326
4379
8333441
262
-170
560
75
-406
4597
8334466
41
-268
492
51
-590
4438
8335491
-22
-409
362
-28
-832
4208
8336516
100
-453
196
-10
-890
4129
8337541
167
-269
121
-44
-1178
4170
8338566
320
-258
96
321
-1170
3916
8339591
303
-91
132
-358
-993
4027
8340616
23
15
-67
-162
-1129
4099
8341641
-114
102
-81
154
-1463
4090
8342666
-58
237
-65
-15
-1420
3939
8343691
-130
291
-100
-161
-1154
3701
8344716
-308
337
-115
-200
-1485
3807
8345741
-259
432
-126
-75
-1755
3944
8346766
-149
524
-147
-54
-1358
3865
8347791
-320
562
-181
-185
-1041
3693
8340671
-617
548
-230
-300
-1137
3516
8341696
-731
520
-283
-272
-1483
3545
8342721
-543
502
-288
-223
-1836
3542
8343746
-295
469
-314
-459
-1409
3649
8344771
-478
308
-312
-662
-1030
3521
8345796
-827
82
-287
-722
-1367
3208
8346821
-807
-189
-243
-764
-1632
3131
8347846
-494
-404
-209
-682
-1720
3549
8348871
-84
-503
-179
-614
-1531
4175
8349896
288
-659
-140
-1057
-1499
4724
8350921
773
-885
-14
-1405
-1692
5485
8351946
834
-750
-94
-504
-355
5749
8352971
-159
-504
-97
-79
-536
5214
8353996
-688
-265
-253
-354
-1526
4476
8355021
-449
-112
-388
-163
-1669
3932
8356046
-424
-145
-397
-322
-1262
3150
8348800
-1012
-401
-414
-331
-1308
2763
8349825
-1714
-667
-418
-97
-1706
3229
8350850
-2081
-781
-283
-264
-1966
3742
8351875
-2429
-916
-2
-435
-2411
3913
8352900
-3046
-1078
245
-227
-2745
3662
8353925
-3285
-1065
362
54
-2891
4173
8354950
-2967
-884
421
-12
-2900
4095
8355975
-2639
-682
451
-127
-2784
3774
8357000
-2817
-602
538
-125
-1374
3739
8358025
-3735
-663
397
401
-1751
3341
8359050
-3542
-503
156
1081
-4653
2946
8360075
-1937
-71
141
1003
-3827
2730
8361100
-1684
-12
148
1078
-3183
2337
8362125
-2426
-98
212
1201
-3705
2280
8363150
-2988
-112
212
1072
-3493
1950
8364175
-3024
-102
126
1057
-4027
1406
8356992
-2506
-5
104
765
-3868
1073
8358017
-2263
-36
96
299
-3663
519
8359042
-2088
-144
38
112
-4350
85
8360067
-1700
-201
42
398
-5042
183
8361092
-1026
-215
59
612
-5017
269
8362117
-4
-117
23
100
-4452
496
8363142
400
77
12
-224
-4010
885
8364167
-70
163
17
-52
-3984
986
8365192
-413
142
61
176
-4423
735
8366217
-298
128
164
-156
-4049
575
8367242
-226
90
109
-88
-3653
676
8368267
-10
85
6
296
-3877
553
8369292
494
39
-84
579
-3762
362
8370317
689
-137
-250
948
-3596
426
8371342
644
-269
-383
1336
-3776
675
8372367
590
-252
-435
1582
-3867
1057
8365184
318
-167
-408
1745
-3915
1273
8366209
-73
-149
-236
1416
-4481
1004
8367234
-145
-231
-19
1077
-4657
742
8368259
-57
-273
147
819
-4526
644
8369284
129
-236
179
733
-4352
355
8370309
365
-181
152
589
-4403
327
8371334
906
-227
124
152
-4606
227
8372359
1999
-303
-14
226
-4434
372
8373384
2627
-302
49
484
-4373
1049
8374409
2688
-255
117
578
-3690
2142
8375434
1672
-57
114
652
-2257
3322
8376459
-531
-119
230
338
-2435
2909
8377484
-1593
-309
246
286
-4118
1426
8378509
-796
-201
152
440
-4721
944
8379534
193
-79
51
153
-3965
812
8380559
404
-172
-47
98
-3439
905
8373375
140
-238
-85
352
-3714
1164
8374400
-10
-255
-56
643
-4460
1170
8375425
201
-230
-4
980
-4463
1279
8376450
351
-161
59
766
-4113
1444
8377475
269
-173
109
638
-3908
1439
8378500
189
-108
92
588
-3713
1501
8379525
61
-83
61
424
-3575
1593
8380550
-191
-139
75
483
-3669
1585
8381575
-375
-76
68
611
-3633
2000
8382600
-576
35
86
771
-3638
2223
8383625
-835
64
81
590
-3628
1650
8384650
-1188
20
92
363
-3886
1062
8385675
-1572
44
110
371
-4330
1385
8386700
-1980
87
160
636
-3843
1251
8387725
-2449
16
242
859
-4290
714
8388750
-1931
-107
229
623
-5159
66
8381568
-212
-123
110
578
-4998
-547
8382593
1055
-15
83
744
-4374
-115
8383618
1049
143
199
378
-3490
1015
8384643
-19
205
322
183
-3681
2065
8385668
-485
196
251
367
-4736
1407
8386693
217
411
84
139
-3893
455
8387718
716
434
-6
90
-4074
677
8388743
1374
467
-138
580
-4718
1199
8389768
2270
769
-234
440
-4016
1265
8390793
2561
994
-338
18
-3647
1557
8391818
2684
1053
-409
688
-5026
2086
8392843
3545
1242
-207
1240
-5375
2386
8393868
3972
1397
95
545
-4048
2512
8394893
3479
1324
228
188
-3628
2617
8395918
3256
1298
305
646
-3486
2755
8396943
2978
1404
392
258
-3061
2433
8389761
2277
1245
439
-106
-2787
2369
8390786
1383
1034
467
50
-2590
2758
8391811
798
912
403
-77
-2528
2872
8392836
400
675
351
-529
-2476
2456
8393861
122
505
274
-661
-2436
2416
8394886
96
374
153
-405
-2554
2630
8395911
157
229
114
-647
-2385
2405
8396936
-35
-40
90
-981
-2555
1949
8397961
-129
-238
89
-385
-3138
2917
8398986
290
-48
64
206
-3435
4179
8400011
508
140
104
-48
-2915
3899
8401036
232
220
160
-434
-3028
3640
8402061
615
519
135
22
-3948
4342
8403086
1609
911
218
214
-3233
4801
8404111
1723
1150
375
-702
-2190
4357
8405136
1120
1233
443
-1106
-2586
3800
8397953
857
1297
504
-1022
-2794
3303
8398978
966
1291
567
-1132
-2456
3055
8400003
1037
1197
623
-1127
-2406
3016
8401028
972
1132
676
-1247
-2325
3422
8402053
774
1062
781
-1269
-2001
3191
8403078
808
1050
766
-1352
-1969
3426
8404103
1084
998
743
-1151
-1574
3565
8405128
716
930
809
-1459
-1282
3079
8406153
454
783
791
-1224
-1211
2898
8407178
335
642
752
-1119
-776
3030
8408203
37
403
601
-1289
-977
3163
8409228
75
150
378
-1506
-2101
3568
8410253
726
215
382
-1779
-1614
3909
8411278
578
388
256
-2520
-734
3774
8412303
20
362
-122
-2131
-1055
3373
8413328
-146
292
-245
-2190
-1439
3353
8406144
-174
256
-180
-2043
-1653
3045
8407169
-51
210
-94
-2027
-1734
2823
8408194
94
104
-30
-2179
-995
2787
8409219
-377
-173
-146
-2310
-803
2897
8410244
-898
-363
-223
-2156
-1733
2939
8411269
-769
-419
-152
-1817
-2364
3285
8412294
-418
-287
-38
-1725
-2414
3696
8413319
-113
-114
-34
-1832
-1870
3766
8414344
-96
-59
-56
-1929
-1584
3370
8415369
-113
-113
-76
-1905
-1653
3223
8416394
-19
-192
-57
-1845
-1888
3520
8417419
-35
-166
-30
-1875
-1867
3925
8418444
-263
-109
-40
-1900
-1653
3527
8419469
-236
-73
-98
-1677
-1848
3320
8420494
1
-45
-119
-1697
-1930
3395
8421519
143
-44
-119
-1874
-1764
3476
8414336
66
-28
-124
-1942
-1677
3593
8415361
142
92
-155
-1891
-1879
3532
8416386
219
74
-145
-1808
-1775
3446
8417411
43
55
-98
-1816
-1937
3520
8418436
143
142
-68
-1867
-1932
3527
8419461
245
151
-59
-1917
-1652
3413
8420486
43
80
-57
-1938
-1502
3470
8421511
-260
-41
-74
-1854
-1648
3439
8422536
-492
-112
-80
-1846
-1914
3217
8423561
-441
-155
-67
-1876
-2074
3198
8424586
-427
-178
-35
-1918
-2043
3457
8425611
-513
-170
-15
-1807
-2123
3343
8426636
-365
-154
-10
-1754
-1972
3313
8427661
-216
-121
-11
-1782
-1791
3340
8428686
-89
-100
-53
-1806
-1740
3467
8429711
-118
-112
-75
-1806
-2105
3431
8422528
-86
-170
-72
-1729
-2288
3373
8423553
90
-176
-65
-1643
-2323
3208
8424578
136
-142
-48
-1739
-2100
3347
8425603
76
-148
-39
-1738
-2288
3288
8426628
168
-144
-42
-1685
-1999
3382
8427653
0
-170
-4
-1714
-1906
3577
8428678
-99
-168
-3
-1606
-2394
3428
8429703
236
-79
26
-1610
-2244
3444
8430728
307
-57
36
-1964
-1690
3449
8431753
-126
-137
4
-1697
-2187
3317
8432778
17
-102
6
-1312
-2231
3348
8433803
410
-23
37
-1434
-1571
3945
8434828
478
90
-21
-1497
-1456
4196
8435853
541
247
-97
-1549
-1148
3966
8436878
560
388
-226
-1634
-1055
3816
8437903
386
440
-291
-1687
-1253
3748
8430720
190
394
-274
-1927
-1666
3196
8431745
80
272
-174
-1948
-2710
2533
8432770
256
76
-46
-1686
-2884
2304
8433795
445
-77
36
-2204
-1918
2835
8434820
391
-274
40
-2096
-1670
2789
8435845
373
-504
43
-1641
-1617
2928
8436870
205
-649
78
-1576
-1637
3681
8437895
-71
-675
56
-1755
-1173
3842
8438920
-487
-729
-78
-1488
-1586
3448
8439945
-330
-744
-181
-1251
-2075
3472
8440970
9
-717
-203
-1332
-2441
3443
8441995
159
-797
-111
-1292
-2580
3357
8443020
140
-815
81
-1081
-2135
3984
8444045
74
-679
248
-1151
-1883
4396
8445070
61
-587
316
-1303
-1316
4122
8446095
-18
-488
255
-1163
-1228
4103
8438913
-107
-476
242
-1087
-1290
3985
8439938
-189
-521
236
-1236
-1219
3929
8440963
-477
-550
170
-1229
-1254
4039
8441988
-834
-521
46
-1129
-1683
3570
8443013
-518
-452
-111
-812
-1965
3917
8444038
-49
-296
-140
-709
-1947
4422
8445063
99
-166
-112
-835
-1725
4407
8446088
-280
-140
-88
-960
-1479
3981
8447113
-873
-167
-82
-937
-1781
3721
8448138
-1146
-154
-57
-746
-2102
3766
8449163
-1118
-82
24
-817
-2389
3738
8450188
-1007
42
104
-1018
-2203
3795
8451213
-889
15
66
-1015
-2487
3327
8452238
-293
-10
88
-952
-3072
3210
8453263
166
20
199
-1154
-2583
3254
8454288
-60
-75
157
-1096
-2250
3250
8447105
-341
-198
60
-985
-2511
3501
8448130
-46
-252
-65
-807
-2022
3728
8449155
497
-66
-263
-703
-1348
3740
8450180
762
-37
-204
-439
-2013
3596
8451205
772
42
-40
-483
-2219
3837
8452230
786
219
-63
-796
-1890
3896
8453255
654
174
-68
-946
-1879
3761
8454280
465
101
-60
-1197
-1814
3583
8455305
441
87
-138
-1276
-1893
3528
8456330
457
93
-160
-955
-1735
3850
8457355
491
169
-207
-812
-1808
3699
8458380
993
268
-275
-732
-1890
3711
8459405
1405
293
-298
-864
-1344
4008
8460430
940
227
-336
-1079
-1102
3895
8461455
549
125
-421
-980
-1869
3721
8462480
368
-30
-328
-887
-2157
3719
8455298
1
-159
-159
-739
-2100
3650
8456323
-117
-148
-71
-770
-1798
3679
8457348
98
-139
-81
-701
-1432
3855
8458373
34
-149
-82
-620
-1002
4387
8459398
-457
-127
-107
-700
-1137
4637
8460423
-1165
-118
-73
-776
-1423
4651
8461448
-1733
18
-57
-966
-1806
4170
8462473
-1249
143
-140
-820
-2236
3544
8463498
-484
127
-102
-818
-2314
2845
8464523
-302
-21
-76
-955
-1907
3133
8465548
-1086
-217
43
-1090
-2274
3376
8466573
-1443
-323
70
-897
-2742
3424
8467598
-1171
-338
112
-661
-2907
3382
8468623
-769
-275
196
-556
-2718
3764
8469648
-462
-187
260
-669
-2552
3768
8470673
-242
-156
212
-880
-2306
3529
8463487
-215
-192
136
-807
-2170
3430
8464512
-236
-161
108
-743
-2248
3574
8465537
-288
-65
-2
-907
-2112
3742
8466562
-304
-15
-90
-509
-2221
3735
8467587
-221
71
-7
-688
-2446
3238
8468612
-390
26
4
-1023
-2229
2984
8469637
-958
-124
38
-840
-2165
3212
8470662
-1564
-135
112
-762
-2439
3635
8471687
-1816
-111
165
-665
-3250
3371
8472712
-1439
-26
178
-644
-3413
2968
8473737
-1005
-3
102
-830
-3250
2840
8474762
-684
-5
85
-950
-3344
2918
8475787
-189
-23
9
-876
-3121
2568
8476812
334
-23
1
-631
-2838
2740
8477837
334
-64
31
-832
-2780
3047
8478862
182
-150
2
-761
-2865
3058
8471680
182
-132
-59
-730
-2669
3171
8472705
93
-129
-69
-693
-2578
3067
8473730
-35
-186
-41
-611
-2725
2856
8474755
-106
-228
53
-579
-3012
3065
8475780
-383
-195
114
-683
-2530
3702
8476805
-1138
-185
136
-596
-2500
3688
8477830
-1544
-124
201
-411
-3353
3435
8478855
-1374
47
164
-592
-3415
3256
8479880
-1484
143
204
-619
-2902
3141
8480905
-2228
222
386
-669
-3051
2902
8481930
-2713
251
454
-812
-4043
2324
8482955
-2050
267
389
-716
-4541
1927
8483980
-959
390
345
-729
-3834
2013
8485005
-550
456
328
-828
-2979
2058
8486030
-985
369
346
-1019
-3077
1831
8487055
-1414
234
333
-1156
-3923
1570
8479872
-1149
159
281
-1175
-4374
1516
8480897
-541
161
190
-930
-3850
1542
8481922
-284
171
237
-890
-3504
1252
8482947
-543
187
262
-1294
-3183
1213
8483972
-1197
-45
249
-1027
-4102
1302
8484997
-1212
-116
236
-921
-4536
1772
8486022
-718
22
258
-1193
-4005
1790
8487047
-643
96
295
-1172
-3261
1588
8488072
-1025
44
310
-1242
-3648
1314
8489097
-953
27
265
-1242
-4091
1143
8490122
-458
75
184
-1267
-3777
1004
8491147
-289
48
146
-1282
-3542
1108
8492172
-364
0
82
-1284
-3444
1247
8493197
-442
-29
17
-1207
-3790
1386
8494222
-224
30
-32
-1077
-4491
1478
8495247
338
164
-28
-1065
-4511
1379
8488063
802
238
-47
-1152
-3967
1185
8489088
960
200
-109
-1221
-3767
881
8490113
893
106
-128
-1281
-3933
846
8491138
1026
51
-139
-1519
-4226
722
8492163
1676
-17
-173
-1437
-4170
344
8493188
2398
1
-164
-1394
-3853
653
8494213
2167
-181
49
-1661
-4040
1052
8495238
1854
-409
186
-1500
-4176
1665
8496263
2082
-355
117
-1043
-3481
2136
8497288
2036
-293
120
-883
-2674
2708
8498313
1360
-288
159
-1329
-2163
2943
8499338
81
-379
156
-1213
-2630
2927
8500363
-681
-332
-14
-996
-2723
2783
8501388
-837
-273
-46
-931
-3649
2490
8502413
-499
-171
200
-503
-3935
2732
8503438
-483
-12
351
-1029
-3640
2922
8496255
-825
45
393
-1306
-3537
2987
8497280
-911
64
413
-1334
-4036
2303
8498305
-645
52
481
-1181
-4172
1628
8499330
-619
5
376
-1524
-2640
1548
8500355
-1256
-101
399
-1440
-3123
1813
8501380
-1123
-30
536
-1127
-5198
2222
8502405
-144
156
584
-1330
-4079
2140
8503430
14
148
461
-1682
-2940
1640
8504455
-568
-83
463
-1027
-3254
1668
8505480
-602
-37
472
-1110
-2928
2003
8506505
-1151
-4
462
-1677
-2658
1861
8507530
-1982
-216
415
-1531
-3704
1241
8508555
-1735
-248
500
-1355
-4703
1408
8509580
-1153
-49
682
-1458
-3781
1960
8510605
-1414
57
737
-1738
-3237
1471
8511630
-1541
20
688
-1639
-4096
664
8504449
-771
37
673
-1809
-4183
496
8505474
-374
1
669
-1978
-3728
824
8506499
-629
-97
716
-2200
-4236
826
8507524
-600
-72
740
-2012
-3977
892
8508549
-425
15
793
-2024
-4035
845
8509574
-143
7
787
-2081
-4044
710
8510599
536
-10
626
-1978
-3145
639
8511624
926
-47
510
-2283
-2880
616
8512649
1036
-88
309
-2416
-2567
870
8513674
895
-88
80
-2161
-2846
1091
8514699
619
-122
64
-1947
-4098
972
8515724
839
-154
215
-2024
-4839
654
8516749
1322
-108
322
-1973
-4741
1034
8517774
1448
-43
539
-2203
-4258
1709
8518799
930
-58
885
-2198
-4176
1669
8519824
814
-134
1139
-2184
-4117
1287
8512640
1329
-31
1029
-2305
-2501
1375
8513665
1171
-11
932
-2601
-1633
1795
8514690
304
-117
873
-2512
-1446
2133
8515715
-401
-230
782
-2534
-1985
2061
8516740
-446
-241
619
-2685
-2018
1753
8517765
-354
-294
507
-2627
-2372
1777
8518790
-101
-260
462
-2591
-2439
2073
8519815
-61
-149
400
-2692
-1844
2508
8520840
-700
-79
289
-2882
-1414
2275
8521865
-1503
-112
186
-2862
-2221
1710
8522890
-1485
-111
72
-2929
-3259
1528
8523915
-724
-7
77
-2748
-3308
1794
8524940
-349
130
150
-2716
-2862
1844
8525965
-669
130
227
-2766
-3046
1579
8526990
-576
127
100
-2686
-2868
1407
8528015
-357
188
68
-2681
-3004
1442
8520832
-267
236
145
-2795
-3337
1301
8521857
-260
145
203
-2856
-3563
853
8522882
-167
-13
122
-2733
-2889
848
8523907
-143
-3
111
-2498
-2800
1427
8524932
-51
81
144
-2879
-3192
1537
8525957
179
138
135
-2878
-2871
1488
8526982
-18
124
147
-2816
-2752
1533
8528007
-272
71
148
-2892
-2950
1290
8529032
-394
123
137
-2780
-2816
1353
8530057
-465
256
123
-2863
-2848
1377
8531082
-430
312
161
-3012
-3000
1145
8532107
-474
260
184
-2878
-2881
962
8533132
-565
231
190
-2984
-2917
810
8534157
-611
204
179
-3087
-2828
810
8535182
-524
134
143
-2995
-2888
786
8536207
-379
134
161
-2922
-2970
814
8529024
-369
127
169
-2953
-2992
694
8530049
-330
55
142
-2966
-3186
555
8531074
-147
-19
136
-2991
-3216
657
8532099
104
-36
164
-2958
-3114
901
8533124
280
10
174
-2956
-2838
1048
8534149
139
59
158
-3064
-2690
987
8535174
-128
24
121
-3031
-2889
778
8536199
-138
-32
119
-3012
-3083
683
8537224
-9
-39
143
-3011
-2929
837
8538249
20
2
117
-3064
-2546
982
8539274
-199
29
85
-3027
-2626
1072
8540299
-393
41
72
-2991
-3122
986
8541324
-254
70
69
-3025
-3023
863
8542349
-147
90
42
-3013
-2611
848
8543374
-240
94
24
-3101
-2693
787
8544399
-281
84
-6
-3081
-2862
736
8537216
-265
65
1
-3113
-2939
681
8538241
-219
31
-23
-3130
-2933
680
8539266
11
41
-90
-3056
-2694
741
8540291
118
102
-93
-3032
-2702
713
8541316
-126
54
-64
-3173
-3068
487
8542341
-324
-35
-75
-3086
-2958
477
8543366
-392
-81
-87
-3084
-2950
459
8544391
-234
-77
-50
-3004
-3014
567
8545416
-127
-68
13
-3132
-2903
655
8546441
-306
-118
20
-3090
-2892
533
8547466
-461
-227
29
-2998
-3122
437
8548491
-273
-233
-1
-2897
-2884
784
8549516
10
-149
-54
-2993
-3233
621
8550541
338
-171
-27
-3079
-3506
425
8551566
708
-194
0
-2963
-2766
462
8552591
762
-165
-47
-2935
-2162
980
8545408
565
-78
-98
-3013
-2304
1491
8546433
63
14
-141
-3130
-3017
1427
8547458
-338
43
-146
-2977
-3346
927
8548483
-166
28
-97
-2933
-3336
392
8549508
322
-38
-22
-3009
-3186
320
8550533
679
-147
14
-3054
-3056
629
8551558
742
-274
36
-3112
-3059
1050
8552583
713
-357
54
-3103
-2766
970
8553608
722
-333
-85
-2856
-2101
868
8554633
685
-121
-198
-2743
-2316
1329
8555658
617
-77
-141
-3151
-3112
1190
8556683
945
-40
-195
-2915
-2963
1264
8557708
1043
20
-116
-2807
-3014
1254
8558733
1101
44
-87
-2904
-3045
1280
8559758
1090
118
-95
-2929
-2339
1623
8560783
478
64
-36
-2987
-2362
1680
8553871
-100
-37
-8
-2873
-3224
1340
8554896
89
-27
14
-2826
-3308
1113
8555921
380
42
26
-2953
-2514
1394
8556946
84
-27
49
-2966
-2662
1496
8557971
-134
-92
120
-3010
-3222
1416
8558996
-12
-87
119
-2895
-2997
1421
8560021
73
-98
47
-2830
-2758
1414
8561046
192
-59
-13
-2916
-2636
1491
8562071
300
-21
-15
-2907
-2762
1609
8563096
243
-9
20
-2895
-2708
1589
8564121
144
12
8
-2851
-2613
1656
8565146
161
80
6
-2931
-2553
1717
8566171
140
90
3
-2937
-2678
1431
8567196
62
16
8
-2885
-3158
1150
8568221
174
-23
13
-2932
-3041
1368
8569246
262
62
18
-3007
-2488
1798
8561792
42
63
14
-2987
-2757
1509
8562817
57
-16
19
-2904
-3043
1212
8563842
322
-11
-3
-2827
-2595
1506
8564867
343
29
-13
-2925
-2430
1771
8565892
222
11
-16
-2939
-2881
1535
8566917
247
-10
2
-2922
-2918
1422
8567942
202
-16
22
-2939
-2659
1438
8568967
19
-32
30
-3014
-2661
1522
8569992
-65
-41
27
-2964
-2626
1590
8571017
-61
-86
45
-2923
-2880
1400
8572042
-49
-125
71
-2991
-2689
1377
8573067
-206
-196
65
-2982
-2567
1335
8574092
-333
-205
42
-2977
-2610
1668
8575117
-365
-141
16
-2884
-2537
1930
8576142
-349
-101
9
-2891
-2855
1715
8577167
-318
-88
13
-2823
-2767
1564
8569984
-458
-100
14
-2817
-2665
1597
8571009
-613
-66
11
-2899
-2692
1800
8572034
-610
-36
-4
-2982
-2769
1632
8573059
-564
-7
-34
-2915
-2712
1604
8574084
-641
52
-32
-2814
-2594
1780
8575109
-688
86
-11
-2873
-2871
1513
8576134
-620
143
32
-2960
-2780
1358
8577159
-780
91
1
-2936
-2727
1223
8578184
-869
81
-81
-2825
-2713
1330
8579209
-749
114
-81
-2903
-3081
1076
8580234
-471
106
-50
-2975
-3156
826
8581259
-317
61
-12
-2934
-3021
841
8582284
-423
-4
50
-2946
-3252
782
8583309
-447
-35
97
-2898
-3205
885
8584334
-378
-67
137
-2902
-3130
886
8585359
-294
-114
157
-2972
-3067
921
8578175
-282
-189
176
-2895
-3072
837
8579200
-366
-175
216
-2909
-2800
1212
8580225
-615
-177
215
-2990
-2815
1212
8581250
-673
-189
227
-2966
-3288
926
8582275
-446
-156
273
-2952
-3148
933
8583300
-360
-163
291
-2957
-2810
966
8584325
-526
-135
286
-2987
-2596
1119
8585350
-698
-118
239
-2995
-2727
1106
8586375
-596
-80
189
-2954
-2863
969
8587400
-276
-25
164
-3064
-2725
930
8588425
-139
12
104
-3135
-2349
981
8589450
-259
24
14
-3093
-2500
876
8590475
-235
45
-44
-3081
-2862
629
8591500
-93
33
-55
-3073
-3102
668
8592525
40
14
-60
-3065
-2720
884
8593550
-90
38
-79
-3045
-2468
1001
8586368
-419
92
-94
-2985
-2796
928
8587393
-554
93
-84
-2982
-3534
599
8588418
-336
83
-31
-3097
-3131
543
8589443
-294
50
-26
-3020
-2647
627
8590468
-459
45
-30
-2999
-2685
752
8591493
-503
50
-25
-3052
-3098
556
8592518
-313
28
-62
-3049
-3183
422
8593543
-186
-24
-61
-2929
-3235
452
8594568
-72
-48
-13
-3003
-3103
561
8595593
22
-27
-9
-2941
-2915
751
8596618
24
-5
2
-3014
-3138
645
8597643
62
-19
18
-3020
-3139
468
8598668
78
-77
38
-2961
-3045
514
8599693
71
-55
50
-3077
-2759
669
8600718
-82
-21
11
-3020
-2867
631
8601743
-208
-41
-30
-3078
-2839
411
8594560
-325
-80
-56
-2985
-2889
586
8595585
-367
-68
-76
-2946
-2881
898
8596610
-257
0
-86
-2952
-2922
789
8597635
-238
86
-90
-2929
-2736
741
8598660
-501
101
-91
-2940
-3249
459
8599685
-547
61
-17
-3074
-3602
106
8600710
-346
-6
52
-2981
-3304
37
8601735
-179
-18
96
-2994
-2719
292
8602760
-299
-24
91
-2995
-2983
396
8603785
-232
-65
104
-3064
-3378
265
8604810
45
-97
80
-2968
-3009
407
8605835
68
-86
53
-2981
-2628
626
8606860
-116
-37
-2
-2996
-2874
546
8607885
-64
5
-20
-3008
-3083
482
8608910
138
49
-18
-2992
-2868
437
8609935
69
79
-36
-3053
-2737
353
8602752
-147
69
-60
-3015
-3068
373
8603777
-64
50
-60
-3023
-3138
279
8604802
112
55
-68
-2964
-2875
319
8605827
34
63
-36
-3114
-3038
388
8606852
-72
26
-51
-2959
-3019
349
8607877
-72
9
-32
-2997
-3215
200
8608902
-39
-34
16
-3009
-3129
170
8609927
-93
-95
28
-2991
-2963
516
8610952
-77
-53
-9
-2887
-2870
696
8611977
-83
14
-15
-3015
-3041
472
8613002
-135
14
-36
-2996
-3019
320
8614027
-234
4
-45
-2964
-2954
354
8615052
-316
-15
-47
-3047
-3090
218
8616077
-280
-39
-30
-2943
-3222
152
8617102
-163
-42
6
-2965
-3038
290
8618127
-224
-61
15
-2996
-2896
354
8610944
-361
-107
16
-2906
-3187
178
8611969
-295
-97
52
-2940
-3189
346
8612994
-260
-59
43
-2939
-2950
443
8614019
-308
-16
26
-2987
-3005
389
8615044
-394
23
38
-2975
-2814
359
8616069
-657
27
44
-3042
-2944
79
8617094
-805
-9
20
-3026
-3043
-29
8618119
-689
-26
12
-2974
-2980
-77
8619144
-636
-31
44
-3063
-2841
-43
8620169
-700
-103
3
-3074
-2781
-66
8621194
-765
-162
-42
-3057
-2924
-197
8622219
-1132
-217
39
-3005
-3148
-143
8623244
-1603
-287
58
-3028
-3165
-369
8624269
-1669
-341
42
-2868
-3218
-411
8625294
-1370
-277
53
-2879
-3286
-328
8626319
-1038
-225
102
-3017
-3081
-346
8619136
-957
-237
140
-2980
-3136
-471
8620161
-804
-224
135
-3025
-3299
-532
8621186
-505
-173
145
-2950
-2868
-289
8622211
-179
-112
135
-3005
-2861
-445
8623236
168
-49
108
-3116
-2881
-347
8624261
169
6
89
-3104
-2514
-174
8625286
-120
15
36
-3059
-2908
-493
8626311
43
2
43
-2913
-3059
-533
8627336
468
25
80
-3099
-2907
-398
8628361
411
31
62
-3148
-2816
-269
8629386
51
25
40
-3155
-3066
-498
8630411
223
21
80
-2991
-3217
-595
8631436
597
33
54
-2964
-2513
-282
8632461
559
52
2
-3223
-2564
-165
8633486
120
39
-75
-3189
-2683
-360
8634511
-31
19
-133
-2998
-2786
-432
8627328
242
26
-172
-2967
-2933
-260
8628353
551
54
-197
-3008
-2953
73
8629378
628
103
-218
-2983
-3078
185
8630403
754
179
-226
-2939
-3191
133
8631428
926
267
-230
-2793
-3137
94
8632453
1170
379
-282
-2823
-3155
103
8633478
1726
493
-420
-2877
-3378
63
8634503
2767
609
-623
-2819
-3660
-125
8635528
3976
728
-787
-2850
-3923
-241
8636553
4804
706
-771
-2968
-4166
-282
8637578
5270
454
-574
-2963
-3571
-156
8638603
5156
217
-506
-2784
-2512
555
8639628
4401
109
-537
-2788
-2123
1061
8640653
3517
75
-531
-2982
-2426
1424
8641678
2898
48
-467
-2921
-2380
1768
8642703
2366
53
-436
-2778
-2291
1960
8635520
1843
42
-427
-2749
-2421
1905
8636545
1580
-18
-473
-2721
-2660
1707
8637570
1631
-85
-491
-2611
-2698
1930
8638595
1786
-84
-451
-2527
-2332
2396
8639620
1742
-44
-449
-2481
-2250
2790
8640645
1731
1
-444
-2400
-2724
2620
8641670
2123
54
-486
-2431
-2781
2544
8642695
2522
135
-470
-2361
-2088
3051
8643720
2149
230
-379
-2609
-1913
2937
8644745
1598
197
-457
-2449
-2203
2907
8645770
1524
201
-378
-2205
-2210
3008
8646795
1514
225
-249
-2434
-1876
3166
8647820
1129
153
-127
-2532
-1766
3252
8648845
632
97
-66
-2520
-1805
3106
8649870
401
119
-62
-2516
-1715
3095
8650895
298
119
-36
-2532
-2005
3074
8643712
309
92
73
-2495
-2478
2793
8644737
620
140
132
-2435
-2199
2723
8645762
1028
139
130
-2625
-2154
2385
8646787
999
-13
190
-2427
-2598
2373
8647812
1286
-121
321
-2570
-2297
2766
8648837
1064
-259
411
-2827
-315
3117
8649862
91
-233
309
-2832
-686
3288
8650887
-301
-253
236
-2559
-1267
3166
8651912
-343
-277
281
-2271
-1815
3401
8652937
-202
-205
339
-2269
-1773
3589
8653962
-221
-198
334
-2664
-855
3487
8654987
-637
-249
195
-2541
-928
3216
8656012
-904
-317
160
-2477
-1443
2888
8657037
-724
-418
169
-2439
-1495
2546
8658062
-185
-453
106
-2472
-1396
2847
8659087
-124
-570
50
-2358
-974
3597
8651904
-647
-517
-12
-2411
-1365
3505
8652929
-594
-381
-122
-2153
-2112
3274
8653954
0
-240
-123
-2278
-2029
3149
8654979
424
-208
-117
-2376
-1639
3100
8656004
406
-179
-129
-2299
-1590
3126
8657029
318
-171
-126
-2232
-1632
3093
8658054
400
-160
-136
-2193
-1607
3193
8659079
486
-204
-146
-2195
-1486
3252
8660104
488
-228
-144
-2194
-1482
3415
8661129
356
-289
-93
-2159
-1411
3599
8662154
48
-307
-81
-2163
-1447
3584
8663179
-126
-287
-89
-2223
-1669
3427
8664204
-94
-291
-118
-2228
-1644
3304
8665229
-127
-332
-118
-2155
-1495
3256
8666254
-148
-354
-88
-2041
-1655
3154
8667279
337
-312
-82
-1930
-1746
3039
8660096
760
-417
-113
-1990
-1018
3453
8661121
491
-419
-170
-2012
-832
3829
8662146
64
-469
-249
-1893
-957
4024
8663171
-211
-439
-281
-1787
-1448
3664
8664196
-36
-423
-373
-1525
-1469
3356
8665221
276
-416
-489
-1613
-946
3313
8666246
259
-437
-630
-1815
-721
3724
8667271
155
-409
-797
-1859
-815
3696
8668296
76
-494
-973
-1966
-730
3385
8669321
-198
-588
-1105
-1900
-1063
3109
8670346
-149
-624
-1222
-1583
-1631
3274
8671371
58
-705
-1231
-1304
-2005
3321
8672396
143
-815
-1158
-1138
-1752
3571
8673421
70
-811
-1079
-1076
-1642
4200
8674446
61
-789
-1022
-1149
-2207
3610
8675471
445
-842
-931
-1025
-2391
3051
8668287
677
-956
-812
-937
-1506
3075
8669312
10
-918
-482
1016
-4714
6355
8670337
516
-190
523
846
-4926
8158
8671362
772
269
218
-2683
193
4386
8672387
26
411
27
-535
-614
2869
8673412
-219
266
-2
-635
-1399
2914
8674437
346
139
-59
-715
-1714
3623
8675462
655
167
-97
-597
-1530
4306
8676487
592
257
-75
-829
-1245
4333
8677512
589
285
-86
-786
-964
4123
8678537
394
265
-135
-1003
-1031
3713
8679562
443
286
-172
-819
-1234
3774
8680587
534
203
-173
-917
-1216
3861
8681612
456
140
-74
-1280
-1469
3829
8682637
520
149
-58
-1218
-1505
3994
8683662
310
131
-23
-1106
-1536
4102
8676480
128
84
13
-1189
-1580
4001
8677505
371
1
93
-1434
-1445
4197
8678530
581
-118
118
-1478
-976
4304
8679555
277
-212
135
-1661
-1145
3793
8680580
77
-358
249
-1787
-1633
3373
8681605
204
-572
362
-1542
-1358
3592
8682630
369
-693
419
-1146
-803
4108
8683655
450
-689
399
-1058
-329
4475
8684680
289
-653
377
-1213
-147
4478
8685705
121
-618
280
-1080
-240
4304
8686730
-2
-632
167
-924
-314
4164
8687755
-45
-682
85
-843
-428
3972
8688780
-58
-739
50
-760
-787
3831
8689805
12
-781
27
-705
-1036
3945
8690830
77
-826
25
-711
-1131
4125
8691855
145
-831
-42
-558
-1113
4318
8684672
223
-787
-117
-274
-1216
4398
8685697
258
-772
-130
-108
-1198
4041
8686722
289
-821
-135
3
-860
3822
8687747
231
-833
-137
219
-655
4211
8688772
130
-778
-140
399
-907
4393
8689797
237
-692
-145
516
-1064
4313
8690822
362
-658
-180
402
-513
3994
8691847
169
-651
-187
442
-403
3936
8692872
-51
-662
-164
535
-846
3979
8693897
51
-626
-162
557
-940
4332
8694922
206
-520
-189
396
-374
4398
8695947
48
-457
-187
333
-338
4188
8696972
-67
-442
-290
412
-717
4163
8697997
-35
-421
-333
396
-815
4165
8699022
69
-419
-354
338
-691
4274
8700047
150
-418
-396
354
-664
4269
8693026
187
-400
-452
431
-714
4297
8694051
205
-392
-489
538
-511
4153
8695076
171
-393
-537
512
-338
4172
8696101
163
-399
-588
646
-786
4109
8697126
248
-395
-602
853
-941
3944
8698151
326
-344
-599
744
-313
4028
8699176
188
-326
-632
721
-283
4185
8700201
118
-281
-648
1030
-844
4108
8701226
232
-180
-643
1206
-613
3861
8702251
179
-103
-641
1059
-62
4035
8703276
-77
-96
-614
1044
-299
4113
8704301
-113
-1
-695
1206
-306
4072
8705326
-42
29
-624
1455
-672
3908
8706351
-4
36
-539
1167
-375
4047
8707376
-9
46
-543
983
-509
4095
8708401
100
25
-544
1124
-634
4132
8701056
163
-6
-488
1186
-277
4049
8702081
134
-48
-437
952
-117
4083
8703106
136
-52
-530
547
-241
4338
8704131
84
-118
-638
591
-339
4131
8705156
-101
-107
-816
556
421
4356
8706181
-502
-186
-834
869
-141
4259
8707206
-590
-213
-823
1120
-656
4051
8708231
-468
-180
-801
1309
-298
3778
8709256
-480
-142
-667
1576
-581
3783
8710281
-438
-129
-452
1597
-1310
3834
8711306
-108
-126
-375
1735
-927
3772
8712331
230
-87
-305
1636
65
4075
8713356
125
-68
-274
956
-17
4419
8714381
-20
-196
-195
1077
-766
4031
8715406
208
-191
-223
1280
-219
3931
8716431
93
-139
-304
1176
527
4250
8709248
-235
-141
-209
1136
-805
4019
8710273
-92
-147
-223
1041
-388
3987
8711298
-91
-174
-200
1366
-344
4087
8712323
123
-129
-217
1392
172
4085
8713348
225
-113
-83
1382
-187
3963
8714373
142
-139
-53
1383
283
3843
8715398
-13
-176
-31
1592
-72
4060
8716423
213
-188
6
1367
-342
4160
8717448
431
-231
-36
1380
-107
4057
8718473
393
-320
-64
1561
-288
3947
8719498
524
-343
-55
1595
-307
3874
8720523
668
-334
-26
1510
-21
3856
8721548
655
-337
-1
1578
114
3833
8722573
636
-301
47
1590
312
3894
8723598
610
-249
139
1496
379
3838
8724623
527
-219
217
1523
274
3807
8717439
395
-209
292
1581
203
3842
8718464
314
-166
370
1515
260
3807
8719489
189
-108
419
1463
360
3897
8720514
44
-77
437
1458
231
3864
8721539
-29
-48
422
1467
101
3886
8722564
-69
-24
402
1410
27
4000
8723589
-122
-26
390
1271
-30
4062
8724614
-120
-36
359
1169
-72
4070
8725639
-83
-29
266
1191
-49
4077
8726664
-77
-47
174
1223
-75
4126
8727689
-36
-75
131
1229
-133
4134
8728714
52
-85
83
1290
-44
4024
8729739
26
-89
46
1385
22
3974
8730764
-24
-95
29
1359
-42
4027
8731789
17
-91
17
1354
-30
4001
8732814
31
-84
-1
1485
42
3876
8725633
2
-88
-9
1558
52
3937
8726658
68
-92
0
1505
89
3977
8727683
133
-78
19
1453
198
3891
8728708
51
-51
43
1482
173
3777
8729733
-100
-12
49
1495
164
3783
8730758
-221
18
73
1526
49
3854
8731783
-202
37
99
1519
8
3885
8732808
-149
50
115
1527
20
3915
8733833
-184
41
168
1557
-89
3937
8734858
-151
12
238
1610
-185
4003
8735883
-47
4
291
1614
-201
3800
8736908
16
0
338
1676
-267
3626
8737933
123
-3
414
1674
-176
3738
8738958
273
52
449
1565
111
3854
8739983
278
66
450
1460
106
3824
8741008
300
80
458
1509
53
3939
8733824
372
112
488
1609
65
3847
8734849
385
123
501
1569
207
3694
8735874
346
104
524
1318
258
3791
8736899
278
122
536
1274
422
4257
8737924
28
166
575
1367
374
4384
8738949
-87
158
592
1258
40
4188
8739974
88
149
616
1250
-24
4173
8740999
221
145
641
1239
191
4042
8742024
219
93
643
1182
-97
3776
8743049
561
-26
664
1239
-736
3552
8744074
1092
-51
632
1267
354
4159
8745099
643
-64
595
1128
941
4378
8746124
206
-57
494
1058
250
4298
8747149
299
-32
401
1129
248
4045
8748174
160
-83
379
1078
500
3779
8749199
-284
-183
382
1136
207
3825
8742016
-556
-235
369
1383
31
4170
8743041
-617
-89
383
1483
225
4784
8744066
-933
117
449
1780
-563
4523
8745091
-1052
247
628
2306
-1929
4088
8746116
-972
323
933
2250
-1740
3743
8747141
-920
350
1195
1646
-1227
3598
8748166
-788
412
1299
1502
-769
3992
8749191
-1031
519
1390
1762
-691
4323
8750216
-1444
585
1476
1163
-1181
3880
8751241
-1331
525
1493
721
-1889
3728
8752266
-258
530
1383
625
-2084
3816
8753291
512
515
1411
517
-1063
3934
8754316
-44
348
1416
163
189
4128
8755341
-939
157
1241
38
-321
3974
8756366
-819
88
909
65
-368
3463
8757391
-111
87
640
648
-673
3691
8750241
-47
126
498
720
-292
4233
8751266
-852
142
361
567
-82
4350
8752291
-1523
90
232
503
-1675
3646
8753316
-1103
65
196
397
-2346
3216
8754341
-461
-8
145
519
-2023
3408
8755366
181
-44
416
570
-3493
3348
8756391
399
-114
549
98
-1224
2837
8757416
-1005
-492
574
410
-1099
2860
8758441
-1559
-720
608
537
-2508
3194
8759466
-993
-670
717
597
-2848
3575
8760491
-430
-603
960
410
-3048
3473
8761516
-153
-758
1122
806
-2387
2266
8762541
-340
-1020
991
2667
-1418
3387
8763566
-234
-620
495
1807
-37
4585
8764591
-712
-528
544
884
-1697
4288
8765616
-870
-377
213
810
-1668
4866
8758399
-1273
-220
140
142
-1991
4306
8759424
-2194
-306
243
285
-3121
3749
8760449
-2010
-289
300
436
-3397
2922
8761474
-1272
-195
318
570
-2591
2872
8762499
-887
-184
311
1191
-1773
3407
8763524
-631
-95
124
1875
-1845
3746
8764549
-742
110
-34
1905
-2354
3586
8765574
-1368
116
-34
1814
-2701
3043
8766599
-1595
38
-60
1882
-2620
2831
8767624
-1103
30
-136
1759
-3156
2491
8768649
-325
112
-191
1381
-3616
2436
8769674
-85
128
-149
1210
-3115
2663
8770699
-296
94
-153
1233
-2666
2781
8771724
-380
102
-228
1183
-2656
2625
8772749
-321
99
-327
1113
-2797
2488
8773774
-232
32
-418
1132
-2876
2611
8766593
-64
-40
-499
1199
-2966
2763
8767618
-47
-69
-572
1152
-2634
2766
8768643
-233
-116
-610
987
-2908
2528
8769668
-149
-180
-595
923
-3584
2367
8770693
124
-214
-460
974
-3773
2458
8771718
212
-227
-277
973
-3538
2669
8772743
227
-171
-113
1114
-3287
3042
8773768
226
-6
-19
1093
-2991
3237
8774793
5
127
33
988
-2859
3188
8775818
-330
193
81
901
-3020
2994
8776843
-526
222
117
891
-2944
2660
8777868
-695
173
163
771
-3221
2464
8778893
-670
104
187
900
-3499
2535
8779918
-582
118
232
1039
-3494
2761
8780943
-649
157
274
1160
-3380
2875
8781968
-687
183
301
1155
-3664
2711
8774784
-476
182
281
944
-3953
2582
8775809
-251
121
289
915
-4074
2674
8776834
-185
40
321
1039
-4036
2822
8777859
-171
-11
363
1100
-3989
2912
8778884
-1
-27
422
1117
-4036
2793
8779909
404
-24
462
1001
-3789
2704
8780934
848
-35
442
942
-3356
2710
8781959
1132
-68
433
813
-3421
2646
8782984
1387
-95
437
622
-3520
2771
8784009
1584
-87
397
638
-2852
2844
8785034
1434
-205
381
579
-2768
2236
8786059
1310
-390
432
642
-2941
1906
8787084
1357
-518
382
804
-2574
2034
8788109
1154
-584
297
857
-2306
2121
8789134
850
-622
198
906
-2359
2345
8790159
483
-642
174
1140
-2425
2887
8782976
-151
-570
128
1382
-2618
3184
8784001
-550
-386
86
1313
-3259
3103
8785026
-560
-221
49
1094
-3597
3134
8786051
-363
-128
-1
1178
-3408
3041
8787076
-206
0
-23
1045
-3100
2961
8788101
-250
11
-31
953
-2898
2654
8789126
-499
-76
-3
1058
-2616
2235
8790151
-600
-144
19
1084
-2989
2192
8791176
-80
-186
-53
1146
-3282
2450
8792201
542
-207
-95
1108
-2601
2746
8793226
482
-211
-150
1041
-1871
3030
8794251
-125
-267
-171
1279
-2197
3128
8795276
-564
-268
-151
1298
-3068
3031
8796301
-513
-241
-119
1269
-3506
2964
8797326
-284
-171
-49
1237
-3574
3244
8798351
-62
-36
23
1128
-3318
3583
8791168
-59
70
89
1030
-2799
3319
8792193
-145
122
134
1041
-3212
2931
8793218
134
140
178
1129
-3438
2977
8794243
449
157
187
1145
-3023
2998
8795268
507
167
207
1096
-2957
2862
8796293
577
113
187
1121
-2644
2338
8797318
561
25
149
1286
-2572
2104
8798343
474
-84
109
1512
-2640
2520
8799368
346
-223
37
1646
-2270
2782
8800393
109
-254
-3
1590
-2563
3058
8801418
139
-215
-41
1417
-2762
3189
8802443
163
-161
-92
1458
-2652
3153
8803468
95
-49
-97
1453
-2848
3043
8804493
232
93
-72
1332
-2802
3091
8805518
91
197
-47
1259
-2390
3188
8806543
-553
153
16
1013
-2597
2761
8799361
-1063
28
84
844
-3237
2627
8800386
-1197
-60
118
896
-3205
2498
8801411
-827
-97
84
1066
-3449
2288
8802436
-153
-78
86
1037
-3465
2284
8803461
201
-104
92
968
-3212
2402
8804486
187
-217
74
893
-2988
2560
8805511
73
-313
50
987
-2866
2590
8806536
-104
-313
41
1033
-2705
2658
8807561
-342
-278
56
959
-2466
2840
8808586
-520
-232
14
1153
-2668
3014
8809611
-556
-115
16
1350
-3131
2920
8810636
-202
12
59
1416
-3553
2901
8811661
109
121
83
1276
-3178
3139
8812686
43
109
51
1173
-2962
2933
8813711
21
113
39
1199
-3278
2753
8814736
256
155
41
1268
-3217
2805
8807552
239
183
49
1234
-2994
2760
8808577
-8
184
35
1079
-3163
2443
8809602
133
172
-15
955
-3349
2259
8810627
588
175
-69
990
-3139
2457
8811652
676
158
-90
1085
-2615
2832
8812677
113
127
-87
1137
-2293
2986
8813702
-373
165
-129
1093
-2476
2978
8814727
-467
240
-117
1222
-3056
3131
8815752
-534
342
-57
1229
-3014
3300
8816777
-945
394
-34
1036
-2599
3144
8817802
-1545
312
-58
967
-3317
2611
8818827
-1334
238
-57
752
-4433
2105
8819852
-256
205
-30
592
-4355
2062
8820877
478
111
8
496
-3341
2201
8821902
446
15
-9
560
-2600
2524
8822927
114
-63
-49
770
-2925
2597
8815744
43
-49
-65
875
-3256
2561
8816769
75
-63
-67
861
-3323
2383
8817794
108
-151
-56
744
-3403
2146
8818819
133
-325
-85
518
-2893
2118
8819844
-142
-549
-182
712
-2664
2219
8820869
-439
-483
-31
1218
-3506
2430
8821894
-233
-360
159
1049
-4023
2423
8822919
213
-279
238
639
-4116
2113
8823944
199
-271
370
770
-4099
2112
8824969
135
-233
475
685
-3289
2522
8825994
313
-105
410
794
-2623
3168
8827019
375
4
287
1489
-2448
3484
8828044
328
135
242
1553
-3045
3202
8829069
393
206
212
1101
-3430
3113
8830094
543
190
216
969
-3499
2940
8831119
699
201
234
998
-3298
2839
8823936
766
227
231
1070
-2798
2701
8824961
573
178
215
1119
-2530
2579
8825986
190
37
230
1203
-2708
2661
8827011
-47
-128
200
1235
-2512
2534
8828036
-384
-280
145
1196
-2601
2469
8829061
-561
-405
92
1130
-2885
2724
8830086
-327
-439
-42
1107
-2830
2914
8831111
-60
-408
-213
1199
-2733
2918
8832136
272
-313
-341
1341
-2914
2964
8833161
627
-185
-407
1506
-2918
3051
8834186
666
-108
-331
1444
-3269
2993
8835211
638
-46
-273
1227
-3308
2971
8836236
689
26
-257
1069
-3148
2996
8837261
668
55
-171
1101
-3197
2971
8838286
585
88
-109
1017
-3087
2941
8839311
594
123
-124
951
-2862
2971
8832181
616
186
-162
943
-2584
3094
8833206
587
225
-202
982
-2502
3118
8834231
669
273
-261
1124
-2529
3142
8835256
799
329
-328
1228
-2499
3064
8836281
705
291
-280
1139
-2627
2904
8837306
516
203
-195
1085
-2804
2945
8838331
428
143
-115
1107
-3025
3137
8839356
506
97
-78
804
-2566
3198
8840381
231
-47
-131
783
-1864
3063
8841406
-437
-136
-106
986
-2378
3027
8842431
-602
-142
-28
1127
-3252
2957
8843456
13
-58
-8
882
-3135
2989
8844481
483
-41
-62
770
-2287
2854
8845506
184
-77
-8
897
-2033
2761
8846531
-128
-105
33
889
-2608
2840
8847556
92
-101
-8
1022
-2839
3043
8840321
246
-76
28
1086
-2739
3360
8841346
60
-26
110
985
-2685
3702
8842371
-239
-2
128
837
-2450
3578
8843396
-426
-2
141
830
-2457
3355
8844421
-170
75
174
1240
-2615
3642
8845446
224
237
134
1301
-2452
3985
8846471
392
360
94
1134
-2574
3855
8847496
367
350
81
996
-2341
3185
8848521
290
248
34
1108
-1889
2823
8849546
256
152
-34
1373
-2159
3137
8850571
278
-28
-102
1339
-2046
3267
8851596
154
-217
-128
1415
-1964
3479
8852621
20
-271
-119
1452
-2176
3723
8853646
-37
-189
-134
1255
-2146
3779
8854671
-321
-78
-149
1004
-1965
3601
8855696
-870
-17
-177
771
-2017
3251
8848513
-1284
-26
-142
608
-2867
2861
8849538
-972
-23
15
688
-4258
2678
8850563
116
37
92
869
-3940
2804
8851588
688
74
139
810
-2408
3072
8852613
183
9
186
866
-2081
3217
8853638
-208
-46
186
1067
-2629
3153
8854663
36
29
140
1075
-2592
3182
8855688
113
80
158
966
-2387
3192
8856713
-100
7
188
964
-2703
2953
8857738
53
-21
153
984
-2779
2921
8858763
83
-65
209
938
-2667
2969
8859788
49
-136
180
1005
-2674
3246
8860813
261
-110
131
1153
-2559
3538
8861838
479
-50
100
1163
-2491
3493
8862863
618
2
49
1126
-2382
3437
8863888
661
12
5
1105
-2238
3489
8856704
513
-25
-25
1140
-2071
3564
8857729
285
-54
-71
1234
-1970
3601
8858754
240
-55
-147
1287
-2029
3568
8859779
296
-39
-241
1289
-1913
3601
8860804
184
-26
-276
1217
-2077
3548
8861829
63
-29
-252
1257
-2525
3433
8862854
90
-27
-237
1102
-2521
3338
8863879
-54
-24
-217
896
-2437
3216
8864904
-346
-12
-176
756
-2280
3123
8865929
-347
-83
-114
841
-2690
2813
8866954
122
-89
-99
759
-2897
2730
8867979
426
-165
-81
824
-2456
2760
8869004
307
-216
17
1146
-2447
3287
8870029
50
-149
67
1346
-2045
4024
8871054
-210
-26
41
1218
-1857
3854
8872079
-250
117
2
1103
-2157
3473
8864897
-168
170
41
1205
-2640
3396
8865922
27
214
72
1119
-2620
3540
8866947
99
251
76
1160
-2016
3601
8867972
49
279
25
1199
-1944
3058
8868997
141
248
-19
1225
-2224
2900
8870022
265
100
-44
1364
-2223
3230
8871047
159
-41
-70
1453
-1974
3664
8872072
4
-45
-85
1380
-2089
3896
8873097
1
20
-109
1208
-2081
3755
8874122
-194
37
-132
1101
-1948
3470
8875147
-725
-14
-105
1077
-2201
3359
8876172
-918
-35
-56
1087
-2732
3289
8877197
-543
46
-49
916
-2831
3270
8878222
-372
113
-24
807
-2363
3338
8879247
-541
50
21
1099
-2405
3117
8880272
-441
79
32
991
-2641
2988
8873087
-204
109
26
894
-2569
3203
8874112
-165
115
16
880
-2324
3286
8875137
-226
120
0
860
-2684
3163
8876162
-100
61
-5
822
-2661
2636
8877187
-21
-81
60
809
-2530
2379
8878212
11
-147
120
1059
-3131
2952
8879237
115
-105
143
1053
-2950
3420
8880262
114
-38
192
792
-2648
3471
8881287
144
47
149
644
-2572
3055
8882312
207
114
95
842
-2069
3236
8883337
-62
223
148
1107
-2436
4031
8884362
-249
380
140
1029
-2415
3932
8885387
-259
492
102
860
-2384
3417
8886412
-166
493
88
868
-2399
3483
8887437
-259
399
12
867
-1491
3435
8888462
-794
163
-21
1196
-1756
2854
8881280
-1061
-48
-13
1448
-3168
2698
8882305
-741
-146
1
1257
-3374
2880
8883330
-307
-173
-53
1194
-2716
2908
8884355
-124
-142
-92
1059
-2614
2939
8885380
-159
-132
-132
924
-2712
2933
8886405
-413
-169
-144
959
-2656
2838
8887430
-664
-202
-132
1110
-2827
2826
8888455
-677
-179
-113
1221
-3170
3037
8889480
-544
-112
-69
1064
-3247
3187
8890505
-583
-28
-8
819
-2967
3383
8891530
-1016
65
58
712
-2809
3489
8892555
-1530
121
104
592
-3176
3064
8893580
-1633
137
148
484
-3392
2555
8894605
-1414
97
179
527
-3475
2341
8895630
-1051
55
176
697
-3762
2353
8896655
-611
95
189
770
-3576
2551
8889472
-446
113
161
755
-3268
2620
8890497
-388
49
75
784
-3331
2219
8891522
-208
-52
33
947
-3688
2051
8892547
131
-108
69
1100
-3934
2081
8893572
567
-106
71
907
-4038
2193
8894597
990
-133
23
729
-3741
2069
8895622
1210
-218
13
775
-3547
1857
8896647
1413
-234
-2
983
-3639
2200
8897672
1447
-188
32
1197
-3263
3159
8898697
931
8
120
1349
-2606
4202
8899722
221
237
191
1039
-2258
3825
8900747
-82
305
169
525
-2499
2199
8901772
195
375
136
947
-3044
2352
8902797
407
361
99
1195
-1978
2445
8903822
-132
227
33
1352
-1771
2609
8904847
-726
110
51
1363
-2730
3216
8897663
-705
26
-26
1268
-3065
3133
8898688
-521
36
-62
1150
-3124
2871
8899713
-445
50
-51
1226
-3305
2626
8900738
-267
128
2
1230
-3818
2774
8901763
236
262
23
1204
-3727
2867
8902788
619
385
20
1443
-3626
2678
8903813
988
526
-10
1675
-3817
2837
8904838
1594
701
-137
1729
-3424
3215
8905863
2039
913
-383
1649
-2376
3623
8906888
1994
1113
-602
1346
-1892
3904
8907913
1589
1131
-650
1600
-2367
3777
8908938
1162
1186
-656
2044
-2742
3907
8909963
815
1307
-723
1771
-2596
4017
8910988
864
1439
-969
1304
-2044
3811
8912013
1028
1587
-1212
1548
-2203
3642
8913038
957
1600
-1348
1462
-2002
3400
8905971
620
1468
-1550
1161
-1812
3311
8906996
355
1308
-1803
1136
-2068
3461
8908021
394
1150
-2027
930
-2214
3494
8909046
559
914
-2235
759
-2271
3390
8910071
643
613
-2423
688
-2304
3278
8911096
707
262
-2564
692
-2455
3153
8912121
869
-91
-2644
567
-2559
2948
8913146
1114
-451
-2672
407
-2412
2806
8914171
1305
-864
-2675
515
-2195
2834
8915196
1349
-1252
-2635
648
-2130
2979
8916221
1288
-1620
-2533
953
-2463
2972
8917246
1327
-1963
-2376
1160
-2266
2595
8918271
1282
-2324
-2189
1632
-1855
2792
8919296
1096
-2469
-1845
2087
-2019
3661
8920321
1122
-2365
-1553
1704
-1696
3788
8921346
1115
-2274
-1453
1709
-995
3225
8914049
662
-2259
-1319
2085
-823
3400
8915074
-451
-2164
-957
2632
-1556
4005
8916099
-750
-1746
-909
2394
-2047
4220
8917124
-329
-1371
-824
2045
-1666
3759
8918149
-746
-1239
-643
1938
-723
3044
8919174
-1702
-1281
-451
1982
-959
2407
8920199
-1955
-1337
-386
2371
-1146
2510
8921224
-1627
-1287
-406
2527
-932
2656
8922249
-1173
-1177
-488
2692
-821
2795
8923274
-565
-1076
-545
3087
-345
3218
8924299
-343
-963
-553
3416
-215
3737
8925324
-268
-748
-645
3525
-607
4074
8926349
-359
-549
-688
3456
-159
3914
8927374
-974
-468
-654
3556
-403
3035
8928399
-1033
-441
-630
3181
-724
2392
8929424
-677
-485
-612
3201
-623
2234
8922239
-473
-575
-613
3265
-458
2115
8923264
-374
-635
-626
3236
-208
2169
8924289
-420
-608
-677
3129
-134
2244
8925314
-540
-519
-749
3206
-284
2114
8926339
-611
-428
-800
3341
-426
1931
8927364
-623
-374
-798
3270
-529
1936
8928389
-678
-362
-782
3292
-452
1842
8929414
-755
-426
-731
3369
-379
1677
8930439
-717
-562
-661
3533
-205
1979
8931464
-583
-596
-624
3517
3
2641
8932489
-414
-467
-641
3317
204
2866
8933514
-416
-342
-661
3181
333
2759
8934539
-505
-312
-620
3081
-42
2534
8935564
-330
-293
-593
3101
35
1825
8936589
-216
-301
-646
3181
595
1506
8937614
-131
-297
-775
3052
810
1888
8930432
-64
-285
-830
3751
149
2291
8931457
-38
-174
-825
4429
-176
1815
8932482
-240
-177
-706
3834
-42
1005
8933507
-359
-253
-590
3547
128
1598
8934532
-162
-125
-620
3786
492
2111
8935557
-159
45
-752
4330
586
1663
8936582
-454
78
-701
3704
90
1297
8937607
-398
105
-613
3405
442
1662
8938632
-310
178
-616
3206
945
1869
8939657
-298
183
-647
3360
776
1810
8940682
-257
169
-660
3652
566
1905
8941707
-182
152
-643
3773
697
2028
8942732
-132
115
-621
3631
828
1959
8943757
-121
90
-593
3525
807
1902
8944782
-132
96
-565
3446
800
1834
8945807
-157
115
-550
3382
900
1818
8938624
-133
118
-564
3475
984
1908
8939649
-104
131
-602
3451
998
1830
8940674
-134
122
-603
3305
982
1822
8941699
-85
104
-595
3397
1137
1976
8942724
-59
127
-620
3417
1159
2008
8943749
-120
152
-627
3343
925
1899
8944774
-179
165
-606
3202
984
1921
8945799
-197
178
-607
3360
1267
2053
8946824
-237
237
-629
3304
1336
2057
8947849
-304
254
-631
3201
1202
1940
8948874
-330
211
-593
3121
1232
1991
8949899
-274
158
-566
3240
1349
2160
8950924
-204
166
-567
3121
1523
2191
8951949
-225
188
-570
2994
1495
2085
8952974
-254
187
-537
2877
1452
2005
8953999
-249
151
-476
2998
1497
2164
8946817
-186
184
-464
3022
1664
2316
8947842
-210
231
-481
2899
1574
2116
8948867
-271
205
-457
2906
1378
2101
8949892
-212
162
-412
3063
1421
2315
8950917
-89
202
-431
3035
1699
2400
8951942
-175
268
-463
2760
1672
2198
8952967
-232
254
-464
2664
1620
2223
8953992
-208
240
-458
2855
1690
2340
8955017
-238
239
-427
2828
1590
2315
8956042
-200
184
-352
2904
1547
2472
8957067
-90
195
-300
2933
1793
2566
8958092
-73
255
-305
2829
1933
2374
8959117
-166
226
-265
2677
1681
2169
8960142
-154
110
-159
2677
1626
2380
8961167
-59
60
-95
2743
1839
2640
8962192
-54
88
-110
2604
1824
2587
8955008
-78
67
-96
2608
1661
2420
8956033
-32
1
-17
2671
1634
2511
8957058
19
0
9
2658
1827
2579
8958083
21
30
-17
2591
1961
2498
8959108
67
16
-39
2640
1761
2403
8960133
136
-15
-6
2690
1726
2474
8961158
148
-12
12
2708
1790
2454
8962183
101
1
15
2628
1741
2360
8963208
105
-7
29
2675
1739
2382
8964233
116
-3
31
2716
1787
2421
8965258
100
5
33
2712
1776
2394
8966283
116
15
38
2737
1803
2363
8967308
123
27
38
2704
1787
2350
8968333
111
26
42
2706
1773
2359
8969358
116
27
46
2769
1801
2414
8970383
141
51
31
2784
1807
2432
8963199
155
75
7
2769
1784
2367
8964224
147
91
-5
2762
1762
2306
8965249
128
101
-7
2754
1816
2307
8966274
104
121
-4
2775
1838
2351
8967299
103
152
-4
2737
1862
2399
8968324
103
186
0
2667
1865
2375
8969349
102
194
13
2624
1888
2379
8970374
118
185
24
2640
1932
2381
8971399
143
191
26
2586
2015
2415
8972424
119
200
30
2523
1957
2427
8973449
124
200
31
2541
1927
2446
8974474
140
202
26
2556
1932
2475
8975499
128
207
20
2561
1856
2489
8976524
83
184
58
2578
1608
2421
8977549
99
153
108
2657
1772
2523
8978574
100
140
137
2641
1921
2516
8971392
113
149
113
2669
1909
2465
8972417
114
170
84
2638
1771
2440
8973442
84
198
74
2662
1828
2417
8974467
40
217
72
2503
1997
2396
8975492
7
172
85
2550
1986
2512
8976517
36
159
93
2602
1982
2735
8977542
19
182
93
2491
1920
2747
8978567
-18
177
95
2506
1732
2657
8979592
-18
215
79
2712
1720
2661
8980617
-183
286
94
2673
1554
2911
8981642
-621
317
185
2366
1431
3288
8982667
-983
338
180
2095
1782
2945
8983692
-1048
280
126
2222
1807
2537
8984717
-856
156
85
2494
1854
2399
8985742
-618
28
85
2664
1705
2322
8986767
