Device = VHR-0009
time_stamp = 1777362788870
sample_rate = 50
Data format = INT16
TYPE = 6-AXIS IMU RAW DATA
6
-2
2
437
2087
3554
15598720
17
-5
2
443
2124
3552
15599745
10
-6
-2
435
2139
3545
15600770
-3
-6
0
430
2104
3544
15601795
-8
-11
6
444
2096
3543
15602820
-5
-12
9
451
2115
3547
15603845
-4
-8
5
445
2115
3563
15604870
-5
-5
2
448
2110
3564
15605895
-3
-1
1
441
2080
3557
15606920
4
0
4
440
2094
3549
15607945
-2
-3
8
440
2103
3543
15608970
-5
-7
10
439
2120
3549
15609995
-8
-10
7
450
2126
3550
15611020
-15
-6
4
449
2094
3556
15612045
-4
-1
8
438
2072
3557
15613070
11
-3
13
451
2097
3553
15614095
9
-2
15
449
2087
3558
15606912
15
-2
13
449
2100
3560
15607937
19
-3
7
447
2132
3550
15608962
3
-3
3
440
2120
3551
15609987
-2
-5
2
436
2113
3559
15611012
-2
-10
-2
444
2130
3553
15612037
-13
-10
-9
442
2103
3545
15613062
-7
-9
-6
447
2078
3543
15614087
6
-12
-1
454
2101
3550
15615112
2
-10
5
445
2116
3547
15616137
-4
-7
16
443
2123
3560
15617162
-2
1
18
449
2132
3571
15618187
-1
7
9
472
2133
3564
15619212
-3
13
-5
462
2072
3552
15620237
8
7
-9
452
2062
3545
15621262
8
-1
-5
443
2082
3542
15622287
6
-12
-1
454
2101
3550
15615112
2
-10
5
445
2116
3547
15616137
-4
-7
16
443
2123
3560
15617162
-2
1
18
449
2132
3571
15618187
-1
7
9
472
2133
3564
15619212
-3
13
-5
462
2072
3552
15620237
8
7
-9
452
2062
3545
15621262
8
-1
-5
443
2082
3542
15622287
5
-9
-2
426
2104
3531
15615107
4
-14
-4
424
2153
3538
15616132
-11
-11
-6
417
2146
3553
15617157
-14
-7
0
430
2103
3556
15618182
-8
-4
5
463
2102
3555
15619207
-16
-4
6
472
2105
3552
15620232
-20
-4
3
458
2083
3557
15621257
-9
-3
-2
448
2080
3561
15622282
1
-3
-2
440
2109
3551
15623307
-4
-2
1
432
2115
3557
15624332
-8
-4
5
432
2113
3547
15625357
-14
-4
5
433
2115
3551
15626382
-12
-4
4
451
2102
3561
15627407
-2
1
1
450
2081
3576
15628432
12
6
2
452
2074
3571
15629457
18
11
4
447
2086
3560
15630482
17
12
3
442
2102
3551
15623298
20
10
0
420
2102
3553
15624323
20
7
4
422
2127
3533
15625348
6
5
6
415
2130
3528
15626373
-6
-3
5
426
2121
3531
15627398
-9
-8
2
424
2117
3545
15628423
-11
-11
1
437
2109
3549
15629448
-17
-11
7
437
2084
3548
15630473
-12
-12
11
451
2099
3561
15631498
0
-5
6
446
2100
3555
15632523
8
-3
1
433
2114
3552
15633548
4
-5
1
434
2110
3548
15634573
-2
-6
2
439
2097
3545
15635598
-1
-9
7
435
2113
3559
15636623
-8
-11
6
444
2114
3562
15637648
-9
-8
4
451
2092
3560
15638673
6
-2
4
442
2104
3557
15631489
12
2
5
437
2101
3552
15632514
8
0
8
433
2124
3551
15633539
-7
-4
7
445
2127
3542
15634564
-13
-5
-2
436
2101
3547
15635589
-6
-7
-4
433
2104
3560
15636614
-5
-8
0
445
2098
3560
15637639
-4
-4
0
439
2098
3555
15638664
5
1
-1
440
2090
3552
15639689
11
1
1
427
2101
3544
15640714
8
-1
8
429
2113
3546
15641739
-4
-6
13
451
2121
3558
15642764
-10
-7
9
443
2117
3557
15643789
-8
-7
1
439
2102
3559
15644814
-4
-1
2
437
2082
3562
15645839
6
1
7
434
2099
3562
15646864
2
-3
7
439
2128
3551
15639679
-10
-5
8
439
2104
3538
15640704
-3
-7
9
427
2098
3541
15641729
2
-10
10
422
2127
3543
15642754
-11
-8
11
412
2110
3538
15643779
-12
-7
8
422
2115
3533
15644804
-14
-6
7
441
2139
3551
15645829
-19
4
6
458
2112
3571
15646854
-17
14
-1
464
2086
3573
15647879
-1
19
-9
472
2071
3582
15648904
17
25
-15
458
2070
3571
15649929
25
22
-14
433
2084
3559
15650954
22
16
-4
415
2108
3541
15651979
8
2
1
406
2135
3518
15653004
-12
-10
1
405
2146
3534
15654029
-25
-16
0
411
2143
3549
15655054
-37
-16
-1
414
2093
3551
15647872
-39
-17
6
417
2070
3567
15648897
-26
-14
11
436
2078
3558
15649922
-15
-11
7
438
2075
3567
15650947
2
-11
2
447
2088
3569
15651972
7
-8
-4
437
2094
3561
15652997
3
-13
-5
439
2098
3569
15654022
-1
-15
-4
434
2102
3565
15655047
-6
-16
-5
439
2090
3553
15656072
-5
-14
0
436
2069
3566
15657097
8
-8
9
449
2091
3573
15658122
19
0
4
449
2108
3589
15659147
39
13
-22
425
2138
3617
15660172
81
19
-51
447
2115
3642
15661197
125
20
-63
412
2138
3553
15662222
89
-4
-64
414
2175
3483
15663247
49
23
-59
509
2105
3548
15656065
39
89
-67
323
2023
3471
15657090
66
49
-8
400
2175
3509
15658115
25
28
9
385
2123
3454
15659140
-15
2
15
374
2121
3435
15660165
-34
-17
39
402
2062
3528
15661190
32
16
45
534
2038
3752
15662215
197
117
-46
479
2325
3664
15663240
115
159
-65
213
2265
3290
15664265
-76
48
55
189
2024
3474
15665290
-34
-72
49
389
2188
3644
15666315
111
-109
-14
375
2281
3647
15667340
144
-112
-61
522
2354
3646
15668365
12
24
-138
496
2098
3352
15669390
-39
21
-51
128
1920
3325
15670415
3
-85
41
441
2154
3370
15671440
-55
-65
67
365
2087
3430
15664256
-16
-63
103
483
2154
3582
15665281
50
24
96
538
2134
3781
15666306
123
139
7
493
2249
3597
15667331
46
163
10
193
2117
3316
15668356
-23
26
104
299
2195
3428
15669381
-101
-46
101
376
2269
3420
15670406
-160
-75
85
359
2178
3514
15671431
-121
-97
71
408
2188
3574
15672456
-97
-78
51
463
2197
3574
15673481
-91
-36
39
463
2075
3607
15674506
-33
4
30
454
2005
3627
15675531
41
34
22
458
2052
3585
15676556
84
47
15
431
2159
3521
15677581
74
43
4
402
2228
3516
15678606
43
32
-13
415
2191
3516
15679631
34
23
-20
390
2136
3482
15672448
26
15
-11
398
2142
3534
15673473
22
15
-8
393
2138
3553
15674498
40
13
-12
406
2174
3545
15675523
41
8
-13
398
2165
3520
15676548
25
-1
-15
414
2181
3506
15677573
3
-3
-12
403
2130
3508
15678598
14
-12
-8
385
2143
3499
15679623
3
-19
1
383
2177
3511
15680648
-14
-19
12
384
2163
3504
15681673
-14
-20
18
393
2177
3528
15682698
-17
-20
23
411
2167
3517
15683723
-17
-18
19
425
2160
3527
15684748
-14
-12
16
400
2142
3532
15685773
-9
-11
20
424
2134
3523
15686798
-10
-9
20
415
2142
3516
15687823
-22
-15
17
405
2156
3506
15680639
-24
-22
11
398
2165
3501
15681664
-29
-34
9
406
2187
3506
15682689
-60
-40
8
421
2163
3539
15683714
-51
-30
6
420
2110
3546
15684739
-15
-23
-2
421
2142
3540
15685764
-11
-14
-5
420
2141
3530
15686789
-11
-12
-2
429
2133
3537
15687814
-13
-11
1
436
2144
3541
15688839
-15
-7
2
433
2123
3532
15689864
-2
-6
2
427
2107
3533
15690889
15
-5
2
402
2158
3545
15691914
7
-9
-1
412
2184
3540
15692939
-11
-9
-4
421
2152
3517
15693964
-24
-12
1
415
2125
3506
15694989
-18
-15
4
421
2139
3532
15696014
-16
-14
3
425
2132
3548
15688832
-9
-14
1
431
2137
3533
15689857
-2
-8
4
415
2121
3534
15690882
5
-10
10
417
2142
3526
15691907
-6
-11
12
432
2156
3524
15692932
-16
-11
8
430
2145
3541
15693957
-12
-11
0
425
2140
3539
15694982
-7
-10
-1
422
2123
3529
15696007
-9
-9
6
427
2123
3543
15697032
-11
-11
9
427
2139
3548
15698057
-5
-9
6
440
2126
3529
15699082
3
-4
6
430
2119
3525
15700107
0
-4
9
421
2137
3537
15701132
-10
-7
8
427
2153
3522
15702157
-12
-6
6
435
2131
3538
15703182
-2
-8
4
431
2123
3534
15704207
4
-5
6
424
2109
3540
15697025
13
-4
11
408
2128
3536
15698050
11
-6
13
433
2160
3526
15699075
-2
-4
10
431
2136
3525
15700100
2
-5
8
429
2139
3534
15701125
-5
-7
7
431
2156
3543
15702150
-18
-10
6
443
2143
3532
15703175
-18
-10
3
436
2120
3544
15704200
-16
-10
2
437
2134
3543
15705225
-18
-3
1
434
2109
3543
15706250
-5
-2
3
427
2121
3539
15707275
-1
-4
4
430
2133
3528
15708300
0
-3
6
435
2130
3535
15709325
3
-2
7
424
2125
3533
15710350
-2
-4
7
431
2117
3535
15711375
-1
-6
7
435
2123
3531
15712400
3
-3
6
438
2137
3527
15705217
2
-3
5
439
2150
3538
15706242
-10
-2
3
444
2141
3532
15707267
-20
2
6
424
2117
3557
15708292
-7
1
6
428
2123
3560
15709317
6
6
5
426
2120
3535
15710342
10
2
7
414
2142
3522
15711367
0
-4
4
429
2156
3526
15712392
-4
-8
4
421
2123
3534
15713417
1
-15
2
432
2126
3562
15714442
23
-20
-9
433
2134
3615
15715467
91
-23
-38
418
2153
3641
15716492
158
-42
-58
397
2229
3491
15717517
82
-40
-76
550
2272
3546
15718542
-10
56
-135
519
2105
3472
15719567
54
83
-72
269
2001
3580
15720592
88
31
-48
456
2226
3371
15713409
-36
20
-2
367
2103
3332
15714434
-89
-16
37
440
2057
3446
15715459
-27
-8
44
483
2116
3555
15716484
114
63
-14
506
2316
3735
15717509
183
178
-107
421
2391
3572
15718534
2
185
-44
124
2088
3277
15719559
-154
39
85
239
1954
3488
15720584
-45
-73
60
334
2106
3664
15721609
156
-140
-16
416
2400
3672
15722634
155
-147
-52
422
2418
3622
15723659
-11
-50
-126
719
2260
3388
15724684
-98
55
-74
34
1784
3326
15725709
26
-74
32
438
2209
3362
15726734
-38
-41
50
365
2116
3396
15727759
-47
-39
79
442
2120
3440
15728784
-11
-3
89
467
2198
3633
15721601
60
75
36
566
2247
3702
15722626
44
168
-30
311
2238
3419
15723651
-58
94
51
198
2093
3403
15724676
-88
-15
85
383
2218
3484
15725701
-102
-36
68
360
2193
3461
15726726
-106
-59
64
394
2183
3539
15727751
-90
-54
47
422
2215
3575
15728776
-94
-35
27
411
2197
3560
15729801
-105
-15
29
396
2086
3608
15730826
-47
-4
36
429
2068
3611
15731851
16
8
34
438
2129
3559
15732876
19
17
28
420
2140
3516
15733901
3
13
27
420
2156
3511
15734926
0
4
21
400
2144
3520
15735951
-15
-8
14
398
2120
3526
15736976
-15
-15
14
397
2122
3552
15729791
1
-18
10
407
2167
3520
15730816
-7
-17
13
407
2176
3526
15731841
-12
-13
13
398
2132
3559
15732866
-5
-18
7
416
2131
3547
15733891
-14
-14
9
426
2104
3543
15734916
-8
-8
16
429
2093
3552
15735941
9
-10
14
433
2147
3540
15736966
7
-7
9
421
2150
3529
15737991
8
-6
8
411
2138
3536
15739016
8
-5
8
413
2148
3542
15740041
-4
-2
13
404
2116
3536
15741066
-2
-5
18
415
2107
3527
15742091
9
-3
16
428
2137
3521
15743116
14
2
9
423
2158
3546
15744141
7
-2
0
428
2158
3549
15745166
-10
-3
-2
425
2118
3526
15737984
0
-7
1
406
2116
3521
15739009
5
-16
8
424
2157
3520
15740034
-17
-10
12
427
2113
3544
15741059
5
-6
12
410
2120
3540
15742084
23
-2
10
420
2160
3538
15743109
9
1
9
418
2137
3518
15744134
4
-3
12
422
2159
3529
15745159
-14
-11
7
441
2161
3530
15746184
-25
-10
5
426
2119
3543
15747209
-10
-11
4
427
2110
3532
15748234
1
-7
6
422
2141
3538
15749259
-7
-9
6
429
2159
3546
15750284
-14
-8
2
428
2131
3531
15751309
-7
-6
0
417
2134
3529
15752334
-8
-8
0
416
2133
3518
15753359
-12
-11
3
422
2120
3531
15746176
-5
-13
5
424
2140
3536
15747201
-8
-13
3
421
2155
3539
15748226
-17
-12
1
418
2117
3534
15749251
-16
-14
2
438
2117
3532
15750276
-11
-13
2
435
2130
3539
15751301
-11
-10
2
429
2128
3546
15752326
-5
-7
2
428
2115
3548
15753351
-2
-9
0
430
2126
3529
15754376
-4
-11
0
417
2136
3545
15755401
-14
-11
0
429
2129
3539
15756426
-12
-9
3
421
2110
3537
15757451
0
-13
4
434
2133
3548
15758476
-5
-9
4
440
2126
3547
15759501
0
-6
2
428
2126
3547
15760526
0
-6
0
431
2134
3530
15761551
-10
-6
2
422
2113
3529
15754368
-8
-9
5
437
2120
3546
15755393
-3
-7
4
442
2124
3555
15756418
-2
-6
0
433
2132
3544
15757443
-8
-5
-1
432
2129
3540
15758468
-11
-1
3
421
2103
3535
15759493
-2
-2
6
431
2112
3545
15760518
3
-5
6
439
2139
3551
15761543
-7
-3
4
428
2110
3547
15762568
-5
-3
6
434
2108
3541
15763593
8
0
6
425
2125
3545
15764618
11
-1
6
430
2136
3546
15765643
8
-4
2
429
2126
3536
15766668
8
-3
6
415
2122
3539
15767693
8
-5
8
423
2131
3537
15768718
4
-3
9
426
2127
3536
15769743
4
-2
10
428
2133
3541
15762560
6
0
12
441
2129
3538
15763585
1
-3
6
437
2134
3530
15764610
-2
-4
0
430
2134
3551
15765635
15
-3
-5
425
2106
3624
15766660
80
-3
-28
416
2131
3589
15767685
106
-25
-33
365
2190
3590
15768710
105
-79
-53
417
2252
3565
15769735
73
-81
-70
518
2220
3580
15770760
9
9
-139
602
2092
3370
15771785
33
48
-70
196
1966
3444
15772810
53
-38
-6
464
2264
3366
15773835
-62
-22
35
394
2050
3399
15774860
-29
-35
59
495
2110
3513
15775885
24
9
43
505
2224
3647
15776910
85
95
-24
517
2316
3629
15777935
5
150
-31
238
2140
3341
15770753
-102
53
66
251
2051
3476
15771778
-83
-43
65
418
2139
3704
15772803
98
-98
-20
397
2261
3664
15773828
217
-131
-64
469
2429
3519
15774853
68
-59
-93
633
2301
3566
15775878
-134
36
-118
228
1793
3258
15776903
17
-81
19
378
2126
3378
15777928
-17
-90
32
457
2261
3386
15778953
-86
-56
54
451
2107
3485
15779978
-48
-20
65
503
2155
3541
15781003
4
57
62
521
2155
3619
15782028
40
144
22
482
2159
3630
15783053
29
160
15
296
2120
3434
15784078
-34
64
64
340
2180
3461
15785103
-62
11
68
420
2201
3461
15786128
-68
-7
48
391
2224
3487
15778945
-66
-14
37
442
2187
3541
15779970
-51
0
10
439
2185
3589
15780995
-25
21
-9
430
2123
3587
15782020
-5
38
-12
423
2086
3556
15783045
16
43
2
392
2093
3547
15784070
37
34
16
424
2139
3526
15785095
34
35
14
400
2166
3512
15786120
24
24
6
390
2194
3524
15787145
11
12
2
374
2195
3510
15788170
-5
-4
5
379
2166
3508
15789195
-17
-14
12
399
2170
3523
15790220
-24
-15
17
400
2124
3530
15791245
-17
-18
18
423
2144
3528
15792270
-14
-13
13
413
2146
3544
15793295
-3
-9
6
418
2151
3531
15794320
-3
-4
6
420
2134
3533
15787136
6
-1
7
402
2146
3528
15788161
8
-5
5
399
2163
3514
15789186
-5
-7
7
399
2150
3518
15790211
-2
-12
11
387
2141
3527
15791236
-4
-16
11
419
2163
3512
15792261
-12
-11
12
412
2139
3539
15793286
-5
-12
9
420
2154
3544
15794311
-11
-10
3
407
2143
3522
15795336
-8
-8
5
406
2115
3539
15796361
8
-8
7
416
2151
3540
15797386
2
-9
7
409
2158
3511
15798411
-8
-12
7
409
2150
3510
15799436
-12
-11
6
405
2146
3537
15800461
-6
-10
8
413
2144
3544
15801486
-3
-9
7
424
2150
3538
15802511
-11
-11
7
424
2141
3526
15795328
-15
-12
6
413
2153
3533
15796353
-15
-9
5
417
2133
3537
15797378
-6
-9
3
414
2141
3535
15798403
-10
-13
4
420
2155
3530
15799428
-23
-15
6
419
2142
3529
15800453
-24
-16
6
425
2149
3537
15801478
-23
-9
1
421
2130
3552
15802503
-14
-8
0
411
2119
3546
15803528
-10
-10
3
418
2128
3524
15804553
-14
-10
8
424
2117
3532
15805578
-8
-12
12
425
2130
3541
15806603
-1
-10
8
429
2147
3543
15807628
-2
-9
0
435
2146
3527
15808653
-9
-9
-5
432
2148
3533
15809678
-15
-9
-4
426
2122
3544
15810703
-5
-6
0
420
2094
3541
15803520
16
-3
8
408
2112
3539
15804545
19
-4
12
413
2160
3538
15805570
1
-6
9
429
2175
3529
15806595
-12
-6
5
441
2149
3529
15807620
-13
-5
1
431
2120
3532
15808645
-4
-7
1
414
2099
3533
15809670
-1
-10
7
418
2128
3539
15810695
-5
-8
7
437
2139
3549
15811720
-2
-5
3
433
2137
3537
15812745
1
-3
0
415
2133
3531
15813770
0
-5
1
417
2132
3531
15814795
-1
-6
5
424
2125
3536
15815820
2
-7
5
422
2139
3536
15816845
-2
-8
3
428
2141
3538
15817870
-3
-7
2
426
2116
3538
15818895
4
-4
5
420
2122
3539
15811712
9
-4
4
430
2134
3535
15812737
6
-5
4
432
2140
3524
15813762
1
-6
5
425
2147
3532
15814787
-3
-3
4
427
2132
3538
15815812
7
-3
3
419
2120
3537
15816837
10
-4
5
414
2123
3532
15817862
1
-6
8
428
2140
3517
15818887
-3
-6
8
431
2141
3533
15819912
0
-5
7
427
2135
3541
15820937
-1
-4
6
428
2126
3549
15821962
5
-3
10
421
2119
3544
15822987
12
-5
7
440
2160
3534
15824012
5
-1
3
424
2144
3536
15825037
1
-4
3
419
2140
3537
15826062
-7
-8
7
426
2138
3530
15827087
-15
-11
9
427
2148
3527
15819903
-28
-16
7
431
2144
3548
15820928
-33
-16
1
437
2094
3551
15821953
8
-6
-10
415
2183
3499
15822978
-4
-5
-6
414
2156
3509
15824003
-30
-7
9
419
2075
3563
15825028
-7
-9
11
444
2118
3565
15826053
9
-5
8
433
2125
3547
15827078
14
-7
-5
421
2151
3579
15828103
49
-14
-18
437
2146
3578
15829128
81
-21
-23
421
2156
3534
15830153
60
-37
-19
382
2156
3522
15831178
53
-62
-19
383
2214
3548
15832203
48
-76
-33
456
2194
3592
15833228
46
-25
-85
645
2205
3535
15834253
-24
41
-117
250
2022
3348
15835278
23
-47
-32
453
2226
3438
15828096
-55
-41
-11
404
2135
3407
15829121
-80
-54
27
458
2081
3471
15830146
-53
-26
49
507
2105
3572
15831171
14
43
39
495
2078
3647
15832196
103
116
0
534
2146
3684
15833221
112
167
-27
344
2205
3362
15834246
-11
89
50
243
2168
3339
15835271
-94
-16
85
362
2232
3445
15836296
-129
-63
53
357
2163
3601
15837321
-14
-103
-9
439
2201
3766
15838346
146
-109
-68
459
2361
3728
15839371
117
-97
-78
513
2183
3473
15840396
6
-24
-114
669
2046
3458
15841421
40
67
-74
91
1892
3448
15842446
87
-57
5
492
2338
3295
15843471
-108
-35
29
373
2139
3298
15836499
-129
-62
66
466
2129
3471
15837524
-89
-34
64
504
2130
3576
15838549
-30
27
53
507
2137
3664
15839574
35
103
18
478
2187
3622
15840599
-8
122
17
317
2089
3407
15841624
-44
50
65
382
2118
3474
15842649
-42
22
56
458
2209
3515
15843674
-34
16
34
414
2190
3536
15844699
-31
6
19
456
2174
3578
15845724
-25
20
11
433
2115
3568
15846749
8
24
3
390
2117
3557
15847774
16
22
9
406
2118
3549
15848799
16
24
18
412
2142
3565
15849824
17
17
16
430
2165
3507
15850849
1
8
14
416
2150
3500
15851874
5
-2
12
416
2153
3532
15844480
6
-6
10
409
2143
3541
15845505
5
-14
8
411
2138
3537
15846530
6
-19
9
420
2155
3519
15847555
-2
-18
9
414
2159
3494
15848580
-12
-15
10
419
2148
3555
15849605
-1
-6
7
429
2143
3566
15850630
9
3
6
419
2121
3533
15851655
14
2
11
415
2124
3513
15852680
9
-2
14
432
2153
3508
15853705
0
-5
14
430
2152
3533
15854730
-2
-5
10
415
2159
3530
15855755
-9
-10
6
422
2155
3526
15856780
-5
-8
5
419
2140
3537
15857805
-1
-8
5
415
2150
3514
15858830
-14
-9
9
412
2141
3529
15859855
-20
-15
12
436
2146
3534
15852672
-15
-8
8
436
2145
3528
15853697
-1
-5
2
427
2141
3524
15854722
-1
-5
2
421
2150
3523
15855747
-7
-8
7
419
2127
3529
15856772
-6
-8
11
426
2133
3529
15857797
-1
-10
10
431
2163
3528
15858822
-9
-8
6
442
2152
3528
15859847
-6
-4
4
433
2137
3535
15860872
-2
-4
1
422
2143
3531
15861897
-3
-6
3
422
2125
3534
15862922
-4
-9
7
425
2137
3529
15863947
-5
-12
7
432
2149
3526
15864972
-6
-11
6
434
2158
3532
15865997
-10
-10
0
443
2142
3528
15867022
-8
-7
0
419
2129
3531
15868047
-3
-10
4
422
2139
3513
15860865
-19
-14
5
430
2154
3530
15861890
-22
-18
4
442
2136
3529
15862915
-13
-16
-1
430
2128
3541
15863940
-8
-11
2
435
2123
3536
15864965
-9
-8
4
436
2130
3539
15865990
-7
-5
5
438
2126
3540
15867015
1
-4
3
434
2142
3542
15868040
1
-4
0
435
2128
3518
15869065
1
-4
5
416
2135
3530
15870090
-3
-13
3
429
2164
3528
15871115
-29
-17
-2
450
2130
3518
15872140
-24
-11
0
431
2100
3562
15873165
13
-7
-2
433
2098
3543
15874190
23
-2
3
432
2124
3540
15875215
24
-2
8
425
2169
3542
15876240
6
-1
4
434
2177
3512
15869057
-18
3
3
426
2109
3534
15870082
4
-6
8
424
2128
3536
15871107
3
-11
8
430
2162
3526
15872132
-23
-10
5
449
2121
3530
15873157
-3
-6
4
435
2125
3547
15874182
9
-4
1
434
2149
3536
15875207
-6
-2
4
430
2120
3537
15876232
3
0
10
430
2135
3531
15877257
9
-1
8
432
2136
3531
15878282
12
-2
6
423
2120
3525
15879307
10
-5
8
431
2152
3526
15880332
-1
-4
9
432
2143
3531
15881357
-2
-5
10
435
2131
3529
15882382
6
-5
10
438
2130
3543
15883407
7
-3
7
450
2146
3534
15884432
-4
0
5
431
2136
3526
15877248
-5
-1
5
430
2129
3528
15878273
2
1
6
431
2121
3526
15879298
10
1
7
434
2134
3542
15880323
11
2
9
444
2158
3531
15881348
1
4
7
429
2160
3531
15882373
-10
-1
5
425
2146
3526
15883398
-15
-1
7
433
2113
3533
15884423
-3
-1
10
426
2119
3529
15885448
9
1
7
434
2131
3544
15886473
32
6
-9
445
2145
3650
15887498
122
11
-44
451
2167
3626
15888523
182
11
-53
377
2200
3489
15889548
99
-27
-59
382
2299
3400
15890573
-6
-29
-63
489
2124
3684
15891598
74
46
-140
598
2117
3451
15892623
128
87
-91
192
2000
3448
15885440
144
-2
-29
468
2301
3297
15886465
-16
3
21
330
2157
3315
15887490
-54
-22
56
426
2181
3527
15888515
-14
3
57
404
2161
3571
15889540
27
24
24
476
2301
3596
15890565
-43
73
-6
386
2188
3348
15891590
-107
49
55
243
2084
3429
15892615
-90
-24
81
388
2215
3582
15893640
-39
-47
24
405
2189
3728
15894665
138
-64
-40
423
2334
3686
15895690
172
-74
-72
470
2341
3542
15896715
76
-15
-117
583
2256
3504
15897740
-83
40
-112
137
1825
3137
15898765
1
-87
36
407
2215
3412
15899790
-66
-59
42
435
2176
3407
15900815
-59
-33
60
437
2126
3450
15893633
-4
7
67
469
2230
3570
15894658
17
69
46
510
2240
3695
15895683
20
159
-23
416
2212
3486
15896708
-46
131
27
176
2037
3354
15897733
-55
14
80
417
2253
3473
15898758
-83
-2
61
379
2268
3487
15899783
-91
-23
42
400
2232
3527
15900808
-88
-20
26
408
2197
3575
15901833
-59
-14
13
427
2147
3576
15902858
-28
2
11
414
2080
3567
15903883
3
8
21
386
2104
3558
15904908
26
-1
28
392
2162
3551
15905933
15
-13
20
392
2222
3470
15906958
-35
-29
26
387
2178
3466
15907983
-49
-49
27
417
2154
3478
15909008
-47
-47
20
415
2151
3522
15901824
-35
-34
11
432
2153
3568
15902849
-11
-7
6
424
2118
3592
15903874
21
12
5
426
2130
3549
15904899
16
17
5
412
2139
3521
15905924
8
8
6
415
2144
3499
15906949
-1
-3
6
415
2161
3500
15907974
-7
-9
9
401
2142
3502
15908999
-2
-16
15
405
2162
3522
15910024
-4
-17
16
415
2183
3528
15911049
-16
-14
11
416
2166
3547
15912074
-11
-8
5
437
2137
3545
15913099
4
-1
1
432
2114
3528
15914124
17
-2
7
424
2127
3527
15915149
13
-3
8
423
2158
3519
15916174
5
-1
8
397
2171
3529
15917199
0
-3
8
405
2166
3520
15910017
-2
-2
11
411
2138
3510
15911042
8
-5
12
420
2157
3519
15912067
2
-6
8
425
2173
3526
15913092
-12
-9
2
431
2158
3531
15914117
-16
-9
1
416
2135
3528
15915142
-14
-13
4
428
2114
3517
15916167
-6
-10
10
412
2137
3536
15917192
1
-13
9
442
2180
3521
15918217
-9
-1
5
425
2150
3537
15919242
4
-1
-2
425
2152
3530
15920267
4
-2
-4
420
2151
3520
15921292
-3
-4
2
397
2139
3533
15922317
-7
-14
4
429
2158
3507
15923342
-22
-11
6
425
2133
3528
15924367
-3
-12
5
428
2151
3535
15925392
4
-6
-1
424
2163
3528
15918208
-11
-1
-2
426
2137
3522
15919233
-3
-1
1
408
2136
3533
15920258
0
-7
1
421
2155
3517
15921283
-17
-6
7
416
2122
3527
15922308
1
-7
10
420
2147
3540
15923333
6
-9
1
425
2184
3524
15924358
-21
-7
0
427
2142
3528
15925383
-16
-6
5
418
2118
3543
15926408
2
-8
4
418
2151
3526
15927433
-9
-8
-1
431
2147
3525
15928458
-10
-7
1
420
2119
3530
15929483
-2
-10
7
433
2145
3533
15930508
-7
-7
6
423
2147
3527
15931533
-6
-7
4
418
2154
3522
15932558
-6
-7
2
425
2153
3528
15933583
-12
-4
1
424
2117
3528
15926401
-1
-3
3
420
2126
3535
15927426
3
-4
3
431
2144
3526
15928451
0
-2
0
424
2148
3524
15929476
-4
-4
-3
424
2150
3537
15930501
1
-5
-1
415
2123
3531
15931526
7
-4
4
420
2123
3529
15932551
10
-2
12
410
2147
3537
15933576
12
-2
11
425
2161
3528
15934601
1
-1
7
427
2159
3524
15935626
-8
-4
6
425
2154
3527
15936651
-16
-7
3
423
2131
3530
15937676
-7
-10
6
422
2122
3529
15938701
-6
-7
9
425
2136
3537
15939726
3
-6
10
423
2145
3538
15940751
2
1
9
431
2149
3538
15941776
8
4
4
417
2147
3518
15934591
3
0
3
417
2140
3520
15935616
1
-2
9
410
2132
3539
15936641
-2
-7
11
428
2148
3528
15937666
-5
-6
11
407
2135
3530
15938691
4
-8
10
434
2157
3529
15939716
1
-1
7
426
2143
3528
15940741
4
-1
5
436
2149
3534
15941766
-1
1
4
417
2137
3529
15942791
0
-4
6
425
2148
3527
15943816
-5
-5
7
428
2135
3535
15944841
5
-5
6
419
2153
3521
15945866
-2
-8
4
429
2167
3519
15946891
-22
-12
4
421
2139
3532
15947916
-26
-17
8
423
2146
3533
15948941
-27
-16
7
429
2144
3533
15949966
-19
-12
5
429
2110
3537
15942784
-4
-8
6
438
2139
3526
15943809
-2
-6
3
426
2142
3536
15944834
-5
-7
1
431
2137
3529
15945859
-7
-5
3
437
2140
3531
15946884
-6
-4
3
427
2139
3539
15947909
-1
-1
3
426
2141
3541
15948934
2
0
1
423
2139
3532
15949959
-6
-4
7
420
2133
3522
15950984
-14
-9
8
426
2154
3526
15952009
-30
-10
-1
435
2192
3556
15953034
-51
-6
-9
439
2130
3539
15954059
-41
-4
-8
412
2062
3528
15955084
-2
-10
-5
408
2103
3605
15956109
55
-16
-25
435
2104
3675
15957134
173
-18
-48
418
2185
3551
15958159
143
-34
-67
416
2331
3380
15950976
-29
-37
-65
412
2146
3516
15952001
-1
5
-94
553
2107
3586
15953026
47
71
-80
285
1993
3468
15954051
56
4
-25
432
2223
3407
15955076
-30
-9
7
386
2135
3446
15956101
-26
-30
21
450
2128
3504
15957126
19
-13
19
442
2130
3511
15958151
58
32
9
459
2206
3630
15959176
99
97
-26
466
2254
3594
15960201
2
130
-24
254
2074
3353
15961226
-40
48
56
294
2121
3433
15962251
-61
-13
55
363
2231
3518
15963276
-37
-60
10
372
2190
3737
15964301
131
-107
-54
414
2393
3707
15965326
158
-103
-89
539
2320
3690
15966351
31
4
-189
555
2164
3163
15959168
-86
5
-66
13
1824
3278
15960193
1
-105
36
533
2277
3450
15961218
-96
-30
46
357
2048
3381
15962243
-58
-32
78
482
2138
3494
15963268
-14
23
81
493
2202
3589
15964293
20
77
59
456
2191
3694
15965318
31
127
10
386
2197
3504
15966343
-33
90
52
217
2087
3391
15967368
-45
-2
88
419
2272
3488
15968393
-91
-11
62
384
2240
3500
15969418
-85
-27
43
398
2197
3555
15970443
-68
-22
28
437
2158
3601
15971468
-41
-6
12
442
2135
3573
15972493
-13
11
3
411
2096
3567
15973518
13
19
11
378
2091
3574
15974543
35
16
23
392
2143
3534
15967361
27
8
26
405
2175
3490
15968386
7
-7
27
399
2200
3476
15969411
-25
-24
23
383
2161
3515
15970436
-30
-38
23
410
2137
3533
15971461
-15
-35
23
411
2148
3551
15972486
-6
-24
19
430
2151
3555
15973511
-3
-6
15
425
2099
3562
15974536
33
1
9
427
2135
3540
15975561
41
10
9
399
2160
3525
15976586
18
4
12
398
2178
3523
15977611
-9
-6
18
406
2157
3508
15978636
-18
-15
14
417
2179
3512
15979661
-26
-19
7
418
2166
3538
15980686
-24
-20
2
424
2151
3529
15981711
-32
-18
7
419
2108
3534
15982736
-28
-23
14
419
2130
3547
15975654
-34
-30
15
427
2160
3537
15976679
-50
-31
16
427
2147
3529
15977704
-35
-21
10
447
2115
3534
15978729
-6
-5
5
428
2108
3540
15979754
20
-6
6
418
2149
3543
15980779
5
-7
5
420
2145
3526
15981804
-3
-8
6
425
2134
3529
15982829
1
-8
9
424
2142
3529
15983854
2
-8
8
425
2148
3537
15984879
-5
-11
5
433
2139
3531
15985904
-10
-8
3
431
2130
3540
15986929
-6
-12
2
436
2147
3530
15987954
-20
-12
-2
443
2148
3529
15988979
-23
-11
-6
435
2125
3540
15990004
-10
-9
-7
429
2116
3539
15991029
-3
-9
0
434
2114
3540
15983743
2
-7
6
425
2124
3541
15984768
4
-10
7
426
2140
3525
15985793
0
-9
8
438
2158
3539
15986818
-4
-8
3
447
2152
3540
15987843
-9
-7
-3
443
2137
3521
15988868
-7
0
0
426
2106
3535
15989893
6
-2
3
427
2129
3546
15990918
3
-4
4
423
2134
3544
15991943
-5
-10
5
438
2150
3539
15992968
-5
-8
3
431
2140
3551
15993993
5
-8
-2
429
2128
3540
15995018
14
-5
-3
427
2137
3524
15996043
5
-4
-2
443
2139
3531
15997068
0
-6
-2
431
2124
3530
15998093
5
-6
0
432
2123
3540
15999118
7
-5
2
422
2137
3546
15991937
7
-6
3
426
2130
3523
15992962
11
-2
8
423
2146
3528
15993987
12
-4
5
429
2169
3526
15995012
-15
-6
2
434
2136
3510
15996037
-13
-6
6
431
2112
3543
15997062
-1
-12
7
440
2148
3525
15998087
-12
-7
6
432
2127
3546
15999112
-3
-7
7
437
2138
3538
16000137
-6
-5
7
430
2126
3533
16001162
-3
-5
10
429
2124
3532
16002187
1
-3
11
443
2146
3537
16003212
-2
-3
8
437
2154
3530
16004237
-9
-7
0
438
2151
3526
16005262
-11
-5
1
421
2128
3542
16006287
-6
-7
6
430
2113
3545
16007312
6
-5
12
429
2123
3550
16000128
7
-6
13
444
2142
3547
16001153
-2
-2
10
454
2143
3538
16002178
3
5
6
445
2134
3529
16003203
9
5
2
431
2129
3528
16004228
5
1
5
421
2123
3524
16005253
2
-4
13
415
2122
3535
16006278
2
-8
14
448
2151
3519
16007303
1
-3
10
442
2140
3537
16008328
9
0
8
441
2114
3531
16009353
22
2
10
432
2117
3528
16010378
30
2
16
437
2138
3544
16011403
28
-2
11
442
2184
3549
16012428
-6
-3
0
440
2181
3516
16013453
-24
-2
5
424
2101
3521
16014478
10
-8
8
431
2156
3530
16015503
2
-5
2
435
2157
3516
16008320
-3
0
3
434
2124
3536
16009345
17
1
-1
436
2154
3570
16010370
45
4
-25
440
2134
3611
16011395
114
-1
-38
429
2163
3628
16012420
169
-20
-60
378
2220
3610
16013445
187
-63
-74
398
2262
3506
16014470
166
-61
-89
590
2149
3631
16015495
111
15
-163
462
2157
3217
16016520
58
-20
-48
213
2142
3260
16017545
-16
-78
4
465
2343
3332
16018570
-115
-39
35
400
2108
3471
16019595
-35
-20
34
491
2180
3572
16020620
7
37
21
476
2180
3525
16021645
2
77
17
443
2204
3524
16022670
-33
89
14
423
2208
3422
16023695
-100
63
55
263
2093
3386
16016512
-104
-25
78
424
2275
3483
16017537
-128
-35
53
408
2226
3519
16018562
-88
-48
19
416
2201
3634
16019587
2
-50
-38
397
2184
3791
16020612
156
-77
-92
444
2253
3673
16021637
219
-63
-82
544
2165
3570
16022662
137
33
-145
545
2150
3158
16023687
37
31
-46
124
1904
3301
16024712
136
-64
20
546
2410
3430
16025737
-45
-28
11
356
2262
3344
16026762
-137
-50
49
449
2170
3451
16027787
-129
-13
65
457
2124
3535
16028812
-37
48
63
511
2192
3651
16029837
8
120
25
420
2174
3476
16030862
-11
103
48
322
2171
3465
16031887
-30
49
51
421
2282
3505
16024703
-67
33
30
398
2206
3465
16025728
-72
11
31
416
2179
3512
16026753
-70
5
28
407
2184
3545
16027778
-60
0
20
414
2175
3557
16028803
-34
5
14
410
2145
3546
16029828
-2
21
9
407
2149
3546
16030853
16
25
14
410
2173
3538
16031878
15
21
17
423
2149
3546
16032903
28
7
12
401
2170
3499
16033928
13
-11
15
388
2202
3455
16034953
-21
-28
23
384
2186
3461
16035978
-39
-36
29
406
2168
3512
16037003
-27
-27
28
422
2155
3554
16038028
1
-13
17
444
2164
3545
16039053
9
-3
8
438
2170
3523
16040078
2
0
8
425
2143
3526
16032896
16
-2
12
409
2135
3506
16033921
25
-6
16
414
2177
3490
16034946
3
-7
19
403
2189
3501
16035971
-8
-8
17
418
2198
3524
16036996
-14
-6
12
441
2166
3515
16038021
-11
-5
11
433
2149
3530
16039046
-5
-8
9
431
2161
3518
16040071
-11
-7
11
425
2154
3500
16041096
-10
-2
13
442
2153
3517
16042121
-1
2
7
400
2165
3534
16043146
2
-5
5
439
2172
3505
16044171
-5
-1
5
419
2151
3521
16045196
1
-4
7
425
2164
3512
16046221
-5
-8
7
410
2160
3507
16047246
-8
-13
8
430
2185
3521
16048271
-12
-8
6
424
2163
3521
16041088
-1
-13
2
422
2198
3517
16042113
-29
-11
-1
449
2153
3495
16043138
-23
-7
1
429
2115
3519
16044163
8
-11
-1
447
2161
3516
16045188
4
-2
1
407
2170
3524
16046213
2
-6
0
414
2204
3535
16047238
-27
-6
-2
442
2122
3501
16048263
-9
-8
3
423
2125
3519
16049288
6
-9
7
437
2180
3520
16050313
-7
-2
7
422
2149
3527
16051338
4
-3
6
420
2176
3537
16052363
-5
-3
1
430
2165
3521
16053388
-7
-7
-1
417
2167
3524
16054413
-19
-10
-1
433
2173
3525
16055438
-24
-10
-2
434
2140
3521
16056463
-9
-8
-3
424
2133
3531
16049443
4
-8
-2
424
2175
3527
16050468
-6
-6
2
424
2167
3528
16051493
-16
-5
3
426
2139
3517
16052518
-5
-5
3
429
2135
3511
16053543
2
-3
0
425
2161
3533
16054568
-5
-1
0
424
2157
3526
16055593
-11
-4
0
430
2143
3509
16056618
-5
-4
1
425
2149
3527
16057643
0
-6
-2
437
2156
3526
16058668
-1
-3
-3
417
2146
3515
16059693
4
-1
6
405
2147
3536
16060718
3
0
11
413
2146
3528
16061743
6
-3
8
433
2166
3514
16062768
-4
-4
1
443
2176
3515
16063793
-21
-2
2
439
2145
3525
16064818
-11
-3
3
415
2127
3534
16057472
6
-6
1
430
2153
3531
16058497
0
-3
6
418
2157
3522
16059522
-7
-4
12
423
2153
3527
16060547
-9
-8
9
431
2148
3510
16061572
-2
-7
5
433
2152
3521
16062597
6
-5
3
428
2153
3531
16063622
-4
-2
6
427
2143
3520
16064647
-3
-2
11
423
2128
3527
16065672
12
-8
9
435
2175
3517
16066697
-4
-5
5
436
2152
3522
16067722
-2
-7
7
408
2147
3529
16068747
-5
-9
6
435
2149
3527
16069772
-5
-6
9
429
2131
3521
16070797
8
-7
9
438
2175
3512
16071822
-4
-6
4
422
2173
3520
16072847
-15
-6
6
433
2116
3525
16065664
6
-6
11
413
2133
3518
16066689
3
-12
10
441
2189
3527
16067714
-20
-4
9
430
2117
3519
16068739
7
-7
9
428
2154
3529
16069764
11
-9
5
434
2183
3519
16070789
-7
-5
2
430
2138
3521
16071814
-7
-5
5
439
2138
3519
16072839
-2
-5
5
434
2150
3521
16073864
5
-4
2
430
2138
3509
16074889
8
-5
5
427
2171
3515
16075914
-9
-7
9
429
2157
3531
16076939
-17
-6
9
439
2138
3521
16077964
-5
-4
7
426
2141
3533
16078989
5
-5
5
436
2160
3543
16080014
-2
-2
4
436
2145
3524
16081039
3
1
3
439
2130
3522
16073855
17
-1
1
429
2154
3517
16074880
12
-4
1
427
2159
3506
16075905
6
-3
4
409
2148
3518
16076930
11
-6
6
431
2172
3509
16077955
3
-5
4
423
2165
3504
16078980
-9
-10
3
427
2164
3519
16080005
-19
-15
4
437
2157
3537
16081030
-26
-16
5
452
2147
3534
16082055
-14
-6
0
441
2136
3527
16083080
10
0
-5
435
2160
3524
16084105
22
9
-19
428
2135
3622
16085130
102
6
-37
415
2159
3627
16086155
150
-17
-40
415
2232
3476
16087180
53
-44
-36
390
2280
3338
16088205
-65
-63
-26
417
2170
3491
16089230
-34
-36
-23
518
2053
3676
16082048
84
32
-64
429
2104
3466
16083073
91
15
-42
377
2236
3398
16084098
-17
-8
-15
446
2232
3402
16085123
-64
-3
18
393
2039
3435
16086148
1
-19
37
452
2163
3500
16087173
4
2
38
494
2207
3580
16088198
38
66
3
483
2195
3614
16089223
28
98
-23
356
2167
3357
16090248
-24
48
33
303
2158
3428
16091273
-64
-12
52
406
2234
3485
16092298
-72
-30
49
374
2191
3501
16093323
-48
-42
33
432
2261
3611
16094348
-17
-40
-15
431
2152
3799
16095373
168
-61
-73
447
2206
3649
16096398
229
-50
-64
522
2235
3477
16097423
100
24
-101
525
2151
3397
16090240
9
32
-83
166
2002
3295
16091265
79
-55
7
474
2390
3443
16092290
-52
-19
0
345
2179
3312
16093315
-73
-36
40
418
2165
3430
16094340
-59
-11
51
467
2230
3533
16095365
-60
28
49
455
2153
3562
16096390
-6
78
25
562
2208
3659
16097415
-3
162
-8
345
2068
3392
16098440
5
91
48
264
2196
3393
16099465
-57
20
66
418
2320
3474
16100490
-104
8
52
352
2192
3509
16101515
-70
-26
39
390
2255
3526
16102540
-74
-23
27
442
2219
3550
16103565
-76
-1
19
417
2106
3575
16104590
-33
6
18
418
2113
3561
16105615
-1
14
20
415
2139
3547
16098432
8
16
19
408
2153
3531
16099457
11
3
17
412
2188
3514
16100482
-6
-9
12
390
2200
3471
16101507
-25
-17
15
388
2182
3492
16102532
-25
-19
12
401
2184
3541
16103557
-17
-15
8
412
2152
3543
16104582
-6
-7
9
422
2132
3536
16105607
2
-1
12
421
2153
3534
16106632
4
2
13
407
2149
3521
16107657
0
-2
14
416
2144
3510
16108682
3
-4
13
407
2175
3513
16109707
-8
-4
12
422
2183
3518
16110732
-11
-1
9
401
2152
3530
16111757
1
-5
8
418
2147
3510
16112782
0
-6
12
406
2145
3516
16113807
-7
-10
17
405
2139
3513
16106624
-2
-14
16
427
2170
3525
16107649
-2
-9
10
415
2171
3530
16108674
-5
-10
6
428
2156
3516
16109699
-5
-9
8
411
2156
3512
16110724
-1
-11
7
422
2144
3521
16111749
0
-10
7
400
2157
3516
16112774
-1
-14
8
423
2175
3528
16113799
-14
-10
5
413
2160
3525
16114824
-3
-10
4
417
2160
3527
16115849
3
-11
3
424
2182
3521
16116874
-16
-7
6
436
2132
3515
16117899
-4
-7
9
417
2135
3533
16118924
4
-10
5
426
2177
3536
16119949
-7
-8
-1
428
2157
3523
16120974
-4
-10
-1
429
2163
3520
16121999
-7
-9
-3
435
2155
3523
16114815
-2
-1
-2
409
2121
3530
16115840
21
3
4
412
2154
3526
16116865
19
1
5
406
2174
3512
16117890
-3
-6
3
433
2186
3500
16118915
-17
-6
1
436
2152
3518
16119940
-8
-7
-3
422
2151
3531
16120965
-7
-9
-1
405
2155
3522
16121990
-13
-10
3
417
2139
3530
16123015
-7
-9
5
429
2159
3527
16124040
-2
-8
0
421
2178
3515
16125065
-5
-6
-4
413
2172
3520
16126090
-9
-5
-2
418
2143
3520
16127115
-5
-6
3
424
2137
3528
16128140
0
-8
2
416
2162
3523
16129165
-8
-10
3
416
2168
3514
16130190
-12
-9
3
413
2157
3534
16123008
-9
-7
2
423
2144
3537
16124033
1
-6
4
430
2148
3526
16125058
2
-5
2
431
2171
3521
16126083
-10
-5
-1
429
2164
3527
16127108
-10
-1
-1
408
2128
3523
16128133
1
-5
4
413
2147
3530
16129158
0
-5
8
422
2152
3523
16130183
0
-6
8
430
2160
3515
16131208
2
-7
5
423
2177
3513
16132233
-8
-5
4
410
2163
3528
16133258
-7
-5
6
424
2144
3535
16134283
-7
-5
9
425
2133
3521
16135308
-1
-8
7
426
2162
3519
16136333
-9
-8
2
421
2157
3523
16137358
-7
-6
4
417
2148
3527
16138383
1
-6
8
413
2140
3531
16131200
-5
-8
10
426
2148
3520
16132225
-9
-7
10
429
2158
3529
16133250
-1
-6
8
424
2147
3536
16134275
5
-5
5
423
2138
3519
16135300
4
-6
6
425
2140
3525
16136325
2
-9
7
421
2142
3534
16137350
7
-11
7
423
2146
3531
16138375
14
-9
9
426
2141
3533
16139400
23
-4
8
422
2167
3520
16140425
18
1
9
416
2166
3517
16141450
8
-3
6
427
2169
3512
16142475
-2
-7
5
434
2166
3510
16143500
-8
-9
2
432
2158
3527
16144525
-10
-8
3
420
2148
3531
16145550
-3
-7
6
424
2130
3550
16146575
27
-13
-9
426
2150
3657
16139391
127
-20
-31
419
2140
3609
16140416
181
-34
-71
426
2356
3377
16141441
43
-44
-80
404
2271
3493
16142466
15
-30
-67
422
2081
3644
16143491
137
6
-80
599
2133
3588
16144516
64
58
-129
252
2043
3162
16145541
47
-34
-5
404
2309
3353
16146566
-69
-29
21
392
2196
3377
16147591
-63
-29
44
409
2167
3497
16148616
-26
-6
48
431
2215
3557
16149641
-18
24
50
439
2175
3576
16150666
-24
48
36
478
2143
3499
16151691
-45
58
47
340
2098
3416
16152716
-30
8
70
403
2256
3519
16153741
-48
-10
48
416
2279
3500
16154766
-68
-20
19
396
2230
3518
16147584
-62
-31
4
416
2197
3583
16148609
-7
-34
-26
376
2110
3775
16149634
175
-72
-75
435
2207
3675
16150659
227
-58
-110
606
2347
3668
16151684
12
38
-214
423
2140
3034
16152709
-58
-23
-46
144
2021
3261
16153734
-62
-96
21
528
2297
3352
16154759
-112
-39
48
373
2089
3468
16155784
-45
-24
59
493
2197
3584
16156809
-23
39
66
459
2128
3616
16157834
16
87
44
531
2139
3629
16158859
59
156
1
420
2213
3446
16159884
6
128
35
243
2176
3399
16160909
-45
36
61
388
2242
3453
16161934
-61
5
51
333
2203
3438
16162959
-50
-31
46
378
2270
3509
16155777
-86
-35
42
432
2206
3570
16156802
-73
-20
31
436
2128
3580
16157827
-32
-7
21
447
2130
3568
16158852
-5
12
23
427
2116
3563
16159877
22
15
20
415
2139
3517
16160902
23
9
19
415
2181
3493
16161927
4
0
15
405
2193
3507
16162952
-7
-13
15
399
2176
3501
16163977
-13
-28
16
392
2185
3496
16165002
-32
-36
17
412
2175
3525
16166027
-28
-29
16
415
2141
3522
16167052
-12
-22
16
422
2141
3520
16168077
-1
-14
16
445
2156
3552
16169102
4
-5
10
455
2159
3543
16170127
8
2
5
432
2151
3519
16171152
12
3
4
413
2153
3506
16163969
3
1
7
412
2168
3501
16164994
-8
3
12
411
2150
3537
16166019
-2
2
10
420
2167
3519
16167044
1
3
10
425
2151
3508
16168069
12
-1
10
425
2157
3518
16169094
15
-3
7
423
2180
3512
16170119
5
-3
3
424
2174
3518
16171144
1
-3
3
418
2146
3512
16172169
10
-8
6
411
2177
3507
16173194
-9
-8
9
436
2168
3520
16174219
-5
-2
10
420
2146
3524
16175244
9
-3
7
438
2181
3518
16176269
5
-1
3
419
2180
3524
16177294
-6
-3
0
423
2144
3499
16178319
-5
-3
6
414
2152
3514
16179344
-2
-7
5
417
2179
3506
16172161
-14
-10
-1
421
2175
3518
16173186
-18
-9
-2
420
2154
3520
16174211
-4
-8
1
427
2141
3540
16175236
18
-1
2
420
2154
3534
16176261
22
4
3
412
2155
3514
16177286
16
1
3
422
2185
3507
16178311
3
-4
2
420
2170
3507
16179336
2
-9
3
424
2178
3498
16180361
-10
-11
2
423
2175
3522
16181386
-15
-10
-1
435
2158
3513
16182411
-11
-5
-1
422
2147
3519
16183436
-4
-2
2
430
2155
3521
16184461
2
2
3
420
2142
3529
16185486
11
1
3
418
2174
3517
16186511
0
-3
0
421
2185
3510
16187536
-10
-7
0
410
2158
3501
16180353
-3
-10
3
402
2169
3521
16181378
2
-11
3
425
2152
3514
16182403
5
-9
7
420
2159
3527
16183428
7
-8
6
431
2193
3511
16184453
-13
-4
3
426
2157
3513
16185478
-4
-4
1
428
2171
3519
16186503
-13
-4
-1
423
2159
3512
16187528
-9
-2
3
412
2140
3527
16188553
4
-6
3
416
2178
3512
16189578
-9
-4
5
419
2160
3508
16190603
-7
-6
9
429
2156
3522
16191628
-6
-7
5
433
2175
3511
16192653
-8
-5
2
415
2151
3516
16193678
-4
-6
4
427
2148
3511
16194703
1
-6
7
414
2169
3518
16195728
-6
-4
6
432
2163
3516
16188598
-2
-1
3
421
2159
3523
16189623
8
-2
0
418
2173
3516
16190648
-1
-3
2
416
2157
3512
16191673
-7
-3
8
411
2149
3516
16192698
-7
-8
6
418
2182
3518
16193723
-16
-10
-2
438
2173
3518
16194748
-14
-5
-2
431
2140
3518
16195773
0
-2
-3
428
2138
3525
16196798
6
1
-1
418
2134
3523
16197823
12
4
7
410
2139
3517
16198848
22
3
12
410
2170
3499
16199873
14
2
10
420
2191
3499
16200898
2
1
4
422
2175
3516
16201923
4
-6
-1
418
2185
3525
16202948
-17
-13
1
422
2145
3541
16203973
-5
-14
1
410
2128
3583
16196737
59
-28
-13
407
2152
3629
16197762
144
-48
-29
419
2201
3604
16198787
170
-73
-42
375
2293
3383
16199812
25
-109
-37
444
2268
3407
16200837
-28
-54
-77
592
2093
3526
16201862
13
9
-96
300
2023
3376
16202887
79
-39
-18
495
2349
3423
16203912
-51
-1
3
408
2128
3351
16204937
-40
9
38
460
2112
3492
16205962
36
50
45
429
2202
3590
16206987
73
105
18
535
2234
3675
16208012
46
176
-19
406
2141
3439
16209037
-10
115
29
235
2185
3317
16210062
-98
-4
77
367
2305
3389
16211087
-170
-51
69
341
2213
3527
16212112
-109
-93
37
395
2153
3750
16204928
94
-107
-52
434
2325
3704
16205953
165
-98
-83
457
2303
3456
16206978
27
-32
-99
566
2176
3499
16208003
-103
33
-99
229
1832
3258
16209028
44
-37
34
422
2209
3540
16210053
-8
-14
20
482
2202
3361
16211078
-31
-7
41
409
2113
3411
16212103
4
-2
54
461
2233
3534
16213128
11
40
59
438
2225
3592
16214153
-4
81
42
401
2214
3497
16215178
-59
54
66
319
2158
3455
16216203
-62
-2
76
453
2231
3530
16217228
-55
-3
44
405
2163
3505
16218253
-26
-15
27
425
2189
3501
16219278
-17
-13
25
412
2175
3529
16220303
-13
-11
24
423
2170
3557
16213120
6
-4
30
423
2155
3538
16214145
28
0
33
421
2189
3524
16215170
22
3
29
440
2212
3506
16216195
11
8
17
424
2183
3491
16217220
10
-1
6
443
2204
3477
16218245
-24
-8
5
425
2180
3510
16219270
-30
-13
6
420
2148
3511
16220295
-18
-15
9
430
2188
3513
16221320
-24
-11
11
456
2193
3517
16222345
-25
0
15
452
2150
3538
16223370
7
7
13
442
2134
3502
16224395
13
6
17
435
2164
3486
16225420
-4
1
27
427
2169
3489
16226445
-8
-3
32
422
2192
3516
16227470
-4
-1
25
418
2201
3516
16228495
-4
-1
16
418
2186
3524
16221313
-6
-4
9
451
2207
3534
16222338
-30
6
2
458
2147
3512
16223363
-19
10
-3
443
2127
3527
16224388
3
6
-4
440
2159
3516
16225413
5
0
-4
436
2169
3503
16226438
-7
-6
1
416
2148
3489
16227463
-6
-8
15
391
2158
3507
16228488
1
-13
18
402
2182
3503
16229513
-3
-12
13
417
2164
3499
16230538
3
-13
9
418
2193
3517
16231563
-7
-19
0
437
2187
3510
16232588
-20
-22
-6
449
2159
3512
16233613
-13
-23
-9
447
2131
3510
16234638
-5
-22
-3
451
2140
3521
16235663
2
-18
3
439
2164
3523
16236688
3
-17
0
448
2203
3517
16229504
-4
-13
-8
440
2174
3527
16230529
-1
-11
-12
429
2159
3515
16231554
-7
-10
-8
430
2156
3523
16232579
-12
-12
-8
457
2168
3524
16233604
-12
-9
-17
464
2177
3521
16234629
-2
-5
-27
459
2150
3510
16235654
12
-5
-31
418
2130
3489
16236679
4
-11
-17
394
2156
3495
16237704
-12
-16
5
407
2161
3492
16238729
-13
-14
16
424
2199
3517
16239754
-3
-9
14
448
2211
3529
16240779
-13
2
10
453
2163
3524
16241804
-5
9
16
423
2111
3520
16242829
5
1
21
455
2159
3520
16243854
-13
-3
20
454
2149
3504
16244879
-11
-4
17
430
2154
3514
16237696
0
-6
9
431
2186
3522
16238721
-7
-4
9
427
2167
3516
16239746
-16
-4
15
434
2148
3514
16240771
-9
-2
20
438
2159
3536
16241796
2
5
14
428
2152
3531
16242821
5
5
10
438
2152
3516
16243846
1
3
11
439
2159
3503
16244871
-5
-1
10
443
2159
3499
16245896
-7
-3
5
425
2149
3525
16246921
-10
-6
7
445
2137
3535
16247946
-2
-2
14
436
2109
3525
16248971
19
-3
15
436
2173
3513
16249996
9
1
13
435
2158
3504
16251021
13
3
16
422
2153
3503
16252046
16
-2
22
437
2160
3508
16253071
11
-2
28
434
2173
3520
16245888
0
-3
24
445
2177
3526
16246913
-3
-5
15
449
2162
3517
16247938
2
-5
9
446
2169
3517
16248963
-7
-6
4
453
2164
3511
16249988
-13
-7
5
454
2138
3512
16251013
4
-6
6
444
2160
3506
16252038
1
-5
9
452
2168
3509
16253063
-6
-4
14
454
2155
3522
16254088
1
-4
14
450
2173
3520
16255113
-3
-4
8
450
2167
3525
16256138
1
0
6
447
2151
3521
16257163
2
1
9
453
2143
3515
16258188
7
3
15
443
2148
3521
16259213
15
6
17
440
2172
3517
16260238
8
6
13
445
2185
3513
16261263
-6
5
11
447
2168
3506
16254079
-8
3
12
451
2157
3504
16255104
-8
6
13
445
2152
3512
16256129
-2
6
13
446
2144
3518
16257154
-1
3
10
442
2153
3524
16258179
0
5
11
437
2155
3522
16259204
9
5
10
427
2182
3514
16260229
4
2
5
439
2191
3555
16261254
32
-7
-12
428
2157
3595
16262279
101
-36
-18
437
2139
3631
16263304
147
-80
-33
435
2264
3479
16264329
60
-99
-26
437
2340
3466
16265354
16
-35
-22
699
2040
3794
16266379
140
82
-108
404
2032
3296
16267404
121
16
-21
348
2355
3130
16268429
-89
-20
42
425
2232
3311
16269454
-115
-10
49
421
2092
3435
16262273
-50
-2
35
464
2157
3496
16263298
-32
35
34
462
2161
3576
16264323
5
103
-1
538
2209
3680
16265348
-11
153
-12
307
2114
3435
16266373
-54
69
48
314
2203
3414
16267398
-99
-3
61
365
2294
3518
16268423
-84
-59
0
389
2170
3742
16269448
140
-115
-40
437
2157
3718
16270473
242
-142
-104
564
2399
3492
16271498
97
-39
-159
677
2339
3438
16272523
-89
29
-117
90
1820
3243
16273548
11
-108
46
441
2259
3412
16274573
-71
-82
58
411
2126
3316
16275598
-66
-82
92
481
2158
3393
16276623
-61
-35
90
532
2241
3509
16277648
-51
39
69
455
2157
3617
16270464
11
110
-9
635
2199
3670
16271489
22
210
-36
324
2003
3469
16272514
25
109
37
306
2195
3401
16273539
-55
18
76
394
2304
3385
16274564
-124
-33
77
345
2271
3401
16275589
-154
-72
57
466
2249
3527
16276614
-141
-48
33
471
2174
3602
16277639
-87
-22
10
500
2119
3620
16278664
-40
13
-5
447
2058
3589
16279689
-5
26
0
462
2052
3588
16280714
34
31
9
459
2088
3568
16281739
56
20
9
468
2179
3514
16282764
38
13
1
453
2223
3494
16283789
12
3
-6
436
2171
3485
16284814
8
-8
-8
444
2160
3491
16285839
6
-9
-8
419
2137
3509
16278655
9
-12
-5
412
2155
3544
16279680
6
-8
-2
433
2200
3558
16280705
-1
0
-7
490
2139
3528
16281730
22
15
-14
422
2115
3527
16282755
26
3
-16
396
2183
3519
16283780
-18
-6
-4
381
2178
3508
16284805
-33
-13
6
402
2196
3495
16285830
-40
-13
-1
428
2218
3495
16286855
-55
-6
-13
436
2161
3510
16287880
-44
2
-14
408
2117
3517
16288905
-28
-8
-12
426
2121
3482
16289930
-43
-19
-2
425
2162
3509
16290955
-63
-30
9
420
2137
3529
16291980
-58
-35
13
427
2114
3520
16293005
-43
-26
20
420
2083
3558
16294030
-10
-28
16
433
2143
3581
16286848
-27
-30
-4
465
2187
3563
16287873
-50
-25
-27
445
2096
3519
16288898
-23
-29
-33
400
2022
3478
16289923
6
-46
-3
402
2072
3497
16290948
-9
-59
40
447
2145
3552
16291973
-26
-61
51
501
2172
3596
16292998
-29
-35
34
565
2159
3617
16294023
8
12
22
509
2095
3600
16295048
52
40
8
473
2073
3568
16296073
72
50
13
439
2055
3524
16297098
69
33
22
452
2147
3517
16298123
33
20
21
459
2193
3519
16299148
0
10
11
456
2212
3514
16300173
-21
9
0
449
2190
3532
16301198
-30
16
0
441
2099
3531
16302223
-13
19
18
416
2071
3540
16295041
10
16
31
428
2101
3531
16296066
21
16
28
444
2112
3549
16297091
39
15
23
443
2159
3541
16298116
28
16
13
434
2175
3524
16299141
7
13
5
429
2129
3519
16300166
9
6
2
418
2110
3505
16301191
18
-7
3
425
2139
3510
16302216
5
-16
2
431
2175
3527
16303241
-11
-19
-1
441
2170
3534
16304266
-20
-17
-4
449
2147
3536
16305291
-19
-12
-5
447
2135
3539
16306316
-10
-6
-6
456
2123
3541
16307341
0
-5
-11
449
2147
3540
16308366
-6
-6
-14
444
2148
3524
16309391
-20
-11
-14
447
2118
3522
16310416
-19
-13
-7
444
2109
3520
16303232
-13
-16
3
458
2141
3537
16304257
-12
-10
-1
456
2152
3544
16305282
-10
-6
-12
452
2146
3530
16306307
-9
-4
-20
425
2125
3528
16307332
-10
-13
-20
428
2114
3512
16308357
-22
-19
-9
432
2097
3525
16309382
-8
-25
-1
429
2139
3533
16310407
-9
-28
-4
461
2175
3537
16311432
-16
-13
-10
458
2132
3572
16312457
3
-7
-15
441
2137
3551
16313482
-9
-3
-15
438
2124
3533
16314507
-17
-6
-12
442
2131
3532
16315532
-25
-4
-16
459
2161
3532
16316557
-33
1
-15
450
2099
3537
16317582
0
-1
-15
436
2116
3529
16318607
5
-3
-20
427
2148
3529
16311424
-8
-6
-15
414
2133
3539
16312449
-11
-8
-5
421
2130
3521
16313474
-18
-3
4
426
2123
3533
16314499
-10
-4
9
438
2119
3546
16315524
-5
0
11
447
2118
3544
16316549
-8
4
18
437
2105
3544
16317574
-10
2
14
432
2103
3550
16318599
-3
-3
9
442
2116
3535
16319624
5
-3
8
418
2129
3525
16320649
4
-6
7
420
2137
3531
16321674
-7
-8
11
430
2113
3535
16322699
2
-6
16
431
2131
3557
16323724
7
-6
10
447
2148
3545
16324749
0
-1
4
432
2114
3529
16325774
0
-2
7
422
2107
3533
16326799
5
-4
13
428
2109
3538
16319615
10
-6
15
442
2132
3540
16320640
6
-2
16
451
2123
3532
16321665
12
2
12
438
2125
3545
16322690
14
3
10
433
2099
3556
16323715
22
0
15
429
2065
3674
16324740
130
-21
-21
448
2204
3640
16325765
187
-41
-39
432
2246
3418
16326790
72
-62
-39
405
2208
3402
16327815
-4
-81
-77
457
2215
3630
16328840
30
-5
-139
644
2229
3541
16329865
10
75
-108
210
1863
3426
16330890
72
-30
-29
478
2315
3384
16331915
-74
-12
15
385
2105
3352
16332940
-71
-24
47
437
2070
3480
16333965
-22
-8
57
488
2110
3541
16334990
20
44
43
496
2130
3626
16327808
92
117
-5
498
2210
3652
16328833
69
156
-33
321
2188
3360
16329858
-31
78
46
236
2095
3373
16330883
-65
-22
85
408
2290
3519
16331908
-102
-45
67
406
2222
3514
16332933
-96
-63
46
414
2150
3580
16333958
-17
-75
12
408
2189
3740
16334983
73
-88
-40
427
2178
3707
16336008
171
-87
-65
485
2217
3531
16337033
114
-25
-56
632
2090
3477
16338058
-15
51
-74
291
1971
3229
16339083
54
-32
64
393
2245
3489
16340108
-41
-35
44
514
2226
3327
16341133
-88
-21
58
413
2084
3418
16342158
-46
-21
53
494
2265
3574
16343183
-46
58
25
512
2191
3662
16336000
-57
114
7
306
2006
3533
16337025
-14
46
60
346
2137
3529
16338050
-17
-2
61
437
2232
3485
16339075
-45
-18
41
429
2191
3491
16340100
-38
-33
26
452
2205
3527
16341125
-48
-33
7
459
2171
3535
16342150
-43
-25
8
426
2066
3553
16343175
-17
-25
13
450
2110
3542
16344200
-13
-11
23
458
2100
3543
16345225
14
2
22
453
2119
3556
16346250
38
9
6
472
2174
3544
16347275
23
24
-2
448
2142
3528
16348300
21
16
-8
429
2145
3507
16349325
12
4
-10
428
2163
3500
16350350
3
-4
-7
408
2159
3518
16351375
-1
-14
-6
415
2176
3531
16344192
-22
-16
2
429
2129
3525
16345217
-24
-11
11
434
2121
3542
16346242
-3
2
8
452
2126
3550
16347267
16
10
-3
441
2135
3524
16348292
14
10
-2
418
2128
3516
16349317
12
0
3
420
2140
3507
16350342
7
-5
6
415
2156
3515
16351367
-2
-13
9
438
2158
3510
16352392
-14
-12
12
454
2149
3515
16353417
-5
-6
11
444
2140
3533
16354442
5
-2
5
436
2155
3532
16355467
-3
2
5
446
2129
3524
16356492
6
2
17
442
2129
3513
16357517
5
2
25
445
2143
3514
16358542
-2
3
31
427
2138
3517
16359567
10
1
27
443
2169
3534
16352384
12
4
21
436
2165
3510
16353409
0
-4
20
434
2149
3518
16354434
-2
-13
13
429
2142
3531
16355459
8
-19
7
437
2142
3531
16356484
4
-25
11
453
2151
3513
16357509
-7
-26
17
455
2151
3516
16358534
-9
-27
10
443
2156
3521
16359559
-11
-26
1
459
2151
3521
16360584
-12
-19
6
459
2135
3541
16361609
-2
-16
4
455
2134
3531
16362634
12
-20
0
449
2137
3506
16363659
13
-23
-1
453
2185
3498
16364684
-13
-23
-4
448
2175
3530
16365709
-22
-25
-12
456
2127
3528
16366734
-2
-31
-19
467
2159
3513
16367759
-16
-36
-22
477
2178
3512
16360576
-28
-32
-17
475
2132
3522
16361601
-14
-31
-12
476
2135
3531
16362626
-17
-23
-8
472
2122
3528
16363651
-3
-18
-3
463
2130
3544
16364676
10
-15
-6
455
2132
3534
16365701
12
-12
-5
453
2127
3510
16366726
7
-11
5
460
2141
3523
16367751
12
-14
3
475
2183
3531
16368776
1
-10
-7
499
2186
3530
16369801
-8
2
-9
486
2131
3529
16370826
5
9
-6
469
2133
3538
16371851
6
14
-3
455
2126
3526
16372876
19
18
2
445
2121
3513
16373901
35
13
6
445
2168
3508
16374926
21
8
9
452
2160
3495
16375951
12
5
10
431
2152
3496
16368767
10
-2
10
432
2189
3502
16369792
-7
-6
5
444
2172
3519
16370817
-10
-9
4
447
2157
3517
16371842
-11
-12
2
463
2157
3508
16372867
-9
-11
4
453
2136
3514
16373892
-5
-11
8
460
2152
3526
16374917
-8
-7
12
468
2149
3529
16375942
-5
0
14
462
2129
3520
16376967
12
2
16
461
2140
3515
16377992
16
1
15
452
2172
3516
16379017
0
-2
17
459
2170
3519
16380042
-15
-6
20
463
2148
3511
16381067
-8
-5
18
464
2151
3522
16382092
2
0
14
459
2130
3525
16383117
16
2
17
452
2161
3527
16384142
15
-1
14
469
2188
3520
16376960
-2
-2
5
478
2166
3507
16377985
-3
3
2
469
2136
3532
16379010
21
9
2
462
2130
3537
16380035
37
8
5
452
2136
3535
16381060
62
-1
4
453
2146
3594
16382085
122
-21
-17
451
2162
3609
16383110
190
-48
-39
439
2211
3476
16384135
155
-68
-64
487
2337
3413
16385160
48
-47
-58
442
2065
3547
16386185
173
-42
-66
585
2258
3591
16387210
140
31
-102
410
2245
3323
16388235
87
37
-44
463
2303
3414
16389260
-1
58
-18
393
2158
3263
16390285
-46
26
29
428
2147
3345
16391310
-69
20
44
468
2165
3481
16392335
-51
39
35
434
2157
3470
16385152
-14
21
20
440
2327
3498
16386177
-104
37
-5
465
2310
3421
16387202
-169
40
42
296
2078
3469
16388227
-101
-31
65
447
2259
3517
16389252
-99
-34
44
446
2234
3524
16390277
-60
-40
8
444
2212
3674
16391302
62
-58
-48
418
2200
3832
16392327
229
-106
-92
504
2289
3531
16393352
191
-53
-114
693
2224
3512
16394377
20
50
-168
284
1974
3066
16395402
57
-54
25
297
2204
3411
16396427
-26
-84
25
522
2402
3328
16397452
-126
-54
51
383
2103
3359
16398477
-78
-48
67
522
2235
3509
16399502
-56
31
70
539
2152
3563
16400527
-3
107
45
469
2120
3620
16393344
32
129
5
474
2244
3432
16394369
-12
114
46
310
2167
3425
16395394
-35
21
68
428
2325
3435
16396419
-105
-13
52
389
2226
3400
16397444
-112
-51
40
436
2264
3487
16398469
-141
-51
27
474
2203
3525
16399494
-134
-29
18
476
2110
3586
16400519
-50
-1
8
478
2086
3616
16401544
22
23
-1
463
2105
3550
16402569
45
29
6
446
2143
3504
16403594
34
19
10
443
2202
3477
16404619
0
3
8
438
2185
3476
16405644
-7
-10
7
444
2175
3460
16406669
-9
-20
7
429
2201
3502
16407694
-22
-24
10
449
2178
3546
16408719
-16
-14
11
435
2130
3529
16401798
-1
-9
18
471
2172
3527
16402823
3
9
14
480
2166
3535
16403848
21
18
6
447
2145
3516
16404873
32
8
3
443
2190
3481
16405898
5
1
6
441
2189
3479
16406923
-14
-7
11
437
2163
3496
16407948
-15
-14
15
441
2172
3512
16408973
-18
-15
17
457
2171
3517
16409998
-12
-7
13
461
2172
3523
16411023
5
0
4
468
2174
3533
16412048
5
4
-2
457
2188
3518
16413073
-4
8
-2
455
2142
3506
16414098
-1
6
5
441
2129
3505
16415123
8
-2
11
457
2167
3496
16416148
5
-2
13
453
2183
3511
16417173
-1
-2
10
457
2201
3508
16409728
-18
-2
5
456
2174
3504
16410753
-18
0
2
447
2111
3515
16411778
10
-7
6
458
2162
3518
16412803
7
-4
9
461
2151
3514
16413828
14
2
9
448
2178
3500
16414853
11
9
5
454
2199
3504
16415878
16
13
-1
435
2178
3514
16416903
18
8
-4
441
2184
3509
16417928
-8
2
1
437
2171
3499
16418953
-22
-5
10
449
2144
3500
16419978
-9
-9
8
464
2181
3512
16421003
-13
-6
3
453
2173
3508
16422028
-10
-3
3
450
2160
3526
16423053
5
1
3
434
2152
3517
16424078
4
-6
3
465
2173
3497
16425103
-13
-6
5
452
2151
3490
16417920
-3
-8
2
448
2169
3503
16418945
2
-4
-2
435
2173
3524
16419970
-3
-6
1
448
2175
3508
16420995
-18
-7
5
448
2156
3506
16422020
-13
-12
3
463
2161
3498
16423045
-11
-10
-2
441
2167
3504
16424070
-8
-9
-3
452
2153
3506
16425095
-4
-5
0
434
2160
3521
16426120
-6
-8
4
449
2177
3510
16427145
-23
-9
5
443
2136
3495
16428170
-3
-12
8
444
2178
3513
16429195
-4
-13
5
457
2174
3495
16430220
-20
-11
7
446
2146
3523
16431245
-7
-10
9
448
2164
3530
16432270
-5
-9
5
456
2158
3503
16433295
-6
-10
7
452
2167
3506
16426112
-12
-11
6
455
2170
3518
16427137
-9
-10
1
462
2158
3517
16428162
-5
-7
0
461
2167
3510
16429187
-12
-4
0
456
2157
3524
16430212
-11
-3
2
445
2131
3522
16431237
3
-6
5
450
2133
3506
16432262
13
-5
7
448
2170
3507
16433287
0
-6
8
457
2195
3517
16434312
-15
-8
4
459
2172
3514
16435337
-12
-7
-3
456
2144
3514
16436362
0
-6
-2
462
2131
3518
16437387
10
-5
3
451
2138
3511
16438412
17
-5
7
438
2164
3511
16439437
10
-5
8
455
2193
3509
16440462
0
0
6
455
2165
3506
16441487
3
1
4
457
2155
3503
16434304
0
-4
5
455
2164
3510
16435329
-10
-8
6
459
2155
3515
16436354
-14
-7
5
466
2149
3517
16437379
-6
-4
4
457
2153
3522
16438404
2
0
4
452
2145
3501
16439429
17
7
2
458
2129
3523
16440454
62
17
-19
474
2175
3516
16441479
70
30
-22
446
2205
3541
16442504
58
27
-26
452
2160
3522
16443529
48
19
-17
407
2149
3477
16444554
30
-2
-3
419
2150
3528
16445579
70
-28
-6
383
2167
3636
16446604
158
-74
-43
441
2332
3491
16447629
105
-80
-54
528
2258
3506
16448654
65
15
-130
608
2205
3329
16449679
49
67
-72
193
2002
3490
16442497
96
-13
-17
531
2363
3387
16443522
-53
18
9
354
2103
3312
16444547
-47
-17
38
446
2211
3430
16445572
-46
-14
48
465
2245
3526
16446597
-35
23
31
483
2183
3570
16447622
15
62
9
472
2198
3543
16448647
3
88
9
398
2180
3394
16449672
-55
47
43
299
2215
3390
16450697
-95
-22
63
407
2314
3449
16451722
-136
-45
37
420
2239
3536
16452747
-71
-62
-2
465
2197
3667
16453772
53
-54
-37
453
2147
3674
16454797
154
-73
-54
435
2213
3558
16455822
156
-61
-64
572
2210
3563
16456847
87
25
-117
398
2203
3132
16457872
-28
-19
13
224
2122
3366
16450689
-67
-79
49
555
2322
3351
16451714
-152
-44
44
408
2095
3367
16452739
-92
-41
48
499
2242
3584
16453764
-19
33
20
527
2246
3717
16454789
-7
110
-11
398
2129
3469
16455814
-42
73
51
320
2085
3381
16456839
-53
-8
82
445
2292
3440
16457864
-84
-34
55
432
2236
3465
16458889
-72
-49
22
457
2246
3508
16459914
-83
-37
1
490
2194
3538
16460939
-65
-8
-3
456
2100
3552
16461964
-15
10
3
455
2089
3576
16462989
14
21
11
441
2110
3529
16464014
22
28
20
453
2167
3491
16465039
14
33
15
457
2218
3493
16466064
2
35
4
439
2194
3497
16458879
-1
25
1
413
2175
3489
16459904
-20
7
8
407
2171
3506
16460929
-38
-7
23
424
2144
3510
16461954
-29
-10
29
452
2168
3520
16462979
-14
-2
23
460
2184
3552
16464004
1
5
10
452
2146
3549
16465029
6
6
4
421
2137
3519
16466054
6
-2
14
430
2157
3478
16467079
-11
-9
23
430
2159
3494
16468104
-23
-14
20
463
2163
3527
16469129
-10
-7
11
448
2138
3525
16470154
15
-1
3
431
2178
3510
16471179
8
-2
2
432
2172
3513
16472204
-10
-7
8
450
2132
3509
16473229
-10
-13
14
442
2152
3496
16474254
-15
-17
12
453
2165
3513
16467072
-14
-11
9
453
2149
3534
16468097
3
-2
6
448
2152
3526
16469122
11
-1
5
454
2159
3526
16470147
13
-3
4
441
2152
3504
16471172
7
-13
7
426
2179
3479
16472197
-19
-20
13
444
2174
3507
16473222
-31
-20
13
450
2162
3528
16474247
-25
-17
5
476
2156
3528
16475272
-9
-5
-1
448
2136
3543
16476297
2
-3
-3
467
2152
3517
16477322
-2
7
3
440
2081
3513
16478347
37
3
14
435
2166
3519
16479372
28
2
10
453
2222
3499
16480397
-8
4
8
438
2140
3505
16481422
-1
-10
8
451
2182
3508
16482447
-8
-12
4
445
2161
3512
16475265
-18
-13
7
445
2147
3516
16476290
-13
-14
9
454
2152
3527
16477315
-18
-9
6
466
2141
3525
16478340
-6
-7
2
459
2149
3515
16479365
-5
-3
0
459
2165
3514
16480390
-12
-1
-1
444
2158
3518
16481415
-10
-4
-3
445
2151
3520
16482440
-1
-7
-7
451
2161
3507
16483465
-9
-4
-3
434
2138
3515
16484490
-5
-7
6
450
2155
3529
16485515
-10
-7
3
460
2151
3520
16486540
-4
-4
-1
461
2159
3524
16487565
-2
-5
-5
457
2174
3529
16488590
-14
-7
-5
447
2125
3511
16489615
-12
-8
0
452
2123
3528
16490640
7
-7
1
454
2159
3522
16483456
3
-6
-3
450
2175
3512
16484481
-11
-3
-3
455
2139
3513
16485506
-3
-8
-1
440
2155
3515
16486531
-19
-8
3
457
2151
3525
16487556
-15
-1
8
442
2097
3534
16488581
21
-8
6
445
2185
3516
16489606
-5
-10
3
452
2190
3509
16490631
-26
-4
3
453
2111
3513
16491656
1
-6
3
454
2132
3531
16492681
7
-8
3
443
2158
3525
16493706
-9
-8
4
447
2156
3522
16494731
-7
-3
7
451
2131
3521
16495756
8
-1
7
444
2152
3532
16496781
0
-3
5
450
2157
3507
16497806
-13
-5
5
456
2151
3521
16498831
-8
-3
2
455
2120
3527
16491648
8
-5
0
439
2150
3531
16492673
5
-7
-1
452
2147
3515
16493698
2
0
10
431
2125
3514
16494723
15
-1
14
444
2158
3521
16495748
12
-2
8
454
2183
3513
16496773
-5
0
5
458
2153
3512
16497798
-3
-3
8
453
2151
3513
16498823
-11
-9
8
451
2148
3514
16499848
-15
-8
10
453
2129
3531
16500873
1
-8
6
457
2169
3528
16501898
-6
-4
2
452
2157
3519
16502923
-6
-2
3
445
2125
3522
16503948
3
-3
6
444
2148
3514
16504973
-5
-9
10
446
2152
3520
16505998
-10
-8
11
458
2145
3531
16507023
0
-5
8
460
2147
3528
16499841
9
-2
5
452
2145
3520
16500866
6
-4
6
456
2159
3520
16501891
4
-6
6
461
2154
3539
16502916
10
-8
1
452
2157
3518
16503941
8
-16
-4
457
2176
3542
16504966
12
-16
-11
433
2135
3628
16505991
93
-37
-19
425
2076
3632
16507016
176
-77
-39
434
2326
3459
16508041
56
-98
-38
468
2232
3389
16509066
-18
-93
-30
543
2117
3616
16510091
30
-22
-92
556
2132
3401
16511116
53
-5
-34
315
2113
3417
16512141
9
-49
8
539
2244
3326
16513166
-70
-16
36
447
2112
3442
16514191
-38
-2
40
527
2182
3552
16515216
-7
52
31
506
2161
3616
16508032
17
100
4
504
2153
3514
16509057
-23
98
19
337
2112
3368
16510082
-66
13
63
405
2229
3422
16511107
-112
-34
58
423
2239
3486
16512132
-124
-61
29
448
2218
3613
16513157
-38
-76
-23
438
2175
3802
16514182
120
-101
-62
518
2143
3686
16515207
161
-89
-73
576
2195
3432
16516232
38
0
-113
581
2148
3261
16517257
-40
30
-20
228
1935
3424
16518282
21
-41
39
540
2270
3450
16519307
-34
0
34
461
2155
3410
16520332
-45
-1
37
527
2210
3466
16521357
-69
34
36
552
2127
3597
16522382
10
105
-3
540
2154
3577
16523407
7
150
-7
337
2108
3416
16516224
-44
81
37
384
2201
3492
16517249
-80
39
49
452
2183
3519
16518274
-73
15
32
435
2179
3493
16519299
-68
-1
24
469
2200
3573
16520324
-67
4
17
448
2119
3582
16521349
-41
-5
14
424
2117
3539
16522374
-32
-11
27
417
2126
3552
16523399
-29
-21
39
435
2118
3512
16524424
-32
-32
40
449
2185
3489
16525449
-72
-32
35
485
2171
3523
16526474
-78
-24
21
478
2109
3564
16527499
-35
-15
6
470
2075
3565
16528524
7
-5
1
467
2098
3560
16529549
18
10
5
456
2088
3564
16530574
26
10
11
447
2088
3512
16531599
21
5
15
471
2149
3520
16524416
12
5
14
468
2154
3535
16525441
9
3
6
452
2136
3534
16526466
-1
-6
6
444
2125
3535
16527491
-8
-12
12
457
2109
3540
16528516
-5
-14
15
464
2114
3528
16529541
-1
-11
13
468
2121
3531
16530566
4
-5
8
472
2134
3544
16531591
3
0
3
473
2132
3560
16532616
2
5
1
464
2104
3550
16533641
13
5
6
458
2097
3529
16534666
13
-1
10
455
2142
3517
16535691
-4
-3
13
448
2149
3530
16536716
-11
-9
9
458
2142
3535
16537741
-11
-10
-1
474
2124
3531
16538766
-7
-7
-3
469
2097
3528
16539791
3
-7
0
468
2118
3547
16532608
8
-4
2
455
2112
3548
16533633
16
-2
6
452
2125
3531
16534658
12
1
6
460
2138
3530
16535683
3
-2
6
468
2154
3532
16536708
-6
-2
5
465
2130
3535
16537733
-9
-8
0
483
2129
3538
16538758
-17
-8
-3
471
2102
3544
16539783
-8
-10
-3
462
2105
3551
16540808
-1
-7
0
460
2100
3527
16541833
10
-2
10
449
2123
3531
16542858
24
-7
5
472
2163
3528
16543883
3
-4
-1
465
2145
3516
16544908
-11
-10
-1
456
2146
3532
16545933
-17
-13
-3
462
2110
3518
16546958
-11
-10
4
452
2082
3529
16547983
9
-9
10
462
2130
3544
16540952
5
-9
6
480
2143
3542
16541977
-3
-2
1
468
2125
3548
16543002
7
-3
-4
469
2144
3523
16544027
-12
-7
-2
456
2131
3517
16545052
-27
-15
2
445
2103
3528
16546077
-20
-20
7
459
2098
3521
16547102
-7
-16
10
466
2117
3554
16548127
2
-9
7
484
2140
3549
16549152
-1
0
3
478
2119
3549
16550177
7
2
1
466
2121
3539
16551202
0
-1
1
457
2108
3522
16552227
-3
-7
7
457
2107
3517
16553252
0
-12
7
475
2140
3530
16554277
-3
-11
3
470
2134
3542
16555302
-4
-12
1
464
2130
3542
16556327
-10
-14
3
468
2114
3525
16548993
-10
-10
9
476
2105
3535
16550018
2
-3
8
482
2117
3536
16551043
12
3
2
468
2127
3535
16552068
7
2
0
463
2129
3533
16553093
-5
-1
4
465
2107
3536
16554118
3
-5
8
462
2122
3548
16555143
8
-7
7
481
2118
3526
16556168
9
-5
10
465
2117
3526
16557193
10
-6
10
464
2150
3532
16558218
6
-4
8
456
2136
3535
16559243
-4
-7
8
471
2127
3524
16560268
-5
-8
12
462
2118
3545
16561293
-2
-13
7
492
2139
3531
16562318
-13
-7
7
486
2113
3534
16563343
-5
-3
3
476
2120
3548
16564368
-3
-3
0
478
2131
3536
16557184
-3
0
2
463
2100
3525
16558209
4
-1
7
462
2123
3536
16559234
6
-4
7
473
2137
3519
16560259
-9
-4
6
466
2129
3531
16561284
-5
-5
4
469
2122
3539
16562309
1
-5
1
473
2112
3530
16563334
5
-5
2
458
2121
3535
16564359
-2
-7
6
471
2133
3527
16565384
-6
-7
11
480
2124
3539
16566409
5
-6
6
486
2151
3541
16567434
-3
0
1
482
2134
3530
16568459
-6
3
1
464
2105
3538
16569484
2
-1
0
468
2113
3529
16570509
1
-1
3
464
2112
3529
16571534
5
-3
6
462
2122
3522
16572559
3
-6
7
468
2138
3525
16565377
1
-7
4
471
2134
3526
16566402
0
-4
2
470
2126
3529
16567427
5
-5
2
467
2108
3539
16568452
9
-8
0
472
2136
3542
16569477
-4
-5
4
474
2132
3527
16570502
-6
-5
4
472
2134
3530
16571527
0
-5
1
479
2136
3530
16572552
0
-2
0
471
2120
3532
16573577
5
-3
1
459
2118
3526
16574602
4
-6
2
458
2132
3560
16575627
28
-17
-11
476
2117
3658
16576652
140
-32
-39
491
2086
3640
16577677
222
-43
-58
489
2160
3545
16578702
220
-52
-79
462
2262
3433
16579727
172
-42
-82
578
2204
3459
16580752
66
24
-117
321
2168
3295
16573568
13
-29
2
402
2201
3462
16574593
-59
-42
15
488
2175
3320
16575618
-89
-38
40
485
2165
3477
16576643
-63
-5
26
556
2214
3581
16577668
-40
49
20
489
2101
3537
16578693
1
73
14
510
2167
3528
16579718
-42
101
14
391
2119
3394
16580743
-81
50
51
374
2178
3464
16581768
-106
-5
51
463
2270
3513
16582793
-111
-16
29
453
2193
3527
16583818
-75
-20
4
489
2178
3557
16584843
-49
-1
-8
444
2109
3609
16585868
19
-3
-24
442
2028
3742
16586893
196
-37
-49
421
2079
3728
16587918
326
-91
-69
559
2334
3458
16588943
215
-37
-108
662
2311
3466
16581761
37
38
-152
211
2064
3164
16582786
18
-59
5
387
2216
3399
16583811
-67
-60
16
455
2205
3326
16584836
-101
-64
51
437
2136
3386
16585861
-95
-41
56
547
2258
3566
16586886
-89
38
46
563
2096
3583
16587911
-9
110
28
491
2077
3590
16588936
64
149
-3
491
2291
3465
16589961
-38
158
18
289
2128
3417
16590986
-82
57
59
396
2223
3457
16592011
-130
2
62
421
2221
3465
16593036
-139
-30
52
439
2211
3527
16594061
-122
-32
38
481
2196
3606
16595086
-89
-9
17
461
2103
3623
16596111
-31
0
4
450
2105
3568
16597136
-5
9
11
433
2082
3556
16589952
16
9
24
444
2093
3545
16590977
31
1
24
460
2153
3495
16592002
10
-9
19
449
2192
3480
16593027
-27
-21
10
448
2173
3526
16594052
-36
-26
6
435
2122
3527
16595077
-18
-24
10
442
2105
3543
16596102
-2
-14
17
455
2126
3550
16597127
8
-4
20
448
2124
3528
16598152
16
-3
18
465
2167
3525
16599177
6
-3
10
460
2152
3525
16600202
-6
-8
6
467
2130
3511
16601227
-15
-9
9
448
2109
3512
16602252
-12
-12
13
456
2138
3541
16603277
-6
-4
10
453
2114
3561
16604302
11
-7
4
473
2157
3522
16605327
-3
-5
5
448
2138
3528
16598146
-15
-15
7
455
2137
3511
16599171
-25
-15
13
454
2120
3520
16600196
-11
-15
14
457
2136
3537
16601221
-1
-14
8
462
2137
3528
16602246
-5
-8
4
463
2126
3541
16603271
4
-4
4
455
2122
3546
16604296
1
-7
6
462
2144
3521
16605321
-15
-2
10
471
2106
3544
16606346
8
-5
5
469
2141
3533
16607371
6
-9
-2
470
2168
3502
16608396
-19
-6
2
453
2099
3528
16609421
-7
-8
11
463
2091
3537
16610446
11
-7
14
469
2138
3532
16611471
13
-3
10
471
2159
3535
16612496
2
-1
1
465
2171
3528
16613521
-16
-3
-3
465
2139
3535
16606336
-19
-4
-1
444
2093
3532
16607361
-8
-11
4
462
2115
3529
16608386
-9
-9
7
469
2122
3541
16609411
-3
-7
5
477
2145
3545
16610436
-6
-5
-2
480
2153
3532
16611461
-14
0
-3
462
2106
3534
16612486
-2
0
3
458
2084
3531
16613511
13
-2
7
449
2139
3519
16614536
4
-4
8
462
2148
3526
16615561
-6
-8
6
468
2145
3530
16616586
-12
-8
2
464
2127
3541
16617611
-9
-11
-3
470
2120
3516
16618636
-7
-7
1
468
2094
3537
16619661
15
-7
2
457
2119
3548
16620686
17
-11
1
473
2166
3516
16621711
-11
-5
5
449
2116
3525
16614529
-1
-4
10
466
2133
3535
16615554
10
0
9
452
2124
3531
16616579
10
-3
8
461
2150
3538
16617604
-11
-7
5
476
2142
3520
16618629
-18
-8
5
472
2116
3528
16619654
-7
-7
1
465
2127
3542
16620679
-4
-4
-1
463
2133
3529
16621704
-6
0
3
450
2119
3526
16622729
-2
-3
2
461
2135
3536
16623754
-7
-4
6
463
2114
3530
16624779
-3
-6
9
472
2123
3525
16625804
-4
-1
7
470
2122
3538
16626829
4
2
4
468
2115
3539
16627854
14
2
1
452
2135
3529
16628879
3
-3
2
447
2142
3529
16629904
-9
-7
7
460
2118
3529
16622720
-3
-7
7
463
2126
3529
16623745
3
-8
2
467
2149
3535
16624770
-8
-4
-2
473
2135
3528
16625795
-4
2
-3
466
2117
3538
16626820
10
5
-3
457
2118
3543
16627845
12
2
2
456
2120
3535
16628870
7
-2
6
454
2127
3531
16629895
2
-9
7
463
2148
3527
16630920
-7
-10
7
461
2133
3525
16631945
-4
-13
5
463
2135
3528
16632970
-3
-11
3
474
2127
3533
16633995
-4
-6
3
474
2125
3543
16635020
0
-3
2
468
2126
3546
16636045
1
-3
0
465
2129
3539
16637070
0
0
0
462
2116
3541
16638095
11
-2
-1
458
2129
3534
16630912
14
-6
-4
445
2141
3530
16631937
20
-16
-6
455
2131
3614
16632962
92
-30
-20
438
2089
3657
16633987
189
-69
-33
447
2207
3508
16635012
121
-86
-42
494
2296
3395
16636037
4
-51
-52
522
2091
3493
16637062
62
-1
-70
559
2119
3454
16638087
39
31
-55
313
2076
3411
16639112
34
-7
12
507
2238
3492
16640137
-35
26
22
426
2105
3413
16641162
-21
13
37
499
2205
3524
16642187
-3
44
16
510
2240
3552
16643212
-32
76
-7
464
2156
3433
16644237
-73
72
19
373
2121
3475
16645262
-98
28
35
423
2168
3510
16646287
-100
-1
43
419
2144
3533
16639104
-54
-19
32
450
2182
3594
16640129
-20
-17
4
467
2185
3662
16641154
56
-31
-36
430
2095
3790
16642179
226
-84
-59
467
2191
3638
16643204
243
-98
-57
508
2206
3419
16644229
119
-48
-128
577
2332
3223
16645254
-58
-9
-78
168
1922
3357
16646279
12
-80
5
552
2320
3419
16647304
-75
-30
-1
407
2158
3391
16648329
-60
-21
10
512
2183
3552
16649354
-42
27
21
505
2126
3516
16650379
-21
70
37
521
2072
3523
16651404
33
108
33
507
2074
3561
16652429
120
132
9
445
2227
3572
16653454
85
139
-21
404
2322
3366
16654479
-53
104
24
272
2142
3412
16647297
-85
13
56
403
2242
3443
16648322
-111
-21
49
398
2255
3484
16649347
-123
-31
46
425
2205
3560
16650372
-97
-22
35
451
2169
3601
16651397
-68
-6
26
458
2112
3574
16652422
-33
6
25
443
2089
3551
16653447
-6
14
30
451
2127
3538
16654472
-1
19
23
440
2147
3527
16655497
6
13
13
443
2166
3517
16656522
12
11
6
411
2171
3506
16657547
4
-4
9
396
2157
3508
16658572
-17
-21
19
407
2158
3519
16659597
-24
-31
26
427
2155
3516
16660622
-31
-31
25
449
2159
3512
16661647
-35
-22
18
465
2149
3558
16662672
-12
-5
7
458
2100
3570
16655488
21
4
2
451
2118
3531
16656513
22
3
7
442
2127
3510
16657538
17
-5
11
425
2155
3512
16658563
8
-10
14
414
2183
3509
16659588
-12
-11
19
431
2182
3505
16660613
-26
-11
18
438
2148
3511
16661638
-18
-11
14
466
2138
3548
16662663
-8
-5
7
452
2134
3555
16663688
-11
-7
4
455
2140
3519
16664713
-15
-9
8
442
2113
3537
16665738
-2
-14
9
447
2133
3514
16666763
-2
-10
13
441
2141
3527
16667788
9
-7
12
428
2166
3543
16668813
9
-8
7
444
2166
3513
16669838
-12
-10
8
449
2115
3518
16670863
-3
-14
14
449
2144
3542
16663679
2
-15
10
458
2147
3522
16664704
-2
-13
8
438
2162
3518
16665729
-16
-17
5
456
2155
3531
16666754
-25
-13
5
447
2141
3535
16667779
-16
-10
3
459
2134
3535
16668804
-3
-2
2
456
2111
3535
16669829
15
1
5
444
2123
3524
16670854
16
-5
6
445
2176
3524
16671879
-5
-11
3
445
2158
3520
16672904
-20
-18
5
449
2149
3513
16673929
-31
-16
8
451
2111
3513
16674954
-19
-17
7
473
2124
3548
16675979
-7
-10
3
466
2128
3547
16677004
3
-3
1
463
2134
3537
16678029
3
-2
1
452
2157
3516
16679054
-11
-1
2
459
2140
3525
16671872
-7
-4
1
453
2109
3528
16672897
2
-6
1
445
2134
3528
16673922
-2
-7
1
454
2140
3531
16674947
-10
-6
3
453
2141
3526
16675972
-10
-5
5
460
2140
3527
16676997
-9
-3
4
463
2126
3533
16678022
-1
-2
4
449
2116
3532
16679047
3
-3
7
458
2134
3529
16680072
-1
-6
6
459
2147
3519
16681097
-4
-10
-1
463
2146
3524
16682122
-5
-8
-4
468
2113
3530
16683147
8
-4
4
440
2104
3532
16684172
16
-2
12
450
2131
3533
16685197
19
-1
11
453
2160
3526
16686222
9
-2
4
468
2171
3513
16687247
-13
1
5
451
2125
3534
16680106
-6
-5
5
446
2134
3535
16681131
-12
-10
5
458
2131
3526
16682156
-7
-5
7
459
2110
3534
16683181
12
-3
6
459
2146
3538
16684206
6
-2
3
462
2155
3525
16685231
-9
-1
6
447
2124
3521
16686256
-2
-4
8
456
2128
3525
16687281
4
-4
9
450
2111
3521
16688306
10
-5
9
465
2141
3532
16689331
5
-3
6
461
2158
3530
16690356
-1
0
5
444
2129
3527
16691381
5
-3
3
445
2138
3524
16692406
-1
-6
3
458
2143
3522
16693431
-8
-7
5
457
2125
3534
16694456
-3
-6
6
463
2142
3527
16695481
-1
-2
2
458
2136
3544
16688255
4
-3
0
461
2139
3539
16689280
2
-5
1
449
2130
3515
16690305
4
-11
3
455
2139
3516
16691330
2
-12
4
455
2150
3529
16692355
-3
-13
2
455
2139
3543
16693380
-4
-13
2
455
2117
3534
16694405
8
-13
4
458
2137
3525
16695430
9
-17
2
459
2167
3545
16696455
12
-20
-4
474
2135
3557
16697480
44
-25
-11
464
2130
3568
16698505
86
-33
-22
468
2169
3563
16699530
93
-39
-29
441
2161
3520
16700555
90
-57
-29
444
2221
3494
16701580
57
-52
-26
487
2147
3505
16702605
82
-28
-34
517
2106
3570
16703630
94
10
-79
474
2239
3318
16696449
-5
-2
-21
364
2183
3436
16697474
-49
-23
6
519
2182
3426
16698499
-65
-4
16
460
2101
3440
16699524
-36
10
21
493
2196
3543
16700549
-9
39
13
494
2205
3593
16701574
-23
84
-6
452
2120
3460
16702599
-43
80
36
346
2109
3463
16703624
-53
22
50
457
2251
3495
16704649
-77
0
31
428
2202
3531
16705674
-51
-27
2
454
2209
3608
16706699
7
-39
-40
453
2129
3767
16707724
152
-74
-62
424
2130
3678
16708749
242
-112
-74
517
2218
3530
16709774
145
-42
-169
633
2373
3165
16710799
-49
14
-82
125
1867
3358
16711824
29
-82
13
572
2318
3396
16704640
-72
-36
31
385
2110
3333
16705665
-69
-48
56
516
2227
3545
16706690
-60
6
55
519
2171
3561
16707715
-31
55
52
500
2091
3557
16708740
30
81
48
486
2132
3603
16709765
60
104
18
502
2228
3429
16710790
-23
114
27
312
2156
3371
16711815
-66
41
52
395
2284
3472
16712840
-109
0
36
434
2245
3473
16713865
-113
-11
28
450
2176
3537
16714890
-92
-3
21
460
2152
3586
16715915
-56
15
17
457
2116
3600
16716940
-15
28
11
456
2120
3560
16717965
-5
39
14
451
2113
3525
16718990
3
32
13
431
2137
3519
16720015
7
9
13
435
2174
3480
16712831
-10
-9
11
406
2206
3500
16713856
-30
-18
12
455
2180
3549
16714881
-29
-9
6
447
2132
3542
16715906
-10
-5
4
442
2125
3523
16716931
6
-2
6
439
2141
3529
16717956
3
6
10
457
2129
3526
16718981
10
11
13
441
2115
3538
16720006
26
3
12
451
2168
3513
16721031
4
-3
11
435
2169
3497
16722056
-12
-13
10
428
2153
3525
16723081
-15
-20
8
443
2154
3505
16724106
-16
-19
10
440
2142
3524
16725131
-3
-12
8
455
2146
3548
16726156
5
1
6
442
2128
3549
16727181
22
5
7
431
2129
3518
16728206
18
0
11
448
2168
3512
16721024
-3
-5
9
431
2161
3508
16722049
-17
-13
11
450
2149
3515
16723074
-14
-13
12
456
2139
3539
16724099
-6
-16
4
463
2156
3517
16725124
-22
-15
5
445
2142
3528
16726149
-22
-18
9
453
2143
3540
16727174
-11
-11
11
438
2128
3528
16728199
-4
-13
10
461
2156
3511
16729224
-7
-10
6
457
2160
3541
16730249
-3
-10
1
459
2147
3523
16731274
-13
-6
2
454
2112
3519
16732299
0
-5
4
445
2136
3530
16733324
5
-8
1
445
2170
3525
16734349
-14
-9
1
454
2147
3527
16735374
-11
-8
3
458
2125
3526
16736399
-5
-8
-1
457
2137
3528
16729216
-1
-4
-3
449
2133
3531
16730241
6
-4
2
450
2141
3528
16731266
2
-4
3
448
2144
3521
16732291
-4
-10
4
454
2144
3514
16733316
-6
-10
5
447
2138
3519
16734341
-5
-10
3
451
2148
3518
16735366
-9
-11
4
460
2132
3527
16736391
-1
-7
6
454
2131
3542
16737416
5
-6
4
454
2151
3534
16738441
2
-5
2
465
2150
3517
16739466
-2
-2
0
447
2136
3530
16740491
-3
-4
-2
459
2138
3521
16741516
-4
-5
1
442
2120
3518
16742541
-1
-5
6
454
2145
3533
16743566
-1
-3
8
455
2128
3534
16744591
4
-4
5
452
2151
3517
16737408
-4
-4
1
449
2152
3518
16738433
-9
-4
0
452
2139
3531
16739458
-2
-5
2
442
2142
3533
16740483
-1
-6
3
463
2116
3528
16741508
14
-3
6
436
2111
3525
16742533
22
-7
8
443
2181
3518
16743558
-2
-5
11
451
2158
3519
16744583
0
-4
10
449
2148
3523
16745608
-1
-5
7
462
2154
3522
16746633
-8
-4
6
458
2131
3533
16747658
-4
-6
6
454
2126
3532
16748683
-3
-9
7
461
2142
3527
16749708
-2
-9
7
459
2150
3527
16750733
-2
-6
6
456
2150
3534
16751758
3
-1
7
445
2139
3528
16752783
2
-3
5
459
2161
3527
16745600
-6
-6
4
454
2143
3518
16746625
-5
-8
5
459
2130
3518
16747650
-2
-5
6
460
2134
3543
16748675
3
-5
7
450
2136
3529
16749700
-1
-4
7
470
2149
3529
16750725
3
-4
3
468
2156
3528
16751750
1
-3
-1
457
2145
3521
16752775
-7
-5
0
453
2134
3519
16753800
-12
-7
4
457
2129
3519
16754825
-5
-7
5
464
2141
3522
16755850
-6
-6
4
460
2159
3516
16756875
-10
-2
2
444
2138
3540
16757900
-3
-5
1
455
2147
3543
16758925
-10
-4
3
457
2127
3516
16759950
-6
-7
7
450
2111
3538
16760975
10
-12
4
460
2163
3523
16753895
5
-17
1
453
2156
3525
16754920
-5
-22
2
457
2137
3525
16755945
-10
-22
7
451
2124
3525
16756970
-3
-23
9
461
2144
3519
16757995
-8
-23
9
475
2165
3535
16759020
-17
-16
4
471
2142
3542
16760045
-10
-6
0
467
2136
3533
16761070
-3
0
-2
465
2110
3538
16762095
8
-3
-1
465
2126
3529
16763120
10
-8
-1
470
2156
3524
16764145
4
-10
-4
466
2140
3521
16765170
13
-9
-6
445
2141
3519
16766195
9
-8
0
450
2150
3516
16767220
1
-4
3
451
2123
3526
16768245
12
-5
5
468
2156
3526
16769270
4
-6
3
480
2151
3520
4294952064
-3
-7
0
474
2156
3522
4294953089
-8
-11
-5
470
2157
3513
4294954114
-16
-12
-5
452
2122
3537
4294955139
-2
-15
-3
452
2114
3553
4294956164
26
-16
-5
448
2148
3560
4294957189
63
-25
-12
439
2166
3629
4294958214
105
-54
-23
442
2208
3582
4294959239
90
-88
-41
468
2276
3427
4294960264
-4
-72
-55
623
2183
3484
4294961289
-99
0
-72
362
1923
3328
4294962314
17
-51
9
469
2205
3545
4294963339
-8
-36
4
523
2193
3429
4294964364
-29
-13
22
492
2121
3503
4294965389
-9
8
26
508
2179
3524
4294966414
-9
42
23
515
2134
3568
143
13
82
10
520
2097
3556
4294960256
12
96
17
380
2113
3430
4294961281
-27
38
51
407
2210
3460
4294962306
-62
-9
46
436
2242
3492
4294963331
-79
-37
26
448
2217
3553
4294964356
-66
-45
4
484
2152
3585
4294965381
-22
-29
-9
474
2079
3603
4294966406
55
-25
-20
446
2077
3671
135
151
-56
-25
460
2170
3584
1160
158
-62
-45
615
2218
3546
2185
25
11
-109
435
2102
3182
3210
-4
-29
-3
368
2162
3481
4235
-26
-48
8
538
2238
3423
5260
-70
-20
25
460
2090
3453
6285
-44
5
39
534
2167
3551
7310
-17
48
38
500
2153
3621
8335
18
103
3
583
2152
3579
1152
-2
152
5
360
1987
3415
2177
0
72
37
422
2276
3449
3202
-84
35
36
428
2225
3469
4227
-103
11
35
418
2156
3517
5252
-73
-2
25
462
2198
3580
6277
-59
16
15
463
2147
3593
7302
-43
27
10
470
2085
3582
8327
-10
27
13
454
2090
3566
9352
6
16
20
450
2119
3534
10377
-6
-6
27
443
2133
3515
11402
-11
-31
36
431
2151
3540
12427
-20
-54
41
420
2153
3479
13452
-59
-71
42
444
2151
3463
14477
-78
-68
31
492
2159
3550
15502
-54
-30
12
517
2094
3616
16527
8
19
-4
522
2065
3619
9344
58
50
-6
492
2064
3575
10369
69
54
5
462
2085
3508
11394
55
39
23
427
2114
3490
12419
36
15
30
429
2169
3482
13444
6
-1
27
433
2194
3517
14469
-8
-13
13
452
2201
3538
15494
-42
-18
7
459
2169
3527
16519
-61
-13
11
449
2091
3557
17544
-23
-9
13
450
2053
3540
18569
0
-8
16
451
2110
3532
19594
-9
-8
20
490
2121
3542
20619
-12
6
26
475
2075
3552
21644
14
4
27
467
2136
3551
22669
13
1
21
445
2146
3531
23694
-7
0
21
455
2095
3502
24719
-10
-8
34
464
2117
3537
17536
-5
-9
40
495
2145
3547
18561
-6
0
35
463
2128
3519
19586
-14
-2
35
488
2145
3571
20611
1
-4
31
498
2125
3540
21636
-14
2
27
481
2077
3530
22661
-9
2
34
481
2082
3538
23686
10
1
33
467
2116
3534
24711
-2
-3
26
484
2136
3543
25736
-9
1
20
471
2109
3562
26761
0
-2
10
487
2110
3539
27786
4
1
6
482
2094
3541
28811
17
3
9
466
2104
3538
29836
22
3
15
459
2109
3543
30861
14
-4
17
464
2134
3533
31886
-8
-9
16
476
2141
3545
32911
-24
-8
11
492
2112
3543
25727
-13
-6
5
489
2117
3538
26752
-11
-4
4
493
2108
3542
27777
-7
-1
7
486
2087
3550
28802
13
3
11
476
2094
3555
29827
17
0
8
497
2135
3530
30852
3
4
5
468
2127
3542
31877
4
-2
-1
488
2115
3527
32902
2
0
2
478
2098
3535
33927
2
-2
10
488
2121
3538
34952
-5
2
11
489
2098
3539
35977
7
3
9
483
2130
3541
37002
1
3
6
482
2148
3536
38027
-9
7
6
467
2062
3527
39052
8
4
18
472
2079
3528
40077
14
2
21
464
2136
3571
41102
8
-3
7
490
2161
3530
33921
-14
1
4
468
2087
3534
34946
15
-9
2
474
2123
3535
35971
6
-5
5
466
2094
3534
36996
11
-6
10
469
2112
3553
38021
22
-11
1
468
2152
3549
39046
2
-16
-13
487
2162
3531
40071
-21
-16
-14
480
2120
3535
41096
-25
-14
-15
481
2102
3534
42121
-20
-11
-12
478
2086
3544
43146
3
-4
-12
471
2108
3556
44171
11
-2
-13
473
2123
3532
45196
1
-2
-7
471
2121
3513
46221
-10
-5
2
466
2121
3529
47246
-13
-10
6
468
2123
3544
48271
-14
-13
7
487
2122
3560
49296
-12
-10
0
509
2138
3548
42112
-14
1
-8
502
2099
3567
43137
1
9
-10
491
2071
3553
44162
21
12
-5
478
2082
3539
45187
35
11
-1
461
2115
3528
46212
27
7
-2
471
2148
3524
47237
7
5
-1
455
2132
3521
48262
3
-1
0
457
2145
3533
49287
-5
-3
-1
470
2126
3525
50312
3
0
-3
458
2117
3547
51337
18
-6
-6
452
2122
3535
52362
9
-9
0
451
2102
3513
53387
12
-17
8
463
2126
3510
54412
7
-24
7
474
2151
3524
55437
0
-24
2
478
2145
3527
56462
4
-20
-5
460
2139
3543
57487
0
-22
-11
459
2147
3573
50305
20
-33
-20
454
2078
3649
51330
133
-63
-30
435
2101
3620
52355
177
-98
-30
469
2240
3473
53380
90
-108
-30
509
2229
3373
54405
19
-97
-47
548
2153
3521
55430
22
-37
-104
613
2215
3449
56455
12
12
-43
364
2008
3556
57480
57
-11
-13
546
2185
3434
58505
-3
3
20
446
2138
3364
59530
-30
-6
38
529
2206
3504
60555
-38
24
26
524
2130
3486
61580
-8
50
17
474
2183
3529
62605
-9
66
-4
520
2264
3509
63630
-86
93
18
361
2056
3463
64655
-85
27
55
415
2148
3530
65680
-76
-13
51
470
2187
3529
58496
-51
-32
27
489
2190
3560
59521
-23
-32
2
486
2173
3556
60546
-13
-31
-14
451
2116
3628
61571
58
-65
-26
453
2114
3733
62596
188
-107
-45
521
2116
3619
63621
244
-88
-57
602
2210
3527
64646
45
-29
-163
494
2247
3019
65671
-40
-48
-13
304
2112
3487
66696
-39
-67
-21
616
2259
3426
67721
-62
-19
0
421
2017
3402
68746
-6
-18
24
548
2199
3536
69771
-10
47
31
524
2110
3521
70796
22
90
35
535
2080
3538
71821
73
115
32
511
2179
3552
72846
60
136
4
556
2250
3496
73871
-15
172
-7
350
2131
3408
66688
-32
94
39
346
2221
3451
67713
-90
27
41
447
2304
3472
68738
-143
8
35
410
2212
3503
69763
-130
-13
27
467
2207
3610
70788
-94
-6
12
478
2128
3608
71813
-41
2
5
445
2070
3538
72838
-11
2
10
463
2112
3550
73863
-1
11
11
454
2101
3559
74888
19
6
6
445
2136
3526
75913
12
1
4
445
2182
3515
76938
-9
-7
3
445
2165
3518
77963
-13
-16
3
435
2157
3517
78988
-19
-23
4
455
2175
3518
80013
-38
-17
6
455
2118
3536
81038
-26
-13
6
459
2114
3541
82063
-15
-7
6
464
2115
3543
74880
2
-1
8
458
2122
3537
75905
7
-3
8
450
2146
3524
76930
-3
-6
8
447
2130
3519
77955
-6
-13
9
450
2158
3516
78980
-16
-11
9
455
2131
3541
80005
-10
-10
6
457
2139
3531
81030
-9
-8
8
460
2117
3519
82055
2
-10
9
453
2131
3544
83080
1
-18
9
454
2152
3528
84105
-15
-21
11
461
2118
3523
85130
-5
-28
15
462
2137
3535
86155
-12
-29
10
468
2161
3518
87180
-29
-26
6
490
2123
3519
88205
-22
-16
10
477
2117
3563
89230
4
-5
5
471
2115
3542
90255
15
2
7
461
2123
3523
83072
17
3
11
461
2145
3533
84097
10
-3
7
459
2162
3505
85122
-19
-9
5
466
2137
3518
86147
-19
-12
9
472
2116
3538
87172
-8
-14
9
477
2135
3529
88197
-21
-9
10
483
2126
3536
89222
-16
1
11
471
2099
3543
90247
16
0
7
478
2143
3544
91272
12
3
4
468
2144
3520
92297
-4
-1
4
466
2129
3519
93322
-7
-5
3
456
2108
3539
94347
3
-10
5
459
2130
3527
95372
-7
-11
9
464
2131
3528
96397
-13
-12
9
480
2144
3533
97422
-13
-8
4
484
2132
3532
98447
-8
-7
0
483
2127
3542
91264
-10
0
-1
472
2096
3544
92289
7
-3
1
456
2112
3532
93314
-1
-7
4
472
2146
3515
94339
-14
-5
8
472
2114
3542
95364
15
-7
3
458
2137
3544
96389
4
-13
-2
468
2168
3514
97414
-28
-9
3
469
2096
3527
98439
-10
-10
8
479
2116
3543
99464
0
-12
3
483
2143
3535
100489
-7
-6
0
481
2112
3532
101514
2
-2
6
477
2120
3535
102539
8
-1
5
463
2141
3540
103564
-5
-3
1
470
2125
3505
104589
-12
-6
9
464
2112
3519
105614
-3
-11
10
476
2142
3537
106639
-5
-10
6
478
2140
3534
99456
-8
-6
-3
490
2125
3538
100481
7
-2
-6
476
2106
3544
101506
21
-7
-8
468
2123
3524
102531
0
-5
3
454
2111
3530
103556
-2
-6
15
457
2119
3539
104581
8
-4
15
485
2158
3530
105606
4
3
8
481
2146
3534
106631
-3
0
1
474
2139
3529
107656
-16
-3
0
478
2120
3521
108681
-20
-4
5
476
2082
3529
109706
0
-8
6
479
2125
3544
110731
3
-6
5
480
2138
3551
111756
-1
-3
2
476
2126
3533
112781
4
-1
2
470
2125
3533
113806
1
-3
1
476
2132
3522
114831
-7
-2
3
468
2118
3524
107648
0
-5
5
474
2117
3538
108673
1
-4
7
470
2130
3531
109698
0
-1
6
467
2127
3530
110723
3
-2
3
480
2122
3533
111748
2
-3
2
477
2136
3534
112773
-4
-4
1
466
2116
3526
113798
-4
-8
1
474
2128
3533
114823
-5
-8
3
471
2123
3534
115848
-3
-8
4
478
2111
3534
116873
2
-4
5
469
2118
3546
117898
4
-2
7
464
2120
3538
118923
4
-5
9
473
2123
3533
119948
9
-9
3
477
2151
3579
120973
39
-19
-24
439
2091
3687
121998
177
-64
-44
466
2135
3686
123023
239
-98
-57
450
2297
3369
115839
66
-115
-51
486
2243
3351
116864
-34
-61
-76
660
2093
3593
117889
15
32
-87
352
1910
3483
118914
127
-14
-24
543
2335
3383
119939
-30
9
7
455
2151
3331
120964
-59
1
36
506
2152
3481
121989
-21
22
36
504
2180
3540
123014
5
59
29
486
2145
3571
124039
12
83
15
516
2167
3532
125064
-35
102
16
389
2085
3435
126089
-47
48
55
370
2175
3470
127114
-64
-6
57
451
2288
3483
128139
-94
-22
43
432
2230
3535
129164
-76
-38
4
454
2159
3710
130189
72
-72
-56
449
2095
3856
131214
276
-127
-87
547
2215
3636
124032
258
-49
-156
772
2303
3455
125057
16
32
-159
85
1862
3026
126082
29
-139
21
525
2445
3309
127107
-179
-101
28
435
2153
3304
128132
-168
-102
70
500
2094
3485
129157
-102
-43
67
580
2197
3625
130182
-51
47
68
558
2029
3606
131207
26
105
62
540
2040
3598
132232
80
135
41
524
2128
3540
133257
75
159
-11
488
2318
3371
134282
-34
156
2
308
2260
3358
135307
-123
72
31
402
2294
3479
136332
-203
28
38
440
2156
3532
137357
-168
6
39
440
2101
3612
138382
-96
-7
36
462
2108
3625
139407
-61
-7
32
460
2105
3578
132224
-39
-6
37
450
2063
3542
133249
-6
-8
40
458
2124
3518
134274
-6
-7
27
476
2142
3533
135299
-2
-2
9
471
2131
3570
136324
12
0
-3
463
2123
3549
137349
11
-1
-1
449
2117
3518
138374
1
-8
10
432
2128
3536
139399
-5
-13
15
444
2124
3545
140424
-16
-13
14
477
2122
3540
141449
-9
-7
9
479
2107
3557
142474
8
-2
5
476
2116
3518
143499
10
1
8
460
2126
3538
144524
3
0
12
451
2117
3543
145549
-8
-5
15
444
2108
3534
146574
4
-8
13
461
2130
3524
147599
-6
-7
13
471
2125
3512
140415
2
-8
15
435
2098
3535
141440
6
-15
18
466
2150
3533
142465
-21
-10
29
452
2092
3535
143490
7
-13
38
438
2088
3529
144515
14
-17
46
476
2131
3515
145540
-4
-7
61
447
2085
3549
146565
11
-16
60
488
2159
3558
147590
2
-3
56
498
2039
3545
148615
53
7
58
426
2011
3543
149640
75
-14
67
470
2205
3536
150665
28
-17
65
554
2204
3529
151690
19
-4
54
576
2199
3537
152715
6
9
34
508
2140
3533
153740
1
15
39
455
2066
3548
154765
17
21
74
458
2040
3554
155790
52
26
97
518
2123
3560
148608
67
42
98
545
2171
3549
149633
63
54
76
535
2151
3524
150658
61
55
52
511
2121
3534
151683
74
51
37
463
2085
3501
152708
64
40
47
481
2171
3497
153733
32
36
49
541
2222
3555
154758
20
38
24
546
2149
3526
155783
21
44
13
498
2149
3532
156808
22
47
8
490
2178
3562
157833
11
49
-8
518
2174
3530
158858
11
47
-30
500
2136
3501
159883
22
35
-46
458
2142
3482
160908
12
15
-45
451
2179
3481
161933
-13
0
-37
440
2155
3492
162958
-8
-12
-37
431
2180
3504
163983
-3
-26
-51
444
2193
3477
156800
-7
-40
-62
437
2172
3483
157825
-24
-53
-60
451
2155
3455
158850
-37
-63
-46
440
2160
3487
159875
-39
-76
-40
457
2193
3498
160900
-59
-80
-42
452
2195
3491
161925
-80
-82
-39
461
2174
3512
162950
-80
-84
-41
479
2147
3524
163975
-78
-76
-41
480
2125
3510
165000
-71
-73
-33
468
2129
3509
166025
-66
-70
-32
483
2104
3516
167050
-51
-63
-23
484
2129
3535
168075
-40
-50
-11
482
2128
3548
169100
-29
-40
-7
494
2104
3534
170125
-10
-27
-1
494
2093
3557
171150
-6
-15
2
517
2135
3554
172175
-16
-4
4
504
2088
3553
164992
3
-6
0
510
2074
3519
166017
25
-4
-4
511
2084
3526
167042
33
-4
-2
501
2121
3555
168067
20
-6
-5
509
2126
3553
169092
25
-2
-8
482
2132
3537
170117
26
-5
-15
472
2181
3508
171142
-4
-14
-23
473
2169
3488
172167
-18
-22
-21
480
2130
3511
173192
-17
-27
-18
490
2133
3532
174217
-24
-24
-18
475
2136
3538
175242
-23
-21
-17
471
2133
3528
176267
-15
-18
-9
474
2124
3526
177292
-16
-20
-7
502
2150
3531
178317
-36
-19
-10
517
2142
3534
179342
-54
-17
-9
500
2086
3553
180367
-28
-19
-7
516
2036
3534
173184
17
-5
9
478
2002
3532
174209
68
3
32
465
2061
3544
175234
86
5
41
483
2142
3540
176259
84
5
39
536
2235
3539
177284
51
13
23
544
2174
3517
178309
46
16
12
516
2119
3526
179334
55
17
8
509
2128
3527
180359
56
13
3
507
2131
3510
181384
54
7
-1
493
2161
3502
182409
47
3
-7
471
2202
3510
183434
24
-2
-8
470
2198
3470
184459
6
-6
-9
444
2205
3490
185484
-17
-17
-15
448
2223
3478
186509
-54
-26
-17
434
2201
3484
187534
-70
-32
-16
466
2142
3503
188559
-60
-35
-19
507
2140
3524
181375
-41
-33
-21
537
2148
3532
182400
-37
-21
-26
533
2127
3534
183425
-28
-9
-23
462
2091
3533
184450
-20
-15
-13
469
2153
3495
185475
-40
-15
1
470
2172
3482
186500
-51
-22
4
489
2141
3502
187525
-40
-23
9
508
2119
3529
188550
-30
-10
19
518
2097
3578
189575
-9
5
24
541
2101
3572
190600
8
21
21
544
2117
3549
191625
26
34
19
506
2094
3515
192650
51
33
14
455
2107
3502
193675
46
19
15
478
2172
3514
194700
4
4
16
505
2211
3530
195725
-38
4
-1
521
2178
3548
196750
-39
10
-16
517
2161
3538
189879
-44
21
-28
506
2127
3516
190904
-42
30
-28
422
2055
3519
191929
-20
15
-15
414
2134
3515
192954
-37
5
2
445
2154
3484
193979
-30
8
20
423
2076
3499
195004
13
5
33
472
2107
3518
196029
15
10
44
485
2121
3534
197054
5
8
44
505
2127
3525
198079
-2
4
33
503
2147
3519
199104
-17
-2
26
483
2157
3518
200129
-47
-2
26
457
2126
3527
201154
-62
-13
26
455
2097
3523
202179
-54
-24
17
450
2060
3528
203204
-26
-29
16
439
2069
3535
204229
-6
-32
24
427
2089
3550
205254
1
-42
26
458
2113
3543
197760
-7
-42
28
472
2128
3539
198785
-14
-36
32
521
2107
3535
199810
-8
-27
29
528
2119
3550
200835
-17
-26
29
543
2128
3554
201860
-25
-20
34
530
2096
3548
202885
-13
-16
36
513
2093
3558
203910
-14
-20
37
544
2108
3550
204935
-18
-17
24
552
2100
3559
205960
-17
-14
8
557
2100
3571
206985
-13
0
8
521
2065
3567
208010
0
3
14
501
2070
3564
209035
7
0
22
549
2110
3542
210060
-4
8
26
552
2093
3538
211085
-2
9
28
541
2091
3564
212110
-2
9
27
546
2077
3548
213135
7
17
32
537
2072
3553
205952
25
25
37
524
2096
3550
206977
23
33
40
526
2110
3558
208002
15
34
32
501
2106
3544
209027
8
34
21
487
2107
3534
210052
12
35
17
469
2080
3524
211077
27
31
21
471
2104
3519
212102
28
24
28
482
2113
3523
213127
23
17
34
513
2107
3525
214152
23
18
35
515
2106
3535
215177
33
21
33
528
2114
3540
216202
32
20
35
540
2097
3529
217227
40
28
43
543
2080
3533
218252
47
28
48
531
2070
3540
219277
54
21
47
513
2079
3546
220302
57
17
46
474
2080
3533
221327
