Device = VHR-0009
time_stamp = 1777365110101
sample_rate = 50
Data format = INT16
TYPE = 6-AXIS IMU RAW DATA
-2
-7
2
-742
2471
3266
2843778
-3
-6
0
-745
2469
3260
2844803
-1
-2
0
-751
2473
3268
2845828
-1
1
2
-755
2469
3255
2846853
1
-4
6
-739
2468
3252
2847878
0
-4
8
-743
2481
3252
2848903
-6
-4
8
-771
2479
3262
2849928
-7
-7
5
-752
2467
3257
2850953
3
-10
3
-745
2475
3249
2851978
0
-13
5
-745
2493
3257
2853003
-8
-11
5
-749
2466
3257
2854028
-2
-12
5
-742
2470
3268
2855053
-1
-10
8
-733
2481
3265
2856078
-7
-5
8
-735
2479
3280
2857103
-5
-3
9
-744
2468
3264
2858128
2
-2
5
-749
2475
3273
2859153
3
0
3
-743
2489
3260
2851968
-1
3
2
-746
2476
3255
2852993
-1
2
1
-753
2466
3251
2854018
2
-2
5
-750
2470
3250
2855043
-5
-7
7
-746
2478
3260
2856068
-10
-10
9
-743
2473
3249
2857093
-4
-9
6
-741
2487
3271
2858118
-2
-6
3
-744
2486
3274
2859143
-2
-2
1
-751
2466
3270
2860168
5
-1
1
-747
2461
3266
2861193
2
-1
2
-741
2475
3259
2862218
-4
-4
2
-741
2479
3251
2863243
-2
-4
2
-749
2485
3261
2864268
0
-5
1
-752
2484
3257
2865293
-4
-5
0
-743
2484
3260
2866318
-4
0
3
-744
2466
3257
2867343
1
-1
3
-741
2466
3258
2860160
3
-2
4
-744
2480
3253
2861185
-6
-1
8
-750
2464
3258
2862210
-3
-3
10
-748
2470
3259
2863235
4
-5
9
-747
2486
3252
2864260
-1
-6
6
-748
2498
3257
2865285
-9
-7
5
-747
2481
3258
2866310
-5
-9
4
-744
2465
3257
2867335
-3
-11
5
-747
2466
3250
2868360
-9
-8
6
-749
2470
3267
2869385
-6
-9
6
-746
2471
3265
2870410
4
-11
7
-725
2480
3261
2871435
-1
-7
8
-738
2494
3264
2872460
-14
-5
9
-763
2465
3258
2873485
-2
-8
5
-749
2450
3253
2874510
12
-10
4
-738
2487
3270
2875535
0
-9
6
-741
2479
3249
2868351
-1
-9
7
-738
2469
3249
2869376
5
-9
6
-741
2485
3259
2870401
-3
-7
6
-735
2471
3264
2871426
-6
-8
5
-737
2476
3264
2872451
-4
-8
6
-744
2474
3270
2873476
-1
-6
6
-733
2465
3268
2874501
1
-6
4
-736
2477
3264
2875526
-1
-4
3
-744
2479
3262
2876551
0
-3
4
-739
2469
3257
2877576
-1
-4
5
-740
2476
3249
2878601
-6
-8
8
-742
2475
3260
2879626
-9
-13
11
-735
2472
3256
2880651
-6
-15
9
-736
2476
3249
2881676
-8
-13
9
-743
2480
3266
2882701
-9
-10
9
-739
2470
3267
2883726
-4
-8
5
-738
2479
3274
2876545
1
-7
4
-732
2476
3265
2877570
0
-6
3
-726
2478
3261
2878595
-1
-2
3
-734
2471
3255
2879620
-2
-2
4
-740
2464
3255
2880645
0
-5
6
-737
2473
3250
2881670
-3
-7
9
-727
2480
3246
2882695
-8
-7
8
-736
2477
3263
2883720
-5
-9
6
-732
2469
3267
2884745
0
-6
4
-730
2475
3277
2885770
-2
-4
5
-727
2468
3261
2886795
-1
-4
7
-732
2464
3262
2887820
1
-5
6
-731
2479
3258
2888845
0
-4
5
-738
2472
3259
2889870
-3
-3
3
-736
2480
3264
2890895
-2
-3
3
-735
2472
3267
2891920
0
-4
4
-732
2469
3252
2884736
-3
-5
6
-726
2471
3256
2885761
-3
-6
7
-721
2471
3265
2886786
-6
-3
6
-752
2480
3276
2887811
-5
-5
5
-740
2465
3256
2888836
4
-6
2
-720
2470
3247
2889861
3
-6
3
-723
2481
3271
2890886
1
-7
6
-731
2463
3255
2891911
5
-3
3
-730
2471
3256
2892936
4
0
4
-731
2486
3265
2893961
-5
0
7
-724
2468
3269
2894986
-2
-1
5
-737
2473
3265
2896011
2
-1
3
-737
2475
3268
2897036
-3
-1
3
-741
2475
3264
2898061
-4
0
2
-736
2464
3246
2899086
0
3
1
-743
2471
3260
2900111
2
0
3
-741
2467
3256
2892928
3
-2
4
-746
2466
3252
2893953
-2
-6
6
-735
2474
3259
2894978
-9
-8
7
-735
2478
3248
2896003
-6
-8
4
-741
2478
3262
2897028
-3
-7
2
-736
2473
3267
2898053
-4
-5
1
-730
2470
3270
2899078
-2
-4
3
-734
2464
3266
2900103
3
-2
1
-731
2478
3255
2901128
3
-1
1
-730
2483
3263
2902153
-1
-2
2
-734
2475
3260
2903178
-3
0
2
-739
2469
3262
2904203
-2
0
3
-738
2463
3255
2905228
1
-1
5
-735
2469
3259
2906253
-3
-3
7
-737
2488
3264
2907278
-4
-4
6
-737
2484
3266
2908303
-2
-4
3
-730
2482
3264
2901121
-2
-2
4
-736
2469
3265
2902146
-3
-2
4
-730
2472
3265
2903171
-1
-1
5
-733
2469
3258
2904196
2
0
3
-738
2480
3267
2905221
-1
1
-1
-740
2486
3261
2906246
2
1
0
-746
2472
3257
2907271
4
-5
2
-735
2472
3244
2908296
-4
-9
6
-727
2479
3245
2909321
-12
-9
8
-754
2481
3256
2910346
-9
-8
2
-741
2476
3274
2911371
2
-6
-1
-734
2474
3272
2912396
5
-4
2
-727
2485
3272
2913421
1
-2
3
-726
2467
3272
2914446
9
2
0
-734
2472
3253
2915471
16
7
-2
-735
2491
3258
2916496
5
9
-1
-745
2485
3260
2909313
0
5
3
-753
2468
3248
2910338
1
-1
5
-754
2483
3251
2911363
-7
-4
6
-742
2483
3248
2912388
-4
-4
4
-741
2482
3251
2913413
1
-3
0
-746
2495
3264
2914438
-4
-1
-1
-744
2476
3252
2915463
-2
0
1
-744
2457
3251
2916488
0
-2
3
-742
2460
3255
2917513
-2
0
3
-734
2475
3258
2918538
1
7
2
-747
2484
3262
2919563
4
13
4
-740
2479
3239
2920588
1
23
8
-734
2491
3216
2921613
-4
42
5
-753
2508
3295
2922638
-5
63
-11
-724
2466
3354
2923663
42
75
-33
-734
2454
3284
2924688
57
81
-64
-757
2536
3228
2917504
10
95
-62
-779
2517
3189
2918529
-23
107
-54
-809
2483
3264
2919554
-42
122
-63
-783
2437
3319
2920579
-25
139
-88
-811
2421
3254
2921604
23
133
-115
-818
2586
3177
2922629
-24
138
-110
-841
2573
3215
2923654
-109
159
-113
-861
2439
3310
2924679
-75
176
-119
-895
2391
3324
2925704
-3
176
-106
-897
2322
3228
2926729
79
165
-104
-915
2381
3204
2927754
92
142
-90
-942
2489
3227
2928779
42
119
-58
-970
2454
3230
2929804
50
76
-27
-990
2415
3172
2930829
86
29
1
-980
2424
3081
2931854
65
2
11
-979
2489
3080
2932879
13
-16
12
-998
2570
3177
2925697
-34
-37
20
-993
2520
3212
2926722
-28
-52
22
-960
2463
3210
2927747
-1
-58
20
-925
2485
3234
2928772
-18
-45
17
-911
2458
3201
2929797
-20
-22
-2
-913
2475
3239
2930822
0
-6
-5
-916
2500
3295
2931847
10
13
4
-925
2443
3262
2932872
16
28
2
-936
2439
3202
2933897
16
43
-3
-955
2420
3150
2934922
113
75
-48
-1075
2435
3175
2935947
125
245
-147
-1048
2852
3360
2936972
-166
438
-223
-795
3136
3461
2937997
-497
221
-257
-970
2457
3075
2939022
-95
93
-91
-1059
1940
2668
2940047
266
112
23
-929
2004
2732
2941072
365
202
-72
-1145
2762
4405
2933889
276
69
-105
-1447
2782
3513
2934914
-3
286
-87
-989
2162
2861
2935939
-327
471
-246
-863
3403
3772
2936964
-733
45
-91
-1280
2083
2357
2937989
-473
-33
28
-1147
1226
2131
2939014
396
11
91
-1164
1927
2973
2940039
523
-31
165
-1267
2652
3914
2941064
192
-265
232
-1288
2430
3321
2942089
295
-321
254
-1180
1781
2700
2943114
558
-303
142
-953
2764
3202
2944139
247
-290
144
-950
3103
3356
2945164
-155
-224
154
-1094
2530
3063
2946189
-86
-249
69
-1087
2559
2925
2947214
-29
-217
28
-1029
2858
3087
2948239
-178
-129
12
-1018
2653
3258
2949264
-218
-82
-13
-941
2492
3332
2942080
-151
-64
-29
-890
2461
3316
2943105
-78
-48
-24
-898
2437
3292
2944130
-44
-31
-5
-912
2382
3252
2945155
-16
-10
3
-911
2427
3246
2946180
1
10
14
-936
2481
3244
2947205
23
15
26
-964
2507
3180
2948230
28
11
26
-955
2526
3161
2949255
23
9
23
-962
2562
3183
2950280
10
1
21
-983
2522
3162
2951305
0
-15
16
-998
2477
3163
2952330
1
-27
13
-992
2478
3182
2953355
-7
-37
19
-979
2459
3157
2954380
-13
-40
16
-963
2470
3174
2955405
-23
-34
9
-940
2477
3202
2956430
-26
-24
-1
-939
2494
3236
2957455
-11
-24
-3
-933
2490
3226
2950272
-2
-14
-4
-942
2500
3190
2951297
-23
-2
-4
-938
2481
3206
2952322
-16
8
4
-964
2423
3218
2953347
18
-6
8
-949
2474
3178
2954372
13
-13
15
-948
2520
3179
2955397
-22
-12
20
-954
2484
3195
2956422
-10
-14
17
-954
2467
3186
2957447
18
-21
10
-942
2518
3190
2958472
-3
-23
8
-931
2510
3205
2959497
-10
-27
2
-934
2484
3191
2960522
1
-31
-13
-933
2489
3220
2961547
7
-28
-21
-932
2495
3254
2962572
3
-19
-26
-940
2476
3235
2963597
4
-7
-32
-953
2473
3250
2964622
14
6
-28
-952
2467
3238
2965647
17
13
-25
-946
2475
3214
2958463
13
18
-17
-954
2463
3222
2959488
13
23
-8
-947
2450
3197
2960513
13
34
-4
-961
2463
3217
2961538
5
44
5
-973
2456
3228
2962563
5
43
16
-977
2458
3189
2963588
13
31
26
-956
2459
3130
2964613
16
20
35
-977
2505
3101
2965638
-7
2
40
-1008
2509
3119
2966663
-27
-19
38
-1000
2505
3138
2967688
-31
-42
34
-964
2519
3151
2968713
-41
-57
33
-929
2518
3178
2969738
-42
-64
28
-923
2517
3201
2970763
-44
-59
20
-923
2514
3238
2971788
-39
-43
9
-918
2501
3272
2972813
-16
-22
-1
-903
2465
3280
2973838
7
-2
-9
-918
2443
3264
2966880
12
11
-6
-938
2425
3229
2967905
15
19
2
-962
2419
3217
2968930
30
13
7
-960
2461
3198
2969955
25
9
9
-949
2507
3178
2970980
11
8
5
-930
2539
3180
2972005
0
8
-3
-940
2526
3195
2973030
-3
6
-11
-945
2496
3187
2974055
-4
5
-15
-940
2477
3204
2975080
-1
6
-10
-935
2459
3210
2976105
6
6
-9
-930
2459
3210
2977130
12
7
-6
-942
2471
3205
2978155
21
11
-7
-962
2488
3212
2979180
20
16
-9
-969
2503
3194
2980205
11
17
-9
-971
2468
3184
2981230
12
11
-7
-966
2459
3162
2982255
9
0
-3
-970
2480
3172
2974849
-2
-8
3
-967
2488
3176
2975874
-10
-12
6
-965
2495
3194
2976899
-10
-14
7
-964
2494
3199
2977924
-9
-15
11
-950
2489
3195
2978949
-13
-12
12
-937
2484
3202
2979974
-14
-10
15
-936
2479
3210
2980999
-3
-7
17
-947
2483
3198
2982024
1
-4
13
-948
2494
3198
2983049
-1
-2
12
-944
2496
3181
2984074
-2
-2
14
-938
2493
3178
2985099
-2
-4
14
-960
2492
3202
2986124
-5
-6
9
-964
2483
3198
2987149
-5
-7
5
-953
2484
3192
2988174
1
-7
7
-947
2485
3200
2989199
7
-9
4
-952
2494
3208
2990224
7
-8
1
-944
2507
3219
2983039
-2
4
2
-942
2480
3216
2984064
3
7
1
-950
2467
3181
2985089
8
5
-5
-948
2500
3219
2986114
14
15
-5
-952
2485
3245
2987139
25
24
-13
-948
2492
3185
2988164
61
59
-48
-1048
2541
3055
2989189
10
233
-120
-1103
2871
3188
2990214
-338
613
-173
-750
3144
3785
2991239
-487
522
-193
-945
2462
3518
2992264
-16
235
-38
-1096
1709
2725
2993289
415
201
73
-907
1868
2567
2994314
558
265
38
-1124
2376
3496
2995339
345
128
-22
-1374
2861
3827
2996364
201
-44
-3
-1398
2321
2790
2997389
142
145
-4
-1031
2837
2855
2998414
-326
249
-41
-1080
3355
3123
2991232
-786
-49
-9
-1348
1909
2347
2992257
-256
-92
37
-1193
2101
2925
2993282
289
-65
163
-1139
2302
3228
2994307
215
-67
145
-1146
2365
3537
2995332
82
-250
132
-1091
2398
3302
2996357
210
-329
221
-1084
1882
2841
2997382
412
-310
146
-1024
2370
3172
2998407
277
-301
119
-988
3008
3343
2999432
-75
-253
133
-1052
2790
3100
3000457
-119
-223
79
-1026
2683
2965
3001482
-52
-174
35
-958
2773
3009
3002507
-128
-95
-21
-942
2764
3232
3003532
-168
-43
-52
-908
2633
3344
3004557
-126
-18
-59
-895
2482
3261
3005582
-60
-2
-71
-932
2430
3205
3006607
-16
13
-52
-958
2383
3197
2999424
1
15
-23
-963
2404
3159
3000449
15
7
5
-965
2472
3133
3001474
24
-2
17
-976
2579
3157
3002499
15
-7
21
-973
2598
3157
3003524
22
-7
13
-987
2581
3130
3004549
18
-11
-6
-976
2625
3132
3005574
-16
-11
-7
-994
2551
3151
3006599
-25
-19
-2
-1001
2459
3162
3007624
-4
-36
5
-987
2475
3148
3008649
-30
-50
24
-968
2465
3144
3009674
-31
-55
32
-965
2447
3117
3010699
-6
-52
16
-954
2565
3213
3011724
-17
-41
10
-944
2576
3206
3012749
-9
-24
-5
-941
2559
3179
3013774
-15
-13
-15
-929
2545
3209
3014799
-22
-2
-10
-946
2455
3180
3007616
18
-3
-7
-966
2467
3157
3008641
11
-3
4
-950
2525
3175
3009666
-14
3
17
-960
2486
3171
3010691
18
-3
16
-960
2529
3161
3011716
5
-5
13
-952
2548
3154
3012741
-9
-2
5
-962
2524
3158
3013766
1
-7
-3
-968
2528
3176
3014791
2
-13
1
-965
2524
3169
3015816
-19
-19
5
-948
2491
3163
3016841
-23
-24
8
-956
2489
3183
3017866
-10
-28
8
-946
2506
3186
3018891
2
-23
5
-940
2538
3180
3019916
-12
-11
1
-943
2520
3196
3020941
4
-3
1
-952
2497
3168
3021966
23
-5
-3
-936
2538
3170
3022991
-2
-5
1
-937
2517
3164
3015808
5
-6
1
-971
2500
3166
3016833
18
-14
-5
-952
2551
3174
3017858
-1
-11
-5
-936
2508
3166
3018883
11
-11
-14
-942
2521
3186
3019908
26
-12
-20
-952
2532
3173
3020933
17
-4
-27
-953
2539
3201
3021958
-4
7
-25
-938
2509
3202
3022983
9
17
-24
-944
2493
3205
3024008
31
18
-24
-955
2501
3197
3025033
22
27
-18
-963
2514
3174
3026058
12
32
-11
-976
2489
3159
3027083
18
30
-3
-985
2494
3165
3028108
8
23
8
-994
2507
3157
3029133
-15
18
20
-995
2509
3150
3030158
-12
14
32
-964
2497
3099
3031183
13
14
38
-970
2523
3087
3024000
4
5
43
-998
2549
3107
3025025
-28
-16
52
-996
2516
3103
3026050
-32
-43
48
-972
2533
3110
3027075
-39
-57
43
-955
2559
3130
3028100
-51
-61
36
-936
2579
3176
3029125
-61
-55
29
-945
2549
3194
3030150
-50
-49
14
-940
2554
3226
3031175
-43
-38
4
-908
2505
3235
3032200
-20
-20
-8
-905
2466
3243
3033225
12
-7
-9
-912
2454
3215
3034250
21
7
2
-942
2480
3203
3035275
14
9
13
-961
2498
3188
3036300
13
4
17
-962
2513
3157
3037325
23
-4
6
-941
2578
3154
3038350
2
-2
-2
-928
2581
3172
3039375
-6
6
-13
-943
2543
3183
3032192
3
13
-26
-939
2507
3191
3033217
14
16
-27
-928
2492
3180
3034242
18
11
-20
-929
2492
3170
3035267
10
10
-11
-958
2495
3166
3036292
19
15
-10
-958
2508
3173
3037317
40
18
-8
-939
2538
3170
3038342
36
16
-8
-985
2553
3189
3039367
1
4
-29
-1081
2535
3213
3040392
-22
-12
-52
-1051
2467
3128
3041417
0
-15
-36
-977
2418
3034
3042442
32
-22
16
-945
2439
3027
3043467
-16
-42
77
-926
2518
3071
3044492
-57
-74
116
-857
2562
3133
3045517
-35
-84
93
-835
2669
3244
3046542
-26
-57
29
-864
2723
3305
3047567
-35
-3
-34
-941
2607
3313
3040384
-12
43
-64
-979
2463
3265
3041409
22
58
-49
-982
2377
3178
3042434
34
46
-12
-953
2369
3133
3043459
28
19
23
-943
2428
3126
3044484
23
-1
36
-961
2525
3114
3045509
23
-9
28
-973
2588
3123
3046534
15
-13
10
-988
2605
3118
3047559
-6
-20
-3
-989
2559
3123
3048584
-25
-32
-8
-988
2515
3156
3049609
-36
-46
-3
-976
2464
3179
3050634
-37
-54
7
-960
2453
3205
3051659
-34
-52
17
-927
2485
3224
3052684
-26
-39
19
-877
2522
3228
3053709
-4
-18
17
-861
2553
3215
3054734
12
4
7
-867
2562
3205
3055759
21
26
-7
-905
2544
3179
3048577
45
51
-28
-1018
2628
3118
3049602
-22
115
-41
-1130
2625
3176
3050627
-300
301
-108
-847
2770
3471
3051652
-534
306
-265
-843
2979
3210
3052677
-388
163
-176
-1026
1982
2907
3053702
161
142
-73
-919
1998
2856
3054727
410
217
-57
-996
2390
3396
3055752
342
204
-101
-1137
2691
3920
3056777
200
43
-58
-1262
2355
3113
3057802
234
122
-25
-1109
2441
2954
3058827
-140
200
-42
-938
3085
3436
3059852
-674
-58
-48
-1282
2235
2450
3060877
-487
-109
-1
-1137
1978
2576
3061902
151
-46
71
-1114
2237
3200
3062927
354
-9
100
-1161
2371
3489
3063952
259
-106
71
-1074
2626
3529
3056768
160
-239
155
-1063
2151
2947
3057793
332
-236
173
-1046
2024
2890
3058818
440
-213
107
-967
2712
3299
3059843
109
-174
104
-1018
2948
3233
3060868
-200
-128
89
-1065
2679
3058
3061893
-201
-96
54
-995
2660
3084
3062918
-124
-64
30
-959
2669
3244
3063943
-69
-47
16
-947
2551
3253
3064968
-40
-33
-3
-932
2502
3211
3065993
-82
-19
-18
-921
2517
3217
3067018
-87
-4
-2
-963
2443
3204
3068043
-36
-5
12
-960
2422
3206
3069068
-4
-12
25
-948
2489
3159
3070093
-2
-13
34
-961
2543
3157
3071118
-26
-7
29
-943
2562
3217
3072143
-31
5
21
-975
2509
3208
3064961
12
6
7
-996
2530
3197
3065986
17
7
12
-941
2542
3204
3067011
2
18
13
-939
2493
3220
3068036
15
21
-5
-948
2511
3240
3069061
21
34
-19
-940
2536
3218
3070086
43
48
-42
-968
2495
3196
3071111
61
54
-64
-987
2518
3166
3072136
59
52
-67
-1011
2512
3113
3073161
52
35
-62
-1029
2519
3052
3074186
34
3
-53
-1023
2552
3034
3075211
2
-34
-41
-1062
2528
3033
3076236
-33
-66
-29
-1066
2527
3030
3077261
-54
-91
-22
-1010
2542
3116
3078286
-71
-97
-22
-994
2554
3220
3079311
-65
-93
-22
-963
2476
3223
3080336
-21
-81
-34
-928
2490
3224
3073151
2
-57
-42
-919
2503
3266
3074176
6
-23
-49
-940
2477
3274
3075201
24
4
-47
-993
2442
3260
3076226
34
25
-32
-1020
2427
3196
3077251
36
34
-15
-1041
2464
3163
3078276
-3
31
4
-1037
2460
3142
3079301
-6
15
13
-1045
2489
3118
3080326
-16
-13
21
-1023
2520
3116
3081351
-41
-22
31
-1012
2495
3109
3082376
-43
-29
30
-996
2503
3142
3083401
-39
-32
36
-996
2517
3169
3084426
-54
-40
44
-965
2489
3170
3085451
-49
-41
47
-963
2480
3188
3086476
-27
-42
45
-950
2509
3199
3087501
-34
-35
40
-945
2512
3221
3088526
-33
-25
34
-950
2507
3207
3081345
-14
-19
25
-946
2515
3198
3082370
-11
-12
15
-957
2516
3208
3083395
-16
-8
9
-953
2500
3202
3084420
-12
-3
4
-953
2483
3203
3085445
0
-5
6
-947
2486
3191
3086470
4
-4
4
-963
2480
3190
3087495
1
-2
-3
-968
2492
3212
3088520
10
4
-6
-978
2471
3220
3089545
23
3
-12
-990
2466
3213
3090570
16
0
-9
-984
2450
3179
3091595
11
-8
0
-974
2453
3166
3092620
5
-16
12
-975
2480
3172
3093645
-1
-21
19
-965
2509
3172
3094670
-10
-17
20
-957
2532
3187
3095695
-19
-14
17
-959
2525
3200
3096720
-20
-13
16
-947
2503
3196
3089536
-31
-9
21
-932
2468
3185
3090561
-38
-2
32
-961
2457
3218
3091586
-30
2
41
-983
2440
3205
3092611
-15
2
45
-974
2463
3200
3093636
-17
1
47
-954
2480
3191
3094661
-14
-1
43
-955
2493
3183
3095686
-4
-9
36
-963
2504
3186
3096711
-4
-18
29
-954
2516
3168
3097736
-14
-21
19
-956
2496
3170
3098761
-11
-23
4
-958
2498
3192
3099786
-3
-32
-7
-956
2506
3199
3100811
-8
-42
-12
-909
2498
3199
3101836
4
-46
-19
-883
2488
3215
3102861
17
-40
-32
-905
2495
3236
3103886
18
-27
-40
-941
2497
3258
3104911
16
-15
-39
-950
2473
3248
3097728
18
-2
-42
-932
2463
3255
3098753
25
11
-41
-916
2462
3217
3099778
35
22
-37
-926
2463
3188
3100803
43
35
-27
-951
2464
3195
3101828
50
44
-18
-973
2476
3158
3102853
47
58
-23
-1034
2548
3112
3103878
-41
85
-14
-1065
2694
3192
3104903
-327
170
-27
-1061
2672
3361
3105928
-399
277
-100
-921
2732
3511
3106953
-415
123
-179
-822
2339
3162
3107978
-137
24
-120
-992
2102
2879
3109003
177
62
-5
-826
2144
2660
3110028
384
249
-31
-1035
2571
3525
3111053
413
281
-93
-1139
2794
4138
3112078
240
107
-30
-1258
2025
3143
3113103
389
134
-55
-1188
2322
2937
3106035
25
250
-5
-969
3152
3377
3107060
-730
-13
-70
-1208
2279
2452
3108085
-631
-122
-111
-1273
1944
2548
3109110
75
-63
9
-1112
2567
3057
3110135
240
15
130
-1173
2298
3382
3111160
246
-11
83
-1114
2373
3596
3112185
171
-174
64
-989
2646
3465
3113210
58
-298
118
-1098
1897
2898
3114235
282
-309
74
-1072
2107
2985
3115260
264
-298
49
-998
2901
3291
3116285
-56
-229
100
-1109
2770
3156
3117310
-179
-196
103
-1054
2549
3065
3118335
-113
-158
74
-921
2602
3182
3119360
-59
-91
50
-935
2546
3235
3120385
-30
-63
7
-911
2527
3263
3121410
-46
-37
-18
-896
2541
3262
3114113
-65
-1
-23
-920
2462
3296
3115138
-20
31
-21
-952
2416
3300
3116163
30
42
-14
-937
2443
3212
3117188
32
45
-2
-948
2441
3159
3118213
26
33
4
-970
2504
3161
3119238
19
16
8
-997
2516
3158
3120263
17
1
6
-1002
2552
3149
3121288
-6
-9
8
-996
2533
3162
3122313
-4
-8
7
-991
2493
3162
3123338
-7
-14
-2
-968
2511
3196
3124363
-29
-13
2
-966
2452
3208
3125388
-12
-11
4
-976
2439
3213
3126413
-6
-18
7
-962
2459
3214
3127438
-12
-14
14
-970
2448
3212
3128463
0
-13
9
-974
2486
3210
3129488
6
-8
6
-974
2515
3189
3122304
-3
-5
-2
-964
2503
3188
3123329
-8
-2
-5
-971
2489
3188
3124354
-1
-5
-2
-981
2483
3199
3125379
-10
-14
9
-971
2455
3184
3126404
-17
-18
16
-968
2449
3193
3127429
-6
-21
19
-966
2476
3204
3128454
1
-16
16
-960
2500
3196
3129479
0
-11
4
-948
2520
3226
3130504
-9
-3
5
-947
2486
3192
3131529
-4
2
-3
-952
2478
3200
3132554
10
8
-8
-961
2481
3217
3133579
1
8
-8
-967
2472
3220
3134604
-3
4
-2
-975
2451
3180
3135629
12
2
2
-974
2479
3171
3136654
0
2
8
-949
2477
3173
3137679
-4
3
6
-968
2493
3193
3130497
2
-5
4
-985
2514
3199
3131522
-10
-8
2
-962
2479
3182
3132547
-2
-8
-1
-964
2464
3182
3133572
7
-5
0
-976
2478
3212
3134597
8
-5
3
-972
2473
3211
3135622
6
-4
6
-960
2467
3192
3136647
14
-3
4
-967
2487
3195
3137672
4
-2
2
-964
2489
3196
3138697
0
0
2
-980
2494
3195
3139722
-3
-2
4
-979
2481
3184
3140747
-3
-2
4
-974
2480
3193
3141772
-3
-4
0
-966
2478
3199
3142797
-8
-4
4
-973
2474
3186
3143822
-9
-4
11
-973
2455
3190
3144847
2
-7
11
-968
2479
3185
3145872
-2
-7
7
-955
2498
3204
3138689
-3
-4
3
-968
2497
3208
3139714
2
-3
5
-967
2484
3201
3140739
0
1
4
-962
2477
3189
3141764
-2
3
4
-967
2486
3205
3142789
1
4
3
-982
2469
3194
3143814
10
-2
2
-971
2489
3186
3144839
-6
-6
4
-971
2485
3199
3145864
-11
-10
9
-974
2478
3187
3146889
-7
-10
7
-970
2490
3197
3147914
-7
-7
3
-959
2490
3198
3148939
-3
-6
2
-975
2486
3204
3149964
-4
-6
5
-970
2464
3201
3150989
-4
-7
6
-970
2463
3196
3152014
-1
-8
8
-960
2467
3191
3153039
4
-8
6
-964
2487
3197
3154064
2
-7
4
-971
2509
3194
3146880
-15
-5
5
-974
2476
3204
3147905
-3
-5
1
-965
2468
3190
3148930
9
-6
0
-960
2489
3188
3149955
-3
-4
2
-964
2484
3196
3150980
-5
-2
4
-971
2472
3197
3152005
1
-2
5
-962
2477
3195
3153030
5
-4
8
-950
2487
3183
3154055
-3
-2
11
-976
2489
3190
3155080
-6
-3
5
-986
2482
3205
3156105
-1
-4
0
-971
2489
3201
3157130
3
-6
4
-962
2484
3203
3158155
2
-6
5
-957
2480
3195
3159180
6
-4
-1
-961
2493
3192
3160205
8
2
-4
-965
2491
3192
3161230
4
4
-2
-973
2479
3184
3162255
1
3
0
-971
2464
3187
3155072
12
7
-1
-968
2471
3184
3156097
29
22
-7
-1026
2539
3173
3157122
13
63
-27
-1111
2812
3256
3158147
-241
190
-13
-969
2622
3318
3159172
-443
293
-127
-777
2544
3278
3160197
-345
166
-231
-1001
2146
3118
3161222
145
105
-124
-961
2217
2955
3162247
388
108
-1
-980
2287
3051
3163272
492
124
-26
-1146
2522
3804
3164297
346
17
-45
-1248
2617
3550
3165322
305
8
-38
-1211
2261
2850
3166347
208
225
-44
-960
3053
2872
3167372
-540
410
-152
-985
3411
3388
3168397
-924
127
-129
-1331
1790
2609
3169422
-200
46
-54
-1158
1793
2790
3170447
427
54
40
-1097
2215
3238
3163263
412
19
85
-1212
2269
3356
3164288
250
-133
62
-1165
2566
3414
3165313
130
-325
164
-1181
2232
2958
3166338
234
-370
232
-1197
2008
2809
3167363
277
-359
172
-1065
2733
3104
3168388
-20
-290
148
-1062
3045
3102
3169413
-301
-213
116
-1072
2800
3037
3170438
-281
-153
48
-950
2721
3210
3171463
-166
-89
2
-920
2624
3363
3172488
-84
-49
-25
-919
2466
3350
3173513
-42
-33
-26
-910
2377
3235
3174538
-49
-12
-16
-937
2320
3219
3175563
-25
0
-1
-980
2386
3274
3176588
-1
4
29
-974
2425
3228
3177613
27
8
39
-966
2484
3158
3178638
43
5
32
-964
2582
3128
3171456
26
5
19
-1006
2614
3141
3172481
-13
-4
7
-1006
2580
3157
3173506
-18
-10
3
-1008
2508
3131
3174531
-7
-18
5
-992
2488
3178
3175556
-7
-23
13
-968
2468
3205
3176581
-19
-22
20
-958
2428
3191
3177606
-4
-24
17
-963
2455
3216
3178631
12
-26
20
-962
2482
3185
3179656
0
-21
13
-963
2522
3186
3180681
-2
-20
13
-975
2528
3165
3181706
-13
-19
10
-949
2533
3189
3182731
-18
-19
7
-950
2517
3198
3183756
-17
-17
5
-956
2484
3204
3184781
-13
-14
1
-965
2493
3226
3185806
-14
-9
8
-959
2460
3209
3186831
-19
-5
11
-964
2441
3221
3179649
7
-4
16
-971
2458
3190
3180674
12
-2
15
-954
2510
3209
3181699
-9
5
16
-966
2481
3200
3182724
16
5
10
-977
2474
3168
3183749
24
-3
2
-966
2541
3180
3184774
-14
-3
5
-966
2483
3154
3185799
-6
-7
-6
-981
2485
3180
3186824
0
-16
-8
-970
2532
3209
3187849
-27
-13
-1
-958
2465
3174
3188874
-14
-11
-2
-951
2464
3202
3189899
-1
-10
6
-937
2474
3215
3190924
9
-4
8
-948
2487
3198
3191949
1
4
4
-937
2503
3214
3192974
7
11
4
-966
2489
3196
3193999
19
9
5
-965
2501
3175
3195024
0
10
6
-960
2489
3186
3187839
6
5
6
-973
2470
3172
3188864
13
-4
0
-973
2511
3175
3189889
-6
-3
0
-964
2507
3190
3190914
-16
2
-1
-976
2475
3195
3191939
4
-1
-1
-961
2482
3183
3192964
9
0
0
-947
2488
3185
3193989
-1
1
0
-977
2505
3204
3195014
-9
0
4
-987
2464
3198
3196039
8
-4
1
-972
2479
3183
3197064
9
-5
3
-964
2495
3186
3198089
6
-6
4
-971
2496
3180
3199114
11
-8
2
-971
2502
3184
3200139
3
-8
3
-969
2496
3181
3201164
-1
-8
4
-968
2487
3172
3202189
-4
-10
4
-973
2491
3178
3203214
-9
-12
9
-968
2495
3186
3196033
-16
-10
11
-965
2482
3190
3197058
-6
-10
7
-962
2491
3199
3198083
-1
-8
6
-960
2500
3188
3199108
-7
-3
6
-955
2485
3189
3200133
-5
2
4
-964
2498
3208
3201158
2
1
6
-965
2473
3190
3202183
4
-3
8
-957
2498
3179
3203208
-5
-2
9
-965
2489
3172
3204233
-1
1
2
-970
2491
3200
3205258
10
-1
-2
-955
2510
3203
3206283
1
-1
1
-961
2487
3182
3207308
-2
0
1
-975
2480
3184
3208333
0
-2
5
-969
2482
3186
3209358
1
-4
3
-968
2482
3183
3210383
3
-4
0
-973
2504
3188
3211408
1
-6
1
-958
2493
3192
3204224
6
-1
-2
-958
2475
3195
3205249
31
5
-6
-991
2508
3177
3206274
27
14
-16
-1054
2672
3150
3207299
-114
70
-3
-1051
2683
3257
3208324
-264
204
-4
-903
2402
3488
3209349
-216
224
-137
-841
2751
3375
3210374
-233
82
-132
-1004
2034
2898
3211399
153
20
-43
-944
2209
2759
3212424
395
67
60
-954
2424
3056
3213449
406
175
20
-1117
2478
3734
3214474
279
114
-61
-1107
2641
3657
3215499
232
49
-53
-1185
2344
2892
3216524
410
204
-62
-1089
2951
2893
3217549
-129
335
-108
-976
3416
3578
3218574
-832
49
-139
-1292
2214
2516
3219599
-591
-30
-58
-1094
1897
2444
3212415
116
50
27
-1080
2048
3177
3213440
458
77
51
-1213
2335
3438
3214465
379
-3
27
-1058
2710
3609
3215490
118
-178
110
-1058
2308
3075
3216515
162
-245
186
-1179
1897
2744
3217540
325
-275
166
-1107
2495
3005
3218565
123
-261
139
-1108
3011
3131
3219590
-178
-225
136
-1106
2935
3015
3220615
-241
-182
91
-982
2791
3078
3221640
-169
-117
34
-937
2671
3234
3222665
-109
-73
-12
-922
2572
3275
3223690
-89
-49
-48
-937
2470
3264
3224715
-107
-36
-49
-913
2422
3251
3225740
-84
1
-23
-986
2336
3243
3226765
12
9
-4
-988
2407
3229
3227790
35
16
26
-949
2492
3146
3220608
33
21
34
-979
2546
3118
3221633
26
9
26
-986
2638
3127
3222658
6
5
21
-1012
2602
3096
3223683
14
-2
3
-1026
2597
3132
3224708
-11
-12
3
-996
2554
3131
3225733
-29
-17
9
-992
2462
3109
3226758
-8
-30
10
-979
2474
3159
3227783
-17
-33
18
-965
2451
3157
3228808
-8
-25
5
-966
2525
3196
3229833
-7
-19
5
-959
2552
3216
3230858
-1
-2
5
-959
2523
3189
3231883
15
8
-8
-956
2557
3176
3232908
3
19
-8
-975
2507
3161
3233933
10
18
-9
-1000
2490
3145
3234958
10
5
1
-979
2514
3149
3235983
-7
-2
14
-998
2496
3127
3228800
2
-12
13
-989
2525
3130
3229825
-3
-12
14
-975
2528
3146
3230850
-7
-8
12
-985
2531
3166
3231875
-12
-9
13
-990
2498
3171
3232900
2
-11
7
-987
2519
3176
3233925
-9
-17
7
-972
2511
3165
3234950
-12
-14
5
-972
2499
3151
3235975
7
-14
-2
-974
2532
3173
3237000
3
-9
2
-973
2524
3154
3238025
2
-5
0
-973
2527
3148
3239050
-3
-3
-4
-964
2523
3161
3240075
0
1
-4
-985
2524
3180
3241100
-2
-4
0
-978
2514
3151
3242125
-5
-4
7
-984
2501
3149
3243150
-2
-11
12
-976
2501
3156
3244175
-2
-10
13
-974
2524
3156
3236992
-3
-8
7
-971
2532
3167
3238017
-1
-4
5
-977
2534
3157
3239042
0
-6
1
-967
2529
3166
3240067
-7
-4
0
-973
2515
3167
3241092
-4
-5
-1
-973
2499
3159
3242117
5
-3
-2
-990
2512
3165
3243142
4
-4
0
-986
2517
3166
3244167
-6
-2
3
-986
2510
3164
3245192
2
-4
5
-970
2521
3155
3246217
1
-5
6
-972
2526
3158
3247242
-6
-8
5
-982
2519
3152
3248267
-6
-9
6
-983
2508
3164
3249292
-3
-9
7
-973
2517
3162
3250317
-7
-4
6
-970
2513
3164
3251342
-3
-5
6
-971
2525
3178
3252367
1
-7
7
-970
2523
3162
3245190
1
-7
6
-971
2519
3147
3246215
-1
-5
5
-978
2531
3153
3247240
-3
-2
2
-981
2514
3169
3248265
-1
-4
2
-977
2520
3170
3249290
0
-5
5
-974
2508
3147
3250315
1
-7
3
-980
2515
3148
3251340
-6
-7
3
-968
2507
3155
3252365
-1
-6
5
-968
2520
3163
3253390
0
-6
6
-979
2528
3161
3254415
-8
-3
5
-983
2521
3167
3255440
-3
-5
5
-972
2503
3155
3256465
2
-5
4
-969
2508
3172
3257490
5
-7
3
-962
2516
3166
3258515
5
-5
1
-970
2532
3162
3259540
2
-2
1
-967
2529
3162
3260565
-1
0
3
-968
2515
3165
3253376
-2
-1
5
-976
2501
3161
3254401
0
-5
8
-974
2507
3154
3255426
1
-6
8
-970
2516
3156
3256451
0
-7
5
-977
2541
3166
3257476
-5
-8
5
-970
2528
3154
3258501
-8
-7
4
-974
2510
3154
3259526
-4
-7
3
-969
2508
3175
3260551
-3
-6
4
-969
2505
3164
3261576
2
-6
5
-969
2516
3164
3262601
5
-5
4
-972
2525
3165
3263626
6
-3
2
-970
2527
3165
3264651
6
5
0
-989
2517
3160
3265676
19
18
-13
-1036
2596
3139
3266701
-13
68
-37
-1086
2744
3264
3267726
-200
194
-52
-949
2746
3422
3268751
-446
207
-147
-813
2619
3153
3261568
-306
82
-211
-1070
2069
2983
3262593
204
-1
-84
-927
2234
2826
3263618
388
50
47
-986
2332
2866
3264643
428
136
1
-1103
2707
4032
3265668
215
73
16
-1142
2475
3525
3266693
232
56
0
-1169
2136
2823
3267718
375
186
-38
-987
3142
2958
3268743
-413
348
-69
-896
3239
3232
3269768
-800
128
-184
-1325
2003
2707
3270793
-120
38
-107
-1202
2137
2848
3271818
362
45
15
-1088
2370
3177
3272843
341
33
85
-1192
2237
3225
3273868
249
-80
88
-1070
2539
3303
3274893
95
-241
160
-1133
2296
2963
3275918
161
-287
208
-1200
2061
2803
3276943
185
-281
156
-1058
2843
3161
3269761
-88
-220
157
-1065
3050
3189
3270786
-256
-160
141
-1043
2678
3026
3271811
-128
-141
63
-927
2692
3090
3272836
-70
-86
5
-915
2728
3260
3273861
-103
-41
-29
-961
2557
3278
3274886
-112
-34
-50
-938
2454
3210
3275911
-85
-15
-35
-956
2447
3174
3276936
-38
-1
-4
-993
2373
3172
3277961
15
3
12
-982
2466
3178
3278986
19
6
26
-964
2564
3135
3280011
8
7
24
-972
2592
3118
3281036
9
0
12
-986
2618
3130
3282061
9
-2
6
-1003
2585
3107
3283086
3
-4
2
-1007
2565
3112
3284111
-22
-5
6
-998
2508
3130
3285136
-10
-14
6
-990
2493
3156
3277951
-1
-21
8
-984
2479
3142
3278976
-1
-20
7
-985
2512
3150
3280001
-3
-16
8
-980
2517
3154
3281026
7
-14
2
-987
2566
3157
3282051
-7
-11
0
-974
2562
3147
3283076
-10
-4
-4
-983
2539
3151
3284101
-2
-4
-3
-975
2527
3152
3285126
-7
-2
2
-974
2495
3132
3286151
4
-3
4
-993
2521
3152
3287176
-3
-8
12
-984
2532
3151
3288201
1
-12
19
-992
2531
3148
3289226
3
-22
20
-979
2532
3134
3290251
-6
-18
15
-976
2544
3138
3291276
-12
-16
7
-972
2544
3171
3292301
-6
-10
5
-986
2530
3151
3293326
-3
-9
-1
-970
2519
3151
3286144
-5
-4
0
-971
2506
3161
3287169
6
-4
-2
-977
2532
3171
3288194
0
-4
0
-978
2532
3158
3289219
-5
-2
2
-969
2525
3139
3290244
-5
-2
7
-962
2512
3141
3291269
3
-6
10
-982
2532
3145
3292294
0
-16
12
-989
2548
3136
3293319
-13
-25
18
-977
2533
3107
3294344
-18
-35
17
-978
2529
3132
3295369
-17
-35
15
-967
2539
3165
3296394
-15
-26
8
-950
2539
3173
3297419
-2
-10
0
-948
2527
3203
3298444
9
6
-7
-947
2535
3214
3299469
9
17
-10
-951
2499
3169
3300494
17
26
-11
-977
2502
3161
3301519
26
26
-8
-982
2523
3143
3294336
17
23
-4
-988
2536
3126
3295361
6
12
0
-991
2539
3118
3296386
5
0
2
-996
2538
3106
3297411
-1
-10
0
-988
2552
3128
3298436
-15
-16
3
-988
2532
3145
3299461
-21
-23
7
-973
2508
3157
3300486
-5
-25
8
-970
2514
3134
3301511
-6
-16
5
-966
2552
3158
3302536
-22
-3
5
-968
2514
3200
3303561
9
4
4
-973
2498
3171
3304586
30
4
-3
-960
2569
3158
3305611
-8
8
4
-970
2521
3138
3306636
0
4
5
-988
2503
3123
3307661
8
-7
7
-978
2542
3134
3308686
-8
-7
11
-981
2536
3128
3309711
-7
-10
9
-975
2543
3138
3302527
-10
-9
10
-964
2529
3155
3303552
-9
-7
7
-975
2529
3167
3304577
-11
-9
11
-970
2507
3164
3305602
-1
-7
10
-973
2520
3165
3306627
2
-4
7
-953
2537
3153
3307652
-2
3
4
-974
2539
3162
3308677
5
1
2
-968
2531
3143
3309702
7
2
0
-974
2539
3144
3310727
-3
1
-1
-978
2535
3140
3311752
-1
-2
-2
-977
2528
3137
3312777
5
-5
-2
-967
2525
3133
3313802
-2
-4
2
-973
2533
3147
3314827
-7
-4
4
-984
2523
3156
3315852
2
-7
1
-971
2528
3145
3316877
10
-8
-3
-968
2546
3156
3317902
2
-7
-1
-968
2532
3144
3310720
3
-7
-2
-980
2518
3136
3311745
16
-3
-4
-971
2523
3155
3312770
26
13
-6
-972
2526
3165
3313795
30
21
-11
-973
2534
3145
3314820
31
27
-14
-1009
2561
3133
3315845
27
31
-20
-1027
2569
3132
3316870
37
76
-48
-1049
2673
3107
3317895
-66
260
-75
-983
2766
3443
3318920
-390
260
-187
-846
2843
3118
3319945
-320
202
-202
-1078
2118
3010
3320970
173
130
-117
-964
2253
2850
3321995
349
133
13
-1037
2327
3005
3323020
340
142
9
-1167
2522
3634
3324045
143
38
26
-1238
2477
3322
3325070
167
-25
83
-1199
2190
2839
3326095
441
16
46
-1091
2851
2991
3318981
-77
182
66
-1115
3136
3068
3320006
-595
213
-6
-1174
2758
3290
3321031
-455
-96
-92
-1175
2419
3007
3322056
-128
-258
-83
-1157
2203
2599
3323081
72
-200
-38
-962
2375
2527
3324106
70
-53
55
-1094
2463
3150
3325131
58
-22
122
-1174
2436
3770
3326156
55
-152
170
-1042
2365
3502
3327181
109
-213
189
-1032
1991
2964
3328206
251
-179
143
-922
2605
3075
3329231
111
-129
139
-929
3001
3172
3330256
-114
-69
114
-1036
2689
3120
3331281
-41
-59
40
-1045
2738
3068
3332306
11
-45
-3
-1028
2774
3040
3333331
-34
-32
-14
-989
2579
3064
3334356
-59
-30
-36
-985
2499
3111
3327104
-94
-27
-42
-987
2452
3191
3328129
-92
-28
-18
-970
2416
3213
3329154
-25
-23
3
-958
2482
3156
3330179
26
-13
19
-965
2543
3167
3331204
23
-6
23
-966
2569
3149
3332229
29
-1
8
-986
2598
3106
3333254
14
-6
4
-990
2625
3121
3334279
-4
-6
9
-994
2556
3124
3335304
21
-8
3
-1001
2533
3100
3336329
6
-13
0
-984
2558
3133
3337354
-27
-13
11
-979
2496
3118
3338379
0
-15
12
-993
2513
3122
3339404
-3
-16
8
-971
2594
3167
3340429
-24
-2
9
-961
2533
3158
3341454
10
2
-4
-971
2569
3144
3342479
2
11
-9
-976
2562
3130
3335296
-1
17
-9
-977
2530
3137
3336321
14
14
-7
-991
2508
3111
3337346
23
5
-5
-994
2552
3108
3338371
15
-2
2
-1007
2556
3112
3339396
2
-6
6
-1014
2554
3120
3340421
-4
-14
9
-995
2554
3106
3341446
-22
-14
10
-983
2526
3121
3342471
-1
-18
9
-988
2539
3129
3343496
-2
-17
3
-967
2574
3144
3344521
-18
-7
4
-974
2527
3134
3345546
3
-3
-1
-982
2546
3142
3346571
-7
-4
1
-971
2557
3138
3347596
-15
2
7
-984
2505
3123
3348621
19
-1
0
-995
2557
3134
3349646
1
-6
7
-967
2578
3136
3350671
-17
-2
12
-978
2522
3101
3343488
10
-5
4
-993
2564
3122
3344513
0
-5
3
-980
2566
3138
3345538
-15
-2
3
-985
2533
3137
3346563
2
-6
4
-990
2533
3133
3347588
3
-9
5
-983
2541
3119
3348613
-1
-8
3
-997
2537
3117
3349638
-3
-8
2
-971
2552
3128
3350663
-9
-2
1
-978
2535
3144
3351688
7
0
-1
-1006
2549
3159
3352713
2
-4
-1
-985
2558
3117
3353738
-14
-2
1
-985
2513
3116
3354763
10
-12
1
-991
2555
3135
3355788
-1
-13
6
-978
2561
3122
3356813
-5
-10
3
-983
2553
3132
3357838
4
-6
2
-978
2540
3131
3358863
6
-4
-1
-980
2555
3141
3351680
-2
-2
2
-981
2535
3143
3352705
-6
-4
8
-990
2536
3123
3353730
-6
-9
11
-987
2539
3129
3354755
-3
-12
10
-986
2544
3110
3355780
-3
-8
2
-979
2572
3128
3356805
-12
-3
-2
-982
2566
3144
3357830
-6
-3
-1
-985
2531
3141
3358855
0
-6
3
-980
2526
3134
3359880
-6
-8
7
-979
2520
3116
3360905
2
-4
5
-986
2539
3122
3361930
5
-2
3
-991
2565
3143
3362955
-3
-2
7
-984
2547
3132
3363980
-1
-7
5
-970
2549
3128
3365005
-3
-9
5
-976
2543
3119
3366030
-2
-7
0
-985
2557
3124
3367055
-6
-6
0
-977
2553
3145
3359872
-5
-3
1
-987
2534
3146
3360897
4
-3
2
-977
2531
3125
3361922
-2
1
4
-970
2542
3119
3362947
-4
6
3
-983
2539
3156
3363972
8
6
2
-993
2543
3154
3364997
9
2
2
-982
2555
3117
3366022
-7
0
4
-992
2536
3111
3367047
-1
-5
5
-1005
2545
3105
3368072
1
-11
0
-982
2561
3132
3369097
-5
-4
0
-981
2545
3145
3370122
-2
-6
2
-990
2536
3118
3371147
-6
-10
6
-986
2534
3119
3372172
-8
-11
8
-979
2528
3126
3373197
-6
-7
7
-985
2554
3137
3374222
0
4
-1
-1027
2620
3156
3375247
-16
23
-16
-1056
2705
3164
3368063
-118
103
-9
-1062
2717
3258
3369088
-282
196
-80
-826
2748
3308
3370113
-506
120
-218
-904
2265
3031
3371138
-46
100
-175
-1044
2261
3001
3372163
306
66
-37
-918
2346
2797
3373188
378
140
37
-1116
2422
3122
3374213
386
150
24
-1106
2645
3750
3375238
157
71
35
-1130
2425
3390
3376263
196
6
52
-1141
2154
2830
3377288
415
82
31
-1078
3076
2994
3378313
-256
246
81
-1092
3248
3202
3379338
-931
-3
-57
-1137
2200
2673
3380363
-343
-108
-86
-1264
2090
2748
3381388
241
-112
-10
-999
2544
2861
3382413
210
-22
47
-1059
2537
3238
3383438
120
-2
53
-1087
2461
3526
3376256
44
-73
22
-992
2502
3519
3377281
17
-140
67
-1070
2133
3174
3378306
274
-194
126
-1045
2307
2899
3379331
216
-161
124
-1018
2701
3013
3380356
8
-116
115
-1063
2868
3088
3381381
-105
-96
94
-1045
2786
3009
3382406
-82
-74
31
-1014
2760
3069
3383431
-41
-50
-25
-990
2694
3160
3384456
-66
-29
-42
-977
2566
3125
3385481
-95
-26
-58
-976
2501
3144
3386506
-123
-18
-41
-980
2417
3189
3387531
-48
-17
-8
-1010
2375
3166
3388556
27
-21
12
-963
2522
3163
3389581
7
-10
33
-951
2550
3118
3390606
10
4
17
-976
2607
3104
3391631
24
9
-3
-998
2678
3138
3384448
21
16
-5
-1010
2596
3097
3385473
20
15
-16
-1002
2585
3089
3386498
-15
16
-10
-1013
2511
3114
3387523
-1
11
-5
-1015
2476
3131
3388548
10
0
2
-990
2536
3125
3389573
-11
-2
19
-1025
2514
3111
3390598
-3
-8
16
-1014
2548
3126
3391623
-3
-8
7
-997
2576
3106
3392648
4
-1
-7
-1002
2585
3130
3393673
0
3
-13
-997
2577
3154
3394698
-3
9
-7
-1013
2509
3109
3395723
13
-2
-4
-1004
2531
3109
3396748
0
-12
9
-1007
2530
3101
3397773
0
-21
12
-1028
2552
3116
3398798
-9
-25
13
-1011
2588
3126
3399823
-19
-16
11
-1006
2540
3102
3392640
5
-12
-6
-1000
2573
3139
3393665
-9
-8
-4
-983
2555
3155
3394690
-17
-4
0
-998
2487
3132
3395715
9
-8
3
-1014
2513
3118
3396740
8
-9
7
-1010
2553
3117
3397765
-9
-8
8
-994
2560
3113
3398790
-6
-3
5
-1000
2560
3119
3399815
3
-2
-1
-990
2587
3129
3400840
-8
-1
1
-994
2545
3125
3401865
-2
-5
-1
-1000
2538
3114
3402890
-4
-11
1
-997
2538
3114
3403915
-8
-14
4
-1008
2538
3130
3404940
-8
-16
10
-1000
2522
3126
3405965
0
-14
10
-997
2554
3134
3406990
-3
-11
9
-986
2540
3133
3408015
3
-5
6
-1002
2553
3121
3400832
-1
-2
3
-992
2550
3122
3401857
-3
1
3
-1006
2536
3118
3402882
2
-4
1
-990
2553
3129
3403907
-4
-1
4
-994
2547
3128
3404932
2
-4
2
-995
2559
3126
3405957
-11
-7
6
-993
2553
3118
3406982
-8
-8
6
-999
2532
3114
3408007
-1
-8
7
-999
2541
3120
3409032
-1
-6
7
-1003
2551
3133
3410057
-1
-6
4
-984
2550
3141
3411082
3
-7
4
-1001
2560
3129
3412107
-6
-7
7
-1011
2531
3124
3413132
-2
-7
5
-1003
2542
3124
3414157
-2
-8
6
-995
2539
3118
3415182
0
-10
4
-999
2553
3132
3416207
0
-12
4
-985
2565
3114
3409024
-2
-4
2
-995
2550
3129
3410049
4
-1
0
-981
2548
3134
3411074
-3
-1
4
-996
2529
3126
3412099
-3
-6
8
-1004
2522
3113
3413124
0
-11
11
-997
2550
3108
3414149
-10
-16
14
-991
2555
3115
3415174
-8
-12
11
-990
2554
3123
3416199
1
-11
4
-987
2567
3139
3417224
-4
-8
4
-985
2547
3136
3418249
-5
-7
4
-984
2534
3130
3419274
-4
-8
5
-989
2528
3140
3420299
-1
-7
6
-995
2534
3122
3421324
3
-3
3
-991
2559
3126
3422349
2
1
4
-989
2550
3142
3423374
10
0
2
-995
2556
3126
3424399
6
-1
2
-999
2560
3114
3417215
-6
2
2
-988
2523
3115
3418240
9
7
0
-995
2541
3138
3419265
14
8
1
-991
2553
3123
3420290
7
6
-4
-997
2563
3110
3421315
0
8
-5
-1024
2592
3089
3422340
-36
22
-3
-1012
2516
3134
3423365
-9
82
-59
-1120
2589
3175
3424390
-23
236
-139
-961
2977
3436
3425415
-387
253
-224
-829
3011
3172
3426440
-472
152
-222
-1126
1986
2995
3427465
65
68
-122
-985
2088
2812
3428490
290
80
17
-1013
2282
2851
3429515
317
118
62
-1216
2270
3310
3430540
308
56
5
-1158
2779
3674
3431565
115
-30
39
-1192
2418
3117
3432590
366
15
23
-1126
2539
2806
3425408
81
215
-33
-989
3214
3126
3426433
-627
347
-144
-1174
3253
3648
3427458
-694
-55
-140
-1328
2257
2859
3428483
-122
-237
-28
-1145
1779
2309
3429508
254
-136
39
-1041
2138
2432
3430533
216
-13
157
-1251
2541
3563
3431558
146
-171
298
-1195
2428
3877
3432583
120
-415
339
-1049
2116
3194
3433608
227
-483
275
-1067
2062
2628
3434633
255
-391
153
-859
2883
2956
3435658
-5
-230
74
-865
3381
3294
3436683
-281
-82
26
-963
2994
3261
3437708
-242
3
-49
-926
2613
3199
3438733
-38
36
-99
-910
2505
3195
3439758
18
39
-109
-912
2460
3150
3440783
-59
41
-60
-980
2309
3122
3433600
-90
13
-8
-1001
2299
3207
3434625
-36
-3
47
-1019
2382
3172
3435650
39
-18
76
-981
2538
3137
3436675
43
-16
78
-921
2701
3127
3437700
20
-3
69
-943
2671
3082
3438725
15
-8
32
-959
2664
3114
3439750
-4
-7
4
-970
2606
3113
3440775
1
3
-15
-995
2516
3114
3441800
5
2
-26
-975
2547
3178
3442825
-29
2
-3
-952
2446
3163
3443850
-7
-8
8
-962
2445
3143
3444875
13
-20
16
-956
2531
3159
3445900
-1
-11
21
-951
2544
3140
3446925
10
-5
6
-950
2613
3136
3447950
-8
3
2
-954
2591
3144
3448975
2
11
-4
-967
2551
3134
3441793
5
6
-7
-953
2528
3116
3442818
-6
5
0
-971
2515
3127
3443843
-2
-6
8
-976
2507
3128
3444868
7
-13
15
-982
2558
3146
3445893
-2
-16
19
-957
2557
3149
3446918
0
-15
18
-950
2551
3115
3447943
-8
-15
11
-954
2553
3127
3448968
-12
-12
1
-979
2556
3144
3449993
-9
-13
-4
-956
2527
3152
3451018
-11
-13
-3
-947
2516
3152
3452043
6
-15
2
-952
2527
3132
3453068
-3
-11
4
-945
2549
3152
3454093
-7
-4
7
-950
2529
3139
3455118
19
-1
0
-954
2575
3144
3456143
-12
5
2
-932
2582
3158
3457168
-18
15
3
-960
2519
3156
3449984
16
3
-1
-962
2527
3127
3451009
11
-6
-1
-952
2554
3127
3452034
-9
-8
6
-976
2517
3112
3453059
-1
-12
5
-980
2555
3133
3454084
-13
-7
7
-958
2537
3161
3455109
-10
-6
2
-948
2541
3152
3456134
-1
-7
2
-945
2532
3145
3457159
7
-4
1
-953
2533
3147
3458184
5
-2
5
-973
2544
3131
3459209
-10
-4
11
-960
2527
3133
3460234
-2
-7
12
-963
2538
3137
3461259
-1
-10
10
-949
2567
3157
3462284
-11
-7
6
-946
2566
3169
3463309
-8
-5
1
-933
2533
3159
3464334
7
-2
-7
-950
2541
3158
3465359
6
4
-9
-947
2520
3137
3458175
5
13
-8
-970
2512
3141
3459200
20
9
-2
-988
2523
3129
3460225
10
-4
4
-972
2545
3114
3461250
-11
-14
8
-968
2534
3110
3462275
-10
-19
9
-974
2541
3114
3463300
-9
-21
6
-958
2555
3140
3464325
-12
-22
8
-956
2544
3141
3465350
-11
-22
9
-949
2543
3150
3466375
-14
-18
14
-932
2533
3149
3467400
-13
-9
16
-942
2518
3162
3468425
1
-6
17
-937
2531
3160
3469450
3
-2
18
-958
2555
3153
3470475
-5
1
17
-963
2538
3133
3471500
-4
-4
18
-955
2535
3125
3472525
-4
-12
18
-952
2543
3122
3473550
-9
-18
17
-954
2553
3145
3466369
-14
-19
13
-949
2551
3154
3467394
-8
-15
8
-936
2549
3156
3468419
-11
-10
5
-931
2534
3161
3469444
-7
-10
3
-934
2524
3151
3470469
1
-8
1
-939
2524
3164
3471494
8
-4
1
-947
2529
3148
3472519
11
-2
1
-944
2546
3145
3473544
5
0
2
-938
2549
3143
3474569
8
-1
-2
-945
2553
3143
3475594
5
-1
-5
-949
2529
3137
3476619
5
-1
-7
-962
2556
3127
3477644
-7
3
-6
-963
2540
3130
3478669
21
28
-29
-1055
2781
3137
3479694
-133
129
-7
-996
2572
3267
3480719
-318
309
-95
-822
2534
3429
3481744
-296
206
-268
-857
2711
3158
3474560
-101
108
-211
-1037
2134
3005
3475585
263
54
-120
-944
2259
2869
3476610
329
45
-9
-1049
2387
2832
3477635
291
60
51
-1162
2514
3440
3478660
181
-19
89
-1134
2632
3586
3479685
12
-91
176
-1077
2246
3119
3480710
196
-180
232
-993
2349
2749
3481735
193
-175
209
-1029
2604
2862
3482760
-31
-107
109
-1061
2995
3102
3483785
-252
29
29
-1095
3102
3306
3484810
-393
193
-12
-1113
3063
3509
3485835
-692
-8
-164
-700
2888
3319
3486860
-603
-230
-243
-1064
1782
3001
3487885
-96
-288
-197
-806
1928
2359
3488910
87
-108
-64
-782
2065
2749
3489935
300
61
80
-1174
2297
3477
3482752
371
86
148
-1067
2575
3922
3483777
176
24
144
-815
2503
3567
3484802
82
17
136
-841
2096
3043
3485827
299
42
61
-858
2679
3135
3486852
211
71
-3
-953
3001
3213
3487877
17
93
2
-1110
2712
3042
3488902
54
51
-5
-1124
2624
2926
3489927
55
11
-31
-1068
2715
2967
3490952
-66
-17
-33
-1034
2518
3005
3491977
-107
-53
-26
-994
2476
3153
3493002
-113
-73
-10
-969
2509
3227
3494027
-79
-77
16
-957
2433
3219
3495052
-6
-69
24
-924
2458
3185
3496077
23
-37
14
-916
2590
3195
3497102
8
-7
16
-934
2564
3192
3498127
34
16
3
-973
2547
3171
3490944
36
19
-18
-967
2593
3145
3491969
5
18
-5
-978
2506
3109
3492994
26
10
0
-997
2523
3095
3494019
9
-2
-4
-984
2576
3115
3495044
-33
-3
8
-999
2514
3135
3496069
-18
-9
3
-991
2544
3150
3497094
-13
-10
3
-958
2526
3133
3498119
0
-5
-1
-967
2542
3143
3499144
-2
-4
-5
-961
2540
3147
3500169
-1
2
-9
-973
2524
3153
3501194
24
2
-14
-970
2555
3147
3502219
10
8
-6
-975
2522
3119
3503244
8
1
1
-979
2502
3095
3504269
14
-12
11
-985
2530
3100
3505294
-1
-25
14
-974
2570
3120
3506319
-20
-27
12
-971
2577
3158
3499137
-24
-21
3
-965
2568
3175
3500162
-7
-6
-5
-966
2543
3170
3501187
-12
7
-7
-970
2512
3186
3502212
-2
18
0
-962
2483
3157
3503237
20
14
8
-966
2508
3132
3504262
8
8
18
-989
2546
3137
3505287
-13
1
23
-1006
2515
3106
3506312
14
-8
9
-1002
2567
3106
3507337
8
-17
1
-974
2593
3119
3508362
-18
-19
2
-981
2543
3117
3509387
-16
-23
3
-981
2529
3129
3510412
-22
-23
8
-962
2519
3160
3511437
-20
-18
11
-952
2501
3155
3512462
-6
-16
11
-952
2536
3163
3513487
-10
-11
14
-955
2539
3144
3514512
-8
-4
13
-973
2527
3141
3507327
0
-4
13
-981
2548
3137
3508352
-14
-9
19
-968
2534
3120
3509377
-19
-19
23
-976
2534
3120
3510402
-21
-32
25
-973
2537
3128
3511427
-25
-36
21
-963
2537
3143
3512452
-28
-34
12
-953
2554
3183
3513477
-25
-25
11
-939
2526
3185
3514502
-6
-16
5
-936
2522
3186
3515527
1
-10
2
-939
2525
3181
3516552
-7
-5
4
-946
2496
3175
3517577
5
-6
7
-959
2511
3156
3518602
6
-10
12
-958
2540
3138
3519627
-10
-10
13
-954
2539
3137
3520652
-9
-14
6
-947
2546
3142
3521677
-2
-17
0
-950
2553
3148
3522702
-12
-16
0
-941
2544
3180
3515520
-19
-13
2
-943
2502
3183
3516545
-2
-13
4
-948
2504
3173
3517570
3
-12
8
-937
2529
3158
3518595
-3
-3
8
-942
2523
3162
3519620
12
3
0
-950
2553
3168
3520645
13
5
-1
-949
2551
3164
3521670
0
2
-1
-945
2518
3146
3522695
-1
-2
1
-957
2508
3139
3523720
1
-9
2
-955
2521
3133
3524745
-4
-8
3
-953
2535
3166
3525770
-3
-9
6
-938
2533
3177
3526795
-2
-7
8
-937
2521
3146
3527820
-3
-6
7
-965
2525
3168
3528845
-1
-9
4
-949
2512
3150
3529870
12
-2
-3
-952
2537
3159
3530895
32
15
-10
-997
2587
3142
3523712
43
71
-49
-1064
2803
3197
3524737
-150
217
-54
-895
2609
3447
3525762
-388
243
-184
-750
2828
3202
3526787
-244
111
-154
-1029
2160
2915
3527812
274
49
4
-930
2135
2634
3528837
487
135
3
-976
2497
3440
3529862
333
140
-37
-1110
2802
3827
3530887
46
50
27
-1217
2145
2963
3531912
338
53
-34
-1100
2360
2817
3532937
212
271
-41
-962
3340
3410
3533962
-646
198
-142
-1127
3012
3067
3534987
-834
-18
-177
-1191
1772
2409
3536012
87
10
-110
-1053
2396
2759
3537037
413
58
13
-1119
2511
3288
3538062
201
67
86
-1137
2329
3488
3539087
102
-65
123
-1065
2395
3389
3532181
102
-221
198
-1115
2000
2871
3533206
256
-259
187
-1082
2298
2945
3534231
213
-230
157
-1012
2977
3207
3535256
-92
-161
145
-1047
2978
3076
3536281
-216
-122
79
-1045
2823
2993
3537306
-154
-91
9
-984
2788
3108
3538331
-80
-63
-17
-985
2578
3241
3539356
-37
-64
-39
-927
2572
3211
3540381
-126
-56
-23
-940
2377
3113
3541406
-93
-65
7
-988
2320
3147
3542431
-43
-61
22
-979
2484
3208
3543456
-26
-37
44
-961
2513
3199
3544481
33
-22
46
-932
2593
3166
3545506
41
-8
23
-937
2662
3157
3546531
7
0
3
-966
2617
3124
3547556
-13
-1
-7
-989
2559
3113
3540096
-6
-11
-5
-989
2528
3135
3541121
-19
-17
5
-984
2493
3114
3542146
-13
-23
12
-1001
2480
3092
3543171
-28
-21
10
-954
2534
3179
3544196
-21
-19
12
-946
2519
3192
3545221
24
-19
10
-952
2560
3168
3546246
0
-14
2
-936
2574
3161
3547271
-16
-1
2
-965
2511
3144
3548296
19
3
1
-971
2508
3134
3549321
19
4
1
-961
2573
3168
3550346
-25
4
12
-960
2488
3126
3551371
6
-2
4
-974
2506
3115
3552396
26
-10
2
-975
2589
3135
3553421
-18
-10
6
-960
2550
3138
3554446
-21
-13
4
-967
2513
3145
3555471
7
-17
4
-961
2520
3130
3548288
6
-17
0
-958
2551
3145
3549313
-12
-15
6
-957
2531
3153
3550338
-6
-18
8
-955
2517
3150
3551363
3
-15
8
-954
2544
3134
3552388
-11
-10
8
-955
2546
3165
3553413
-13
-9
9
-951
2507
3163
3554438
6
-6
2
-947
2548
3155
3555463
-7
-4
1
-951
2540
3178
3556488
-4
-3
7
-958
2509
3155
3557513
6
-10
6
-952
2551
3140
3558538
-20
-12
14
-950
2513
3140
3559563
-5
-10
12
-960
2515
3116
3560588
11
-8
3
-945
2609
3176
3561613
-21
-5
8
-943
2533
3163
3562638
-8
-2
1
-952
2511
3149
3563663
18
-7
1
-954
2551
3153
3556480
-10
-8
6
-950
2521
3153
3557505
-17
-6
5
-952
2510
3155
3558530
3
-7
8
-958
2536
3156
3559555
7
-6
5
-951
2560
3146
3560580
-7
-5
1
-937
2558
3153
3561605
-3
0
0
-940
2537
3144
3562630
3
3
-2
-951
2532
3152
3563655
-1
4
4
-975
2508
3154
3564680
-7
-1
6
-962
2501
3146
3565705
5
-6
12
-960
2512
3137
3566730
11
-9
11
-951
2574
3142
3567755
-13
-2
8
-947
2556
3163
3568780
2
4
0
-955
2542
3166
3569805
13
2
-4
-933
2539
3137
3570830
-5
4
0
-953
2513
3145
3571855
-4
2
5
-961
2503
3145
3564672
2
1
4
-963
2535
3163
3565697
1
-4
7
-965
2551
3146
3566722
-3
-6
7
-963
2540
3129
3567747
-1
-6
3
-963
2545
3139
3568772
-7
-3
1
-955
2547
3155
3569797
-11
0
5
-953
2518
3164
3570822
1
-3
2
-956
2525
3166
3571847
1
-5
6
-953
2526
3146
3572872
-4
-3
7
-951
2521
3142
3573897
0
1
4
-957
2539
3156
3574922
2
2
3
-963
2543
3156
3575947
2
0
3
-961
2534
3147
3576972
0
-4
0
-966
2535
3130
3577997
-2
-3
0
-966
2536
3131
3579022
-9
-8
-2
-955
2541
3148
3580047
-4
-8
-3
-957
2520
3164
3572865
10
-1
-4
-949
2535
3171
3573890
0
3
1
-947
2532
3143
3574915
-9
-1
3
-966
2513
3109
3575940
5
-9
-1
-961
2532
3159
3576965
13
9
-2
-961
2536
3196
3577990
9
19
0
-970
2526
3159
3579015
-23
20
16
-991
2466
3143
3580040
-14
27
32
-1056
2541
3141
3581065
-96
84
17
-1057
2851
3319
3582090
-321
212
2
-914
2611
3568
3583115
-457
62
-187
-788
2502
3099
3584140
-267
-30
-251
-1048
2218
2818
3585165
50
-66
-207
-873
2522
2629
3586190
281
-1
-55
-1004
2580
2910
3587215
380
123
48
-1134
2516
3490
3588240
246
180
50
-988
2569
3916
3581056
9
99
119
-1063
1866
3173
3582081
311
71
84
-1136
2175
2908
3583106
267
215
61
-906
3451
3598
3584131
-707
94
-61
-1062
3037
3451
3585156
-1085
-187
-167
-1205
1944
2289
3586181
-473
-102
-170
-941
2585
2368
3587206
75
88
-20
-1083
2371
2993
3588231
323
223
0
-1188
2297
3590
3589256
328
188
8
-1065
2473
3962
3590281
112
-44
89
-1060
1911
3194
3591306
200
-151
103
-1050
1598
2802
3592331
431
-200
94
-964
2505
3127
3593356
224
-195
140
-1055
2777
3200
3594381
-49
-189
152
-1102
2710
3068
3595406
-76
-153
119
-1049
2807
3110
3596431
-56
-76
61
-1006
2852
3255
3589248
-62
-27
10
-959
2667
3239
3590273
13
-26
-21
-973
2492
3151
3591298
-2
-32
-50
-949
2600
3209
3592323
-137
-26
-23
-1002
2316
3204
3593348
-49
-47
14
-996
2285
3110
3594373
4
-50
21
-946
2509
3185
3595398
-23
-34
41
-931
2517
3236
3596423
10
-18
38
-943
2533
3201
3597448
39
-5
8
-956
2623
3205
3598473
26
16
0
-958
2572
3203
3599498
31
32
-12
-983
2502
3175
3600523
39
32
-17
-983
2483
3140
3601548
25
27
-7
-1011
2460
3121
3602573
9
11
-1
-1018
2479
3148
3603598
-10
-9
11
-995
2495
3144
3604623
-12
-22
14
-978
2501
3134
3597439
-11
-23
6
-964
2565
3171
3598464
-27
-11
3
-985
2541
3202
3599489
-8
-4
-3
-989
2493
3176
3600514
1
-3
-6
-963
2476
3178
3601539
-2
0
6
-970
2457
3156
3602564
9
-7
12
-977
2493
3168
3603589
7
-13
22
-979
2508
3160
3604614
15
-15
18
-980
2528
3158
3605639
6
-17
12
-964
2548
3163
3606664
-12
-13
9
-974
2519
3165
3607689
-5
-15
1
-973
2497
3151
3608714
-5
-7
-5
-966
2502
3174
3609739
-10
-1
-6
-968
2498
3205
3610764
-9
6
4
-990
2462
3168
3611789
3
4
3
-979
2513
3169
3612814
-11
3
14
-973
2489
3164
3605632
3
-4
13
-990
2505
3150
3606657
5
-13
10
-981
2559
3161
3607682
-22
-9
13
-970
2511
3156
3608707
-7
-6
4
-980
2510
3166
3609732
-2
-3
3
-969
2513
3197
3610757
-7
1
1
-969
2495
3201
3611782
-4
1
2
-965
2466
3175
3612807
13
0
2
-977
2493
3151
3613832
12
-1
3
-980
2526
3157
3614857
-8
3
4
-982
2507
3162
3615882
6
2
-1
-985
2519
3155
3616907
1
-1
0
-974
2526
3170
3617932
-10
-3
2
-969
2505
3164
3618957
-7
-9
3
-978
2491
3160
3619982
-5
-11
4
-974
2505
3174
3621007
-5
-8
4
-974
2504
3172
3613824
0
-4
1
-976
2514
3187
3614849
4
0
2
-973
2514
3188
3615874
0
0
3
-977
2493
3166
3616899
0
-4
5
-978
2492
3156
3617924
3
-10
11
-976
2491
3154
3618949
-3
-10
13
-1000
2523
3168
3619974
-17
-13
12
-982
2499
3165
3620999
-5
-13
6
-976
2509
3163
3622024
-3
-15
6
-962
2526
3181
3623049
-14
-13
8
-974
2503
3172
3624074
-1
-11
5
-971
2488
3165
3625099
8
-2
2
-961
2523
3195
3626124
0
3
5
-959
2507
3193
3627149
-3
4
4
-971
2498
3172
3628174
10
-1
3
-979
2505
3164
3629199
2
0
3
-978
2514
3161
3622015
-5
-1
4
-978
2510
3169
3623040
2
-6
4
-976
2508
3166
3624065
-1
-9
5
-973
2499
3147
3625090
-12
-10
8
-974
2507
3167
3626115
-14
-13
11
-975
2501
3184
3627140
-9
-17
11
-967
2514
3183
3628165
-17
-14
12
-966
2495
3173
3629190
-6
-6
9
-972
2492
3174
3630215
5
1
2
-963
2529
3196
3631240
2
4
2
-967
2509
3182
3632265
3
1
0
-972
2494
3178
3633290
6
-4
0
-972
2505
3152
3634315
1
-5
-1
-967
2509
3157
3635340
-4
1
-1
-979
2498
3178
3636365
14
14
-5
-977
2509
3204
3637390
47
30
-23
-1001
2596
3193
3630208
41
76
-38
-988
2662
3147
3631233
-121
158
-36
-958
2601
3216
3632258
-236
191
-70
-970
2503
3412
3633283
-165
83
-124
-1009
2457
3074
3634308
22
-5
-46
-1022
2232
2841
3635333
167
-22
43
-952
2345
2819
3636358
188
53
67
-1050
2523
3256
3637383
120
89
32
-1093
2619
3782
3638408
84
78
41
-1139
2248
3351
3639433
350
145
-19
-950
2543
3114
3640458
273
378
-57
-951
3032
3238
3641483
-393
369
-165
-1039
3114
3366
3642508
-678
-51
-201
-1317
1918
2552
3643533
-59
-101
-81
-1110
2038
2404
3644558
401
-38
19
-1121
2402
2896
3645583
282
2
94
-1193
2493
3340
3638400
72
-50
100
-1086
2553
3593
3639425
-7
-169
138
-1069
2268
3210
3640450
184
-210
163
-1066
2177
2929
3641475
272
-184
107
-975
2765
3149
3642500
33
-118
86
-1033
2955
3237
3643525
-137
-68
68
-1059
2686
3050
3644550
-58
-48
7
-1026
2678
3049
3645575
7
-25
-28
-1036
2641
3072
3646600
-24
-16
-44
-1001
2536
3156
3647625
-85
-8
-46
-985
2503
3181
3648650
-73
-8
-23
-1045
2404
3153
3649675
-1
-23
-3
-1034
2469
3160
3650700
6
-26
24
-1020
2514
3112
3651725
2
-33
40
-1011
2560
3095
3652750
-4
-41
40
-1003
2609
3111
3653775
-12
-37
30
-1016
2585
3078
3646593
-13
-27
7
-1014
2613
3144
3647618
-10
-16
3
-1010
2550
3157
3648643
3
-10
0
-996
2503
3137
3649668
-8
-9
1
-989
2494
3141
3650693
-3
-6
13
-1015
2471
3112
3651718
10
-9
16
-1004
2562
3147
3652743
-13
-6
25
-989
2552
3148
3653768
-7
-4
17
-1005
2553
3115
3654793
6
-9
5
-1010
2612
3128
3655818
-17
-8
7
-1003
2549
3115
3656843
-14
-10
1
-1010
2539
3125
3657868
-12
-16
8
-996
2531
3128
3658893
-11
-15
9
-994
2514
3141
3659918
2
-15
7
-999
2539
3150
3660943
-7
-12
15
-997
2524
3148
3661968
-7
-10
12
-1014
2504
3163
3654784
19
-9
9
-1006
2535
3122
3655809
10
-6
-1
-985
2584
3131
3656834
-13
3
-6
-994
2545
3157
3657859
15
7
-13
-1001
2547
3137
3658884
18
6
-14
-1000
2554
3115
3659909
0
10
-9
-1005
2508
3114
3660934
0
5
-6
-1011
2521
3120
3661959
-5
0
2
-1009
2533
3125
3662984
4
-6
9
-1005
2541
3118
3664009
2
-10
9
-997
2557
3118
3665034
-8
-10
6
-997
2556
3125
3666059
-11
-8
4
-1004
2528
3135
3667084
1
-7
2
-1000
2534
3133
3668109
0
-6
3
-996
2529
3131
3669134
-2
-3
2
-1002
2538
3141
3670159
-4
-2
3
-1004
2538
3136
3662977
-5
2
5
-1011
2519
3128
3664002
3
0
7
-1012
2538
3129
3665027
1
-3
11
-1009
2542
3117
3666052
-8
-7
12
-1006
2547
3107
3667077
-9
-12
11
-1006
2548
3118
3668102
-6
-17
7
-1000
2552
3124
3669127
-14
-16
4
-1004
2547
3138
3670152
-14
-12
5
-998
2525
3153
3671177
-9
-11
7
-988
2509
3151
3672202
-1
-12
11
-987
2523
3132
3673227
-3
-11
13
-998
2523
3129
3674252
1
-7
8
-1001
2561
3149
3675277
-7
-3
6
-988
2544
3139
3676302
3
-1
1
-993
2541
3136
3677327
6
-1
-1
-990
2543
3132
3678352
-5
-1
-2
-1002
2538
3143
3671336
-8
-4
2
-1000
2512
3127
3672361
4
-6
3
-988
2536
3124
3673386
0
-5
6
-999
2525
3117
3674411
1
-1
0
-1013
2540
3149
3675436
3
-3
-2
-992
2542
3133
3676461
2
-6
0
-993
2525
3133
3677486
7
-9
1
-995
2530
3131
3678511
6
-10
-1
-997
2543
3122
3679536
5
-6
0
-998
2535
3125
3680561
6
-2
2
-1000
2550
3155
3681586
-4
-4
7
-987
2529
3131
3682611
-5
-3
4
-992
2533
3128
3683636
2
-4
3
-1003
2540
3134
3684661
-4
-1
4
-1008
2533
3134
3685686
-8
1
5
-1001
2530
3139
3686711
-1
-1
8
-1003
2532
3129
3679361
1
-6
10
-987
2537
3124
3680386
-3
-9
9
-999
2543
3122
3681411
-7
-11
7
-1008
2544
3133
3682436
-4
-10
4
-992
2540
3138
3683461
-6
-7
5
-993
2524
3138
3684486
-3
-5
5
-1003
2516
3136
3685511
4
-8
6
-997
2526
3138
3686536
5
-8
3
-991
2538
3131
3687561
1
2
-2
-1000
2542
3123
3688586
14
16
-10
-1017
2576
3124
3689611
13
42
-24
-1028
2616
3172
3690636
36
116
-47
-1118
2777
3281
3691661
-110
229
-72
-922
2774
3465
3692686
-457
66
-210
-941
2473
2954
3693711
-256
12
-185
-1098
2130
2820
3694736
83
-14
-80
-961
2288
2773
3687553
219
27
31
-1017
2329
3056
3688578
382
91
69
-1149
2490
3549
3689603
334
69
34
-1055
2762
3704
3690628
151
-3
37
-1176
2269
2989
3691653
312
83
-23
-1096
2778
2844
3692678
-97
230
-115
-943
3390
3654
3693703
-759
-8
-224
-1254
2434
2787
3694728
-504
-88
-168
-1124
1982
2315
3695753
237
-22
-69
-1079
2364
2810
3696778
354
24
42
-1188
2344
3153
3697803
179
36
63
-1137
2459
3472
3698828
94
-59
79
-1039
2594
3596
3699853
19
-185
155
-1105
2069
2990
3700878
212
-232
173
-1069
2180
2851
3701903
247
-217
156
-1008
2875
3087
3702928
-24
-145
153
-1077
2927
3114
3695743
-179
-104
104
-1060
2781
3032
3696768
-130
-76
37
-1035
2746
3110
3697793
-64
-38
2
-1015
2617
3156
3698818
-19
-30
-25
-957
2542
3152
3699843
-77
-18
-31
-945
2523
3186
3700868
-115
-12
4
-1003
2320
3173
3701893
-43
-23
28
-1004
2425
3146
3702918
-17
-21
45
-978
2538
3164
3703943
3
-19
66
-968
2577
3145
3704968
38
-19
59
-986
2635
3102
3705993
22
-14
41
-996
2631
3079
3707018
-15
-3
14
-995
2631
3128
3708043
-35
4
-2
-993
2564
3137
3709068
0
-4
-6
-998
2474
3110
3710093
22
-16
-10
-990
2532
3113
3711118
-19
-14
3
-990
2490
3107
3703937
-27
-17
9
-984
2520
3146
3704962
-1
-17
11
-987
2555
3158
3705987
10
-9
8
-972
2571
3147
3707012
4
2
0
-971
2584
3138
3708037
-3
10
-2
-983
2545
3150
3709062
8
9
0
-990
2526
3130
3710087
14
-2
5
-994
2524
3101
3711112
0
-9
9
-1003
2522
3104
3712137
-1
-13
9
-1000
2541
3103
3713162
-2
-12
9
-990
2570
3130
3714187
-10
-10
12
-959
2554
3130
3715212
-8
-7
10
-989
2544
3140
3716237
-2
-6
2
-984
2524
3126
3717262
1
-4
-5
-982
2552
3127
3718287
0
-4
0
-984
2543
3124
3719312
-6
-5
6
-984
2534
3133
3712127
-2
-3
7
-984
2525
3134
3713152
14
-2
7
-982
2563
3126
3714177
-4
-1
9
-975
2549
3129
3715202
-3
0
9
-990
2535
3117
3716227
3
-6
6
-989
2567
3136
3717252
-14
-7
8
-986
2535
3138
3718277
0
-8
4
-991
2538
3130
3719302
0
-8
2
-978
2565
3123
3720327
-15
-4
2
-985
2531
3117
3721352
3
-4
4
-988
2543
3133
3722377
-3
-6
9
-975
2551
3134
3723402
-9
-5
6
-974
2542
3130
3724427
3
-5
4
-980
2537
3124
3725452
7
-5
2
-991
2552
3123
3726477
-1
-4
4
-991
2550
3126
3727502
-7
-4
7
-980
2537
3145
3720320
-4
-6
8
-981
2538
3131
3721345
1
-8
7
-974
2550
3126
3722370
-6
-4
4
-974
2553
3127
3723395
-1
1
0
-979
2547
3138
3724420
4
4
0
-978
2550
3141
3725445
-2
8
2
-980
2535
3135
3726470
6
6
4
-981
2528
3113
3727495
7
3
3
-989
2565
3123
3728520
-9
0
4
-987
2555
3133
3729545
-7
-3
5
-995
2533
3117
3730570
3
-6
4
-984
2552
3124
3731595
-1
-6
6
-986
2547
3135
3732620
-7
-2
3
-988
2535
3126
3733645
-4
-1
4
-976
2543
3144
3734670
4
-1
9
-978
2531
3128
3735695
3
-1
7
-997
2544
3129
3728512
3
-3
5
-997
2535
3106
3729537
2
-2
1
-987
2558
3135
3730562
0
-3
2
-980
2563
3143
3731587
1
-3
3
-987
2547
3130
3732612
2
-2
-1
-966
2547
3116
3733637
3
5
-3
-978
2540
3135
3734662
5
6
-2
-985
2540
3141
3735687
4
5
1
-987
2543
3129
3736712
3
6
1
-996
2549
3131
3737737
2
7
2
-991
2540
3119
3738762
5
7
-1
-999
2541
3110
3739787
13
6
-4
-1006
2565
3122
3740812
-6
7
2
-988
2544
3124
3741837
-12
8
4
-990
2541
3140
3742862
3
0
2
-1017
2544
3114
3743887
8
10
-7
-1039
2630
3151
3736704
-24
69
-5
-1088
2742
3180
3737729
-198
166
-19
-1016
2732
3305
3738754
-461
135
-133
-863
2539
3179
3739779
-271
74
-196
-1059
2258
3136
3740804
-2
15
-158
-923
2361
2854
3741829
113
41
-50
-944
2248
2809
3742854
318
90
17
-1087
2377
3116
3743879
494
104
29
-1164
2745
3754
3744904
280
6
53
-1190
2654
3374
3745929
146
-11
72
-1215
2218
2850
3746954
126
137
69
-960
2886
2983
3747979
-509
144
-106
-1007
3318
3493
3749004
-935
-129
-167
-1296
2188
2598
3750029
-511
-136
-144
-981
2308
2293
3751054
63
17
-40
-996
2333
2905
3752079
247
138
32
-1150
2261
3385
3744896
240
141
33
-1080
2509
3871
3745921
130
-33
102
-1071
2346
3619
3746946
109
-178
164
-1075
1723
2907
3747971
292
-195
122
-1005
2174
2981
3748996
205
-162
112
-1062
2884
3271
3750021
-74
-117
150
-1111
2840
3198
3751046
-147
-77
98
-1064
2665
3120
3752071
-3
-45
40
-1074
2705
3130
3753096
109
-47
2
-1047
2713
3091
3754121
48
-30
-42
-977
2717
3087
3755146
-65
-14
-62
-1006
2539
3140
3756171
-52
-38
-46
-997
2448
3182
3757196
-9
-46
-42
-987
2483
3199
3758221
34
-42
-35
-961
2477
3210
3759246
58
-25
-27
-973
2525
3179
3760271
41
9
-21
-983
2548
3150
3753088
56
40
-26
-1019
2486
3138
3754113
87
51
-26
-1004
2543
3120
3755138
76
59
-4
-1053
2546
3072
3756163
44
43
-7
-1080
2547
3063
3757188
16
24
12
-1066
2538
3036
3758213
6
10
30
-1086
2541
3022
3759238
-12
-4
36
-1068
2561
3060
3760263
-33
-22
40
-1041
2577
3099
3761288
-37
-37
40
-1016
2566
3099
3762313
-36
-40
36
-1024
2562
3123
3763338
-29
-35
22
-1026
2577
3170
3764363
-33
-22
6
-1025
2524
3176
3765388
-13
-14
-6
-995
2494
3130
3766413
9
-4
-4
-1004
2517
3129
3767438
2
-2
10
-1010
2534
3131
3768463
-4
-6
21
-1017
2549
3100
3761279
0
-9
21
-1011
2574
3120
3762304
5
-6
10
-1024
2578
3113
3763329
-3
-3
-7
-1019
2597
3132
3764354
-11
4
-13
-1031
2555
3145
3765379
-1
2
-17
-1030
2531
3149
3766404
-4
0
-15
-1001
2521
3130
3767429
-2
2
-16
-1011
2539
3126
3768454
7
6
-27
-1043
2553
3143
3769479
18
4
-50
-1034
2596
3149
3770504
2
9
-62
-1038
2541
3137
3771529
4
15
-63
-1069
2498
3121
3772554
9
13
-44
-1062
2460
3070
3773579
8
7
-20
-1079
2474
3050
3774604
-8
-13
9
-1075
2504
3053
3775629
-33
-35
33
-1062
2522
3043
3776654
-42
-52
48
-1046
2533
3048
3769472
-49
-62
60
-1031
2553
3071
3770497
-64
-66
69
-1011
2569
3127
3771522
-81
-66
72
-994
2572
3194
3772547
-85
-55
63
-970
2554
3233
3773572
-67
-36
46
-961
2529
3248
3774597
-40
-8
20
-971
2513
3243
3775622
-23
28
-2
-976
2513
3248
3776647
1
57
-5
-979
2496
3214
3777672
30
76
-4
-995
2475
3151
3778697
56
74
-8
-1023
2509
3090
3779722
52
58
-5
-1053
2530
3061
3780747
34
34
-4
-1083
2548
3050
3781772
11
2
0
-1087
2550
3040
3782797
-7
-31
0
-1071
2559
3051
3783822
-27
-57
-1
-1048
2557
3091
3784847
-39
-68
-5
-1020
2532
3134
3777665
-29
-64
-18
-1003
2552
3190
3778690
-26
-47
-24
-971
2518
3231
3779715
-10
-21
-23
-983
2469
3222
3780740
18
-3
-19
-972
2476
3191
3781765
32
16
-11
-1006
2502
3169
3782790
20
27
-1
-1019
2508
3148
3783815
17
29
6
-1039
2518
3109
3784840
21
18
13
-1052
2529
3090
3785865
6
3
20
-1042
2538
3066
3786890
-22
-13
30
-1036
2532
3075
3787915
-41
-26
38
-1029
2522
3120
3788940
-42
-32
37
-1022
2517
3153
3789965
-39
-33
30
-1013
2532
3175
3790990
-32
-29
27
-1000
2522
3189
3792015
-18
-21
23
-990
2500
3169
3793040
-5
-8
15
-996
2514
3175
3785856
5
2
11
-993
2516
3179
3786881
14
7
7
-1000
2528
3164
3787906
14
5
5
-1010
2534
3135
3788931
2
-4
4
-1020
2526
3114
3789956
-2
-11
3
-1021
2529
3115
3790981
-10
-14
3
-1018
2540
3145
3792006
-16
-17
4
-1009
2527
3144
3793031
-9
-20
3
-994
2512
3139
3794056
1
-16
-3
-981
2522
3156
3795081
0
-7
-10
-985
2538
3175
3796106
7
-1
-11
-998
2517
3166
3797131
30
9
-13
-1022
2522
3142
3798156
22
21
-24
-1063
2661
3138
3799181
-94
53
-7
-1043
2596
3145
3800206
-114
112
-21
-1060
2483
3252
3801231
-27
183
-92
-983
2606
3479
3794048
-282
89
-212
-960
2661
3076
3795073
-264
29
-204
-1077
2267
2904
3796098
85
-43
-105
-973
2315
2744
3797123
301
-2
-4
-1057
2333
2897
3798148
394
75
-11
-1144
2573
3636
3799173
249
39
-8
-1171
2732
3618
3800198
169
10
6
-1237
2216
2951
3801223
248
185
-50
-930
2913
3300
3802248
-385
261
-155
-958
3518
3694
3803273
-934
-43
-211
-1321
1779
2549
3804298
-274
-95
-195
-1070
1919
2252
3805323
412
10
-53
-1117
2256
2911
3806348
412
50
60
-1300
2334
3352
3807373
289
-35
98
-1165
2496
3362
3808398
136
-153
147
-1064
2618
3386
3809423
104
-244
239
-1189
1911
2773
3802239
252
-227
175
-1057
2311
3027
3803264
195
-198
110
-996
3146
3309
3804289
-127
-102
114
-1078
2946
3131
3805314
-175
-61
67
-1057
2611
3003
3806339
-59
-37
1
-1018
2753
3088
3807364
-76
-5
-34
-1050
2612
3163
3808389
-90
-4
-43
-997
2476
3195
3809414
-93
10
-29
-993
2463
3178
3810439
-77
9
5
-1041
2377
3168
3811464
-16
-8
38
-1028
2440
3154
3812489
10
-8
55
-1020
2523
3124
3813514
9
-16
59
-1006
2592
3090
3814539
-2
-7
45
-1021
2590
3071
3815564
6
3
10
-1046
2660
3138
3816589
-11
7
3
-1039
2615
3140
3817614
-19
12
-2
-1036
2490
3135
3810492
4
3
-9
-1036
2481
3133
3811517
-1
-5
1
-1034
2470
3134
3812542
-11
-12
10
-1035
2459
3136
3813567
4
-18
13
-1035
2553
3135
3814592
-12
-15
18
-1019
2544
3111
3815617
-8
-6
1
-1027
2581
3164
3816642
4
3
-8
-1022
2583
3149
3817667
-5
8
-9
-1017
2536
3122
3818692
-5
8
-6
-1032
2480
3112
3819717
6
5
0
-1046
2494
3142
3820742
2
-1
15
-1042
2487
3127
3821767
15
-9
25
-1039
2519
3112
3822792
-4
-18
24
-1021
2564
3123
3823817
-12
-17
20
-1030
2552
3119
3824842
13
-14
3
-1032
2554
3124
3825867
0
-9
-7
-1004
2581
3140
3818624
-25
2
-1
-1023
2483
3148
3819649
8
1
-4
-1040
2494
3137
3820674
8
-3
2
-1013
2519
3117
3821699
-6
-2
5
-1028
2511
3128
3822724
6
-9
9
-1021
2537
3123
3823749
8
-7
9
-1018
2567
3123
3824774
1
-3
8
-1017
2565
3127
3825799
-6
0
7
-1027
2529
3122
3826824
1
-2
7
-1027
2517
3128
3827849
-6
-7
10
-1032
2524
3137
3828874
-12
-9
14
-1035
2506
3126
3829899
-1
-9
11
-1028
2527
3129
3830924
-4
-4
8
-1016
2541
3136
3831949
-7
3
6
-1026
2524
3141
3832974
4
3
4
-1039
2531
3138
3833999
-3
-4
5
-1033
2537
3115
3826816
-11
-10
7
-1027
2527
3102
3827841
-14
-12
6
-1031
2534
3127
3828866
-7
-13
5
-1034
2538
3140
3829891
-8
-12
2
-1017
2528
3141
3830916
-9
-7
0
-1019
2531
3146
3831941
-5
-5
3
-1014
2513
3148
3832966
-1
-7
5
-1013
2517
3129
3833991
-4
-5
7
-1025
2510
3127
3835016
3
-3
1
-1024
2538
3144
3836041
0
-1
1
-1016
2531
3138
3837066
-1
1
0
-1019
2520
3122
3838091
4
-1
2
-1025
2538
3118
3839116
-6
-4
5
-1028
2522
3126
3840141
-5
-5
5
-1023
2528
3130
3841166
-8
-7
5
-1019
2542
3143
3842191
-13
-5
7
-1021
2516
3141
3835008
-4
-2
4
-1018
2521
3140
3836033
5
-2
5
-1007
2524
3125
3837058
0
0
3
-1021
2532
3129
3838083
-5
2
3
-1041
2529
3142
3839108
3
0
1
-1033
2511
3136
3840133
7
-6
2
-1020
2528
3117
3841158
-4
-11
5
-1025
2528
3117
3842183
-3
-14
3
-1025
2531
3127
3843208
4
-12
2
-1020
2545
3140
3844233
-2
-5
3
-1016
2532
3156
3845258
-7
-3
5
-1014
2518
3149
3846283
-7
-1
8
-1019
2501
3137
3847308
5
-3
9
-1032
2524
3130
3848333
4
-5
7
-1033
2548
3125
3849358
-15
-3
9
-1026
2537
3124
3850383
-10
-3
10
-1028
2509
3126
3843200
8
-8
6
-1017
2539
3124
3844225
-6
-8
4
-1011
2541
3141
3845250
-12
-5
1
-1028
2520
3155
3846275
-1
-6
2
-1024
2518
3145
3847300
-2
-6
7
-1023
2505
3132
3848325
1
-10
10
-1023
2513
3136
3849350
1
-18
13
-1029
2531
3144
3850375
-3
-25
15
-1029
2533
3117
3851400
-13
-25
15
-1019
2536
3105
3852425
-20
-25
16
-1024
2524
3140
3853450
-16
-24
8
-1011
2522
3151
3854475
-5
-19
6
-996
2533
3156
3855500
-3
-12
5
-1015
2521
3152
3856525
4
-4
3
-1007
2559
3140
3857550
-36
17
7
-1008
2534
3169
3858575
-12
33
-5
-1096
2598
3176
3851391
0
95
-25
-1117
2791
3248
3852416
-179
217
-25
-872
2604
3447
3853441
-342
94
-150
-960
2172
2992
3854466
-13
33
-196
-1071
2440
2943
3855491
185
-5
-60
-946
2466
2803
3856516
252
55
43
-1073
2398
2983
3857541
361
102
46
-1118
2645
3658
3858566
192
75
61
-1141
2572
3492
3859591
206
50
60
-1249
2152
2975
3860616
311
173
12
-1003
3006
3100
3861641
-288
306
-78
-918
3224
3524
3862666
-745
56
-251
-1332
2179
2648
3863691
-263
-18
-240
-1041
2368
2374
3864716
227
124
-121
-1121
2446
2946
3865741
281
184
-15
-1283
2270
3191
3866766
264
120
43
-1188
2458
3583
3859584
138
-104
164
-1170
2345
3325
3860609
77
-283
287
-1189
1738
2665
3861634
298
-292
248
-1101
2185
2763
3862659
198
-237
160
-1068
3245
3246
3863684
-216
-175
179
-1118
3123
3118
3864709
-286
-121
128
-1098
2771
3066
3865734
-102
-91
34
-992
2793
3156
3866759
-29
-43
-5
-1021
2614
3150
3867784
-26
-48
-53
-1001
2536
3158
3868809
-127
-37
-42
-981
2435
3098
3869834
-143
-20
-13
-1057
2291
3134
3870859
-35
-24
0
-1014
2482
3222
3871884
9
-7
40
-992
2527
3164
3872909
41
1
41
-979
2610
3128
3873934
23
5
25
-986
2685
3104
3874959
0
13
11
-1046
2594
3081
3867776
26
7
-7
-1054
2593
3092
3868801
6
6
-3
-1047
2548
3099
3869826
-7
-4
6
-1040
2494
3082
3870851
-2
-15
9
-1021
2508
3117
3871876
-5
-26
14
-1025
2540
3121
3872901
-14
-26
12
-1031
2574
3126
3873926
-28
-20
3
-1019
2583
3164
3874951
-21
-3
-4
-1019
2523
3131
3875976
10
10
-15
-1025
2561
3144
3877001
3
16
-8
-1018
2539
3144
3878026
1
21
-1
-1010
2502
3108
3879051
14
10
3
-1019
2539
3098
3880076
5
5
10
-1048
2527
3094
3881101
17
-6
4
-1044
2563
3084
3882126
13
-12
5
-1045
2594
3092
3883151
-21
-14
5
-1025
2552
3107
3875968
-12
-13
1
-1028
2523
3109
3876993
5
-12
-4
-1013
2561
3139
3878018
-14
-5
0
-1011
2527
3134
3879043
-10
-1
3
-1021
2522
3134
3880068
1
2
2
-1026
2533
3124
3881093
7
7
-1
-1038
2548
3124
3882118
6
8
-2
-1038
2547
3100
3883143
-1
10
2
-1034
2553
3104
3884168
-1
4
5
-1039
2544
3101
3885193
0
-3
6
-1045
2544
3091
3886218
-9
-11
8
-1041
2538
3097
3887243
-12
-14
11
-1044
2544
3113
3888268
-16
-16
13
-1037
2536
3107
3889293
-15
-16
12
-1026
2547
3119
3890318
-14
-15
10
-1029
2538
3122
3891343
-8
-12
3
-1026
2546
3146
3884281
0
-10
3
-1030
2548
3130
3885306
-15
-7
5
-1010
2538
3127
3886331
-6
-6
4
-1022
2532
3113
3887356
8
-9
2
-1022
2551
3113
3888381
2
-8
3
-1028
2560
3116
3889406
-11
-7
8
-1029
2546
3115
3890431
-3
-8
10
-1026
2536
3106
3891456
-8
-10
9
-1014
2541
3121
3892481
-6
-10
9
-1026
2550
3120
3893506
-3
-12
6
-1021
2550
3131
3894531
-7
-13
7
-1024
2544
3126
3895556
-14
-15
10
-1023
2530
3108
3896581
-10
-16
9
-1015
2546
3131
3897606
-8
-11
9
-999
2536
3129
3898631
2
-5
4
-1019
2548
3130
3899656
0
0
1
-1028
2533
3147
3892352
7
2
0
-1025
2517
3130
3893377
9
-4
5
-1013
2521
3110
3894402
5
-11
12
-1022
2551
3108
3895427
1
-17
13
-1021
2552
3096
3896452
-1
-13
6
-1016
2572
3113
3897477
-1
-10
1
-1024
2561
3136
3898502
-9
-13
3
-1018
2537
3116
3899527
-14
-21
2
-1017
2518
3107
3900552
-5
-24
2
-1021
2526
3139
3901577
-1
-24
2
-1016
2547
3119
3902602
-15
-21
0
-997
2547
3130
3903627
-5
-7
0
-1012
2517
3160
3904652
20
4
-3
-1007
2552
3129
3905677
0
5
3
-1001
2545
3136
3906702
-10
8
9
-1008
2507
3144
3907727
19
5
9
-1020
2538
3103
3900544
16
3
6
-1026
2575
3102
3901569
0
8
1
-1051
2575
3097
3902594
16
18
-17
-1089
2687
3082
3903619
-34
79
-31
-1103
2708
3172
3904644
-171
253
-79
-922
2510
3400
3905669
-336
215
-262
-885
2754
3096
3906694
-259
129
-320
-1122
2174
3108
3907719
213
89
-265
-1020
2488
2841
3908744
237
125
-147
-1094
2425
2872
3909769
145
147
-59
-1230
2366
3277
3910794
156
104
21
-1215
2549
3588
3911819
117
9
126
-1277
2117
3133
3912844
372
43
86
-1139
2530
2957
3913869
34
223
57
-991
3406
3558
3914894
-683
36
-4
-1282
2666
3126
3915919
-537
-194
-24
-1253
1850
2210
3908736
136
-139
-39
-1088
2440
2549
3909761
265
-45
26
-1229
2656
3156
3910786
44
2
80
-1215
2336
3336
3911811
84
-18
53
-1089
2465
3574
3912836
84
-114
89
-1049
2420
3270
3913861
71
-152
124
-1074
2087
2945
3914886
184
-149
88
-1062
2618
3095
3915911
68
-116
93
-1095
2871
3169
3916936
-72
-78
101
-1119
2646
3048
3917961
-15
-74
64
-1096
2694
3060
3918986
2
-60
41
-1068
2662
3085
3920011
-29
-41
15
-1054
2518
3045
3921036
-49
-43
-12
-1034
2563
3141
3922061
-78
-32
-1
-1046
2488
3181
3923086
-49
-21
15
-1050
2422
3159
3924111
-5
-22
26
-1024
2509
3149
3916928
-11
-10
35
-1019
2518
3109
3917953
5
-9
26
-1030
2580
3128
3918978
13
-11
15
-1038
2605
3119
3920003
2
-2
5
-1065
2561
3102
3921028
7
0
-3
-1060
2564
3130
3922053
10
3
2
-1049
2504
3104
3923078
14
-3
-2
-1049
2535
3110
3924103
-11
-10
4
-1048
2522
3121
3925128
-6
-12
12
-1052
2496
3109
3926153
14
-16
9
-1053
2575
3131
3927178
-19
-11
15
-1031
2554
3122
3928203
-18
-3
10
-1037
2523
3121
3929228
11
-5
1
-1043
2561
3128
3930253
-3
-4
1
-1038
2547
3126
3931278
-6
-5
2
-1040
2531
3114
3932303
-1
-6
4
-1042
2532
3128
3925120
7
-8
7
-1049
2533
3129
3926145
5
-12
11
-1037
2534
3084
3927170
-3
-6
9
-1042
2547
3103
3928195
-6
-5
6
-1059
2549
3137
3929220
-4
-7
8
-1053
2538
3118
3930245
-1
-8
4
-1030
2532
3113
3931270
2
-13
3
-1039
2551
3125
3932295
-10
-18
8
-1028
2531
3114
3933320
-6
-17
8
-1047
2545
3109
3934345
-13
-15
10
-1032
2542
3133
3935370
-10
-10
10
-1031
2528
3112
3936395
-6
-8
5
-1030
2560
3132
3937420
-11
-6
10
-1035
2534
3136
3938445
1
-7
7
-1030
2534
3127
3939470
-5
-10
6
-1021
2546
3134
3940495
-6
-7
8
-1044
2518
3128
3933312
6
-8
5
-1035
2547
3121
3934337
-7
-3
7
-1037
2532
3114
3935362
-2
-2
4
-1038
2534
3115
3936387
-4
-3
3
-1026
2546
3129
3937412
-8
0
6
-1034
2520
3122
3938437
5
-4
5
-1037
2535
3136
3939462
-1
-7
9
-1036
2539
3128
3940487
-3
-8
7
-1036
2538
3129
3941512
-1
-8
7
-1024
2550
3109
3942537
-5
-4
4
-1037
2532
3114
3943562
2
0
-1
-1032
2550
3129
3944587
-3
3
1
-1031
2532
3127
3945612
8
3
1
-1027
2526
3116
3946637
4
0
3
-1029
2540
3111
3947662
-4
0
7
-1040
2524
3110
3948687
6
-2
5
-1034
2548
3111
3941503
-2
-2
4
-1029
2555
3105
3942528
-6
3
0
-1034
2538
3111
3943553
7
5
-6
-1022
2546
3126
3944578
9
15
-12
-1026
2538
3119
3945603
6
27
-19
-1052
2550
3130
3946628
4
33
-19
-1042
2522
3150
3947653
13
29
-18
-1039
2523
3127
3948678
21
22
-9
-1036
2533
3107
3949703
12
14
1
-1057
2528
3098
3950728
6
4
8
-1059
2547
3081
3951753
1
1
13
-1054
2551
3093
3952778
-2
-3
10
-1058
2553
3104
3953803
-4
-8
3
-1059
2562
3096
3954828
-12
-10
-1
-1058
2551
3106
3955853
-16
-11
5
-1046
2520
3123
3956878
-11
-11
6
-1048
2521
3124
3949696
-8
-11
8
-1049
2522
3119
3950721
0
-9
9
-1057
2531
3113
3951746
-1
-5
7
-1052
2542
3115
3952771
-3
-1
1
-1047
2557
3126
3953796
-5
-2
3
-1043
2533
3102
3954821
3
-7
3
-1056
2525
3104
3955846
-2
-10
4
-1047
2525
3110
3956871
-9
-9
5
-1054
2543
3117
3957896
-6
-14
7
-1048
2546
3107
3958921
-7
-18
1
-1041
2557
3130
3959946
-6
-5
0
-1038
2545
3149
3960971
7
11
-4
-1038
2523
3129
3961996
11
10
-5
-1042
2529
3102
3963021
4
3
4
-1060
2516
3094
3964046
6
-1
8
-1058
2542
3090
3965071
-8
-2
9
-1055
2546
3095
3957889
-3
-8
6
-1062
2545
3113
3958914
6
-10
2
-1053
2553
3112
3959939
-7
-8
1
-1046
2549
3109
3960964
-12
-5
1
-1053
2521
3123
3961989
-4
-7
2
-1052
2526
3135
3963014
4
-7
5
-1030
2535
3106
3964039
4
-2
6
-1039
2539
3108
3965064
3
0
3
-1072
2546
3118
3966089
3
-3
-2
-1061
2535
3098
3967114
8
-4
-4
-1056
2546
3110
3968139
5
-4
-1
-1053
2524
3092
3969164
37
15
-21
-1106
2605
3081
3970189
60
71
-64
-1171
2788
3159
3971214
-84
266
-94
-916
2749
3589
3972239
-316
198
-188
-962
2720
2997
3973264
-174
117
-162
-1151
2102
2900
3966080
237
29
-44
-1040
2284
2717
3967105
285
40
65
-1139
2432
2988
3968130
266
87
71
-1211
2447
3595
3969155
226
52
48
-1251
2628
3404
3970180
290
60
6
-1252
2599
2804
3971205
58
286
-62
-951
3355
3561
3972230
-663
146
-187
-1213
2945
2908
3973255
-747
-8
-186
-1192
2000
2196
3974280
-44
59
-131
-1187
2369
2958
3975305
280
103
23
-1276
2196
3138
3976330
295
86
44
-1211
2290
3462
3977355
289
-178
128
-1200
2428
3288
3978380
188
-337
266
-1180
1750
2547
3979405
291
-307
212
-1097
2154
2813
3980430
211
-274
186
-1085
3139
3241
3981455
-175
-214
211
-1178
3026
3096
3974273
-283
-159
160
-1100
2708
3039
3975298
-142
-102
64
-1002
2860
3187
3976323
-87
-34
5
-999
2743
3188
3977348
-54
-16
-32
-1008
2532
3166
3978373
-75
-7
-57
-1007
2603
3186
3979398
-138
6
-23
-1074
2393
3165
3980423
-61
-10
8
-1072
2336
3099
3981448
8
-21
15
-1024
2550
3117
3982473
7
-17
36
-1012
2589
3137
3983498
13
-9
29
-1002
2617
3126
3984523
25
3
9
-1018
2653
3115
3985548
23
21
1
-1064
2593
3101
3986573
22
26
-7
-1080
2547
3090
3987598
21
20
-4
-1081
2504
3056
3988623
24
1
3
-1078
2517
3033
3989648
-8
-16
9
-1078
2552
3059
3982465
-34
-32
18
-1057
2566
3093
3983490
-29
-43
20
-1031
2578
3105
3984515
-26
-43
9
-1016
2595
3144
3985540
-30
-26
-3
-1015
2555
3165
3986565
-11
-7
-17
-1025
2553
3171
3987590
8
11
-18
-1026
2526
3167
3988615
22
25
-15
-1041
2506
3131
3989640
27
29
-8
-1038
2530
3088
3990665
23
31
-1
-1063
2525
3081
3991690
21
17
3
-1078
2539
3065
3992715
15
-2
7
-1081
2564
3046
3993740
-6
-21
13
-1068
2579
3039
3994765
-29
-35
16
-1069
2568
3049
3995790
-37
-46
10
-1067
2567
3059
3996815
-47
-51
0
-1064
2577
3074
3997840
-57
-62
-6
-1037
2571
3102
3990657
-63
-69
-11
-1025
2555
3120
3991682
-58
-74
-13
-1011
2539
3142
3992707
-48
-75
-13
-1000
2529
3162
3993732
-40
-69
-15
-1001
2525
3181
3994757
-22
-59
-20
-995
2533
3191
3995782
-7
-45
-26
-1005
2543
3188
3996807
-3
-32
-38
-1002
2533
3232
3997832
20
-21
-45
-998
2503
3208
3998857
59
-3
-53
-1004
2508
3120
3999882
77
14
-61
-997
2592
3146
4000907
32
33
-57
-991
2629
3140
4001932
-19
52
-76
-1027
2550
3104
4002957
13
57
-103
-1067
2557
3101
4003982
54
53
-113
-1076
2540
3109
4005007
49
47
-108
-1126
2466
3077
4006032
24
35
-82
-1161
2411
3034
3998849
23
11
-38
-1126
2392
3030
3999874
16
-14
3
-1112
2467
3059
4000899
-6
-40
33
-1082
2544
3071
4001924
-15
-52
38
-1080
2568
3081
4002949
-11
-57
23
-1065
2623
3099
4003974
-27
-43
8
-1043
2622
3122
4004999
-41
-22
-3
-1049
2554
3160
4006024
-36
-9
-5
-1056
2482
3164
4007049
-28
-2
-1
-1067
2471
3168
4008074
-12
1
12
-1061
2460
3157
4009099
1
5
17
-1063
2503
3137
4010124
-2
8
16
-1075
2543
3104
4011149
-3
7
12
-1083
2563
3118
4012174
0
-2
8
-1083
2551
3099
4013199
-7
-11
1
-1083
2551
3086
4014224
-23
-22
5
-1073
2513
3094
4007039
-22
-33
9
-1072
2496
3107
4008064
-12
-41
11
-1060
2512
3126
4009089
-14
-45
8
-1067
2536
3137
4010114
-16
-45
5
-1057
2528
3137
4011139
-14
-46
0
-1053
2522
3126
4012164
-10
-48
-6
-1056
2522
3127
4013189
-12
-47
-12
-1053
2542
3132
4014214
-14
-42
-14
-1060
2524
3167
4015239
-5
-45
-10
-1038
2493
3168
4016264
3
-44
-9
-1023
2495
3127
4017289
12
-43
-8
-1049
2497
3150
4018314
24
-50
-5
-1054
2505
3115
4019339
3
-57
-9
-1048
2528
3081
4020364
-24
-56
-2
-1057
2547
3111
4021389
-37
-58
1
-1033
2515
3143
4022414
-38
-51
-2
-1008
2518
3161
4015232
-30
-51
-5
-1017
2517
3167
4016257
-30
-43
-1
-1015
2486
3193
4017282
-3
-33
-3
-1024
2495
3182
4018307
9
-30
-3
-1029
2492
3164
4019332
3
-36
-6
-1018
2502
3131
4020357
-11
-40
-10
-1012
2524
3150
4021382
-8
-41
-6
-1021
2521
3158
4022407
-10
-37
-6
-1006
2523
3148
4023432
-16
-33
-6
-1013
2523
3136
4024457
-13
-36
-12
-1021
2530
3134
4025482
-23
-21
-25
-1020
2522
3126
4026507
-47
23
-65
-1055
2584
3185
4027532
-81
80
-106
-957
2529
3233
4028557
-51
106
-147
-988
2500
3207
4029582
25
69
-177
-1138
2530
3182
4030607
-6
63
-187
-1038
2571
3263
4023435
-126
61
-200
-988
2355
3086
4024460
-28
68
-212
-1149
2597
3117
4025485
-103
32
-176
-1089
2703
3183
4026510
-340
60
-141
-1175
2316
3234
4027535
-274
21
-156
-1143
2274
3184
4028560
-192
36
-106
-1124
2198
3041
4029585
-4
0
-40
-1154
2115
3149
4030610
162
-71
-24
-1226
2379
3212
4031635
117
-100
32
-1248
2463
2997
4032660
57
-203
83
-1274
2412
2977
4033685
-53
-355
178
-1215
2522
2957
4034710
-149
-511
324
-1207
2359
2856
4035735
-118
-733
482
-1152
2365
2855
4036760
-208
-932
618
-1060
2495
2748
4037785
-581
-1021
679
-949
2717
2965
4038810
-1086
-1065
647
-908
2542
3090
4031616
-1411
-1129
661
-716
2634
3046
4032641
-1847
-1153
642
-578
2580
3484
4033666
-2001
-1174
619
-330
1948
3788
4034691
-1680
-1129
611
-116
1522
3930
4035716
-1209
-1063
569
40
1377
3894
4036741
-828
-974
510
71
1425
3702
4037766
-676
-877
475
176
1412
3777
4038791
-679
-788
479
324
1318
3972
4039816
-558
-735
439
434
1320
4113
4040841
-275
-649
356
628
1258
4142
4041866
123
-467
309
573
1397
4088
4042891
273
-365
268
579
1450
4036
4043916
116
-334
248
673
1876
4072
4044941
-501
-232
292
776
1668
4090
4045966
-552
-71
241
615
1139
4036
4046991
