Device = VHR-0009
time_stamp = 1777365256865
sample_rate = 50
Data format = INT16
TYPE = 6-AXIS IMU RAW DATA
-11
3
13
-348
1920
3684
6603904
-3
0
11
-363
1926
3680
6604929
3
-5
10
-360
1939
3671
6605954
-7
-13
9
-352
1957
3684
6606979
-24
-21
8
-348
1946
3696
6608004
-21
-24
6
-344
1918
3701
6609029
-7
-24
4
-333
1931
3703
6610054
-6
-20
5
-328
1924
3709
6611079
-15
-17
6
-325
1921
3717
6612104
-14
-14
8
-319
1905
3708
6613129
1
-7
5
-326
1913
3707
6614154
9
-1
6
-328
1939
3703
6615179
3
0
5
-338
1945
3705
6616204
-7
0
4
-322
1917
3693
6617229
-1
-2
1
-320
1942
3706
6618254
-4
-4
-1
-349
1927
3695
6619279
-5
-3
-3
-337
1921
3685
6612095
0
-2
-2
-320
1923
3709
6613120
2
0
-3
-344
1920
3690
6614145
5
2
2
-337
1913
3682
6615170
0
2
6
-346
1928
3716
6616195
-9
-9
7
-326
1915
3688
6617220
-4
-9
4
-329
1922
3701
6618245
6
-5
3
-340
1920
3707
6619270
12
-4
1
-333
1930
3712
6620295
5
0
1
-337
1937
3711
6621320
-1
4
2
-337
1914
3685
6622345
8
3
1
-324
1929
3702
6623370
6
1
1
-338
1944
3703
6624395
-6
2
1
-352
1919
3684
6625420
-2
0
4
-346
1918
3695
6626445
2
-5
7
-334
1930
3693
6627470
-3
-5
5
-337
1928
3692
6620288
-4
-8
5
-345
1929
3700
6621313
-7
-11
4
-343
1934
3699
6622338
-9
-11
3
-337
1922
3682
6623363
-1
-8
3
-333
1916
3700
6624388
2
-8
5
-344
1921
3704
6625413
-6
-9
8
-339
1919
3695
6626438
-9
-10
11
-340
1917
3690
6627463
-9
-11
10
-336
1940
3695
6628488
-7
-11
10
-329
1943
3697
6629513
-6
-11
7
-329
1940
3698
6630538
-6
-10
3
-333
1935
3701
6631563
-10
-8
0
-326
1936
3716
6632588
-4
-5
0
-332
1909
3706
6633613
5
-4
2
-331
1918
3694
6634638
-2
-3
5
-329
1917
3699
6635663
-9
-2
7
-329
1919
3702
6628480
-5
-3
8
-330
1927
3707
6629505
-6
-4
6
-334
1937
3696
6630530
-6
-3
2
-342
1938
3696
6631555
2
-3
-1
-337
1933
3695
6632580
1
-4
-2
-330
1932
3697
6633605
-5
-6
0
-332
1916
3696
6634630
-3
-6
0
-334
1912
3701
6635655
-1
-4
4
-340
1911
3690
6636680
-5
-4
10
-338
1928
3700
6637705
-7
-7
10
-330
1918
3695
6638730
0
-8
8
-324
1934
3698
6639755
0
-7
6
-320
1929
3712
6640780
7
-3
2
-333
1922
3713
6641805
20
2
-1
-339
1936
3712
6642830
15
5
1
-332
1930
3697
6643855
7
4
3
-321
1915
3688
6636983
5
2
3
-328
1927
3689
6638008
-4
1
4
-337
1939
3695
6639033
-5
0
6
-351
1925
3689
6640058
1
-4
5
-344
1935
3687
6641083
-6
-9
5
-337
1938
3692
6642108
-14
-11
4
-333
1927
3699
6643133
-8
-10
2
-334
1927
3705
6644158
0
-9
2
-337
1927
3703
6645183
0
-9
2
-333
1927
3704
6646208
-3
-6
1
-344
1925
3702
6647233
-8
-4
2
-337
1923
3696
6648258
-3
-4
5
-337
1909
3700
6649283
0
-8
5
-323
1932
3699
6650308
-11
-10
7
-326
1939
3692
6651333
-11
-8
7
-339
1918
3691
6652358
-3
-8
4
-339
1939
3699
6644865
-3
-6
2
-326
1939
3709
6645890
-6
-5
3
-321
1924
3701
6646915
-4
-3
1
-329
1921
3701
6647940
-2
0
2
-344
1914
3704
6648965
-2
-2
3
-344
1926
3708
6649990
-8
-4
8
-326
1922
3696
6651015
-10
-4
7
-327
1919
3690
6652040
-6
-5
7
-344
1925
3690
6653065
-1
-7
5
-337
1939
3697
6654090
-6
-7
6
-336
1921
3694
6655115
-1
-6
4
-329
1925
3698
6656140
0
-5
4
-332
1929
3704
6657165
-7
-8
5
-329
1917
3709
6658190
-6
-5
5
-325
1910
3706
6659215
4
-2
4
-338
1918
3694
6660240
0
-2
7
-338
1928
3705
6653057
-14
-6
8
-331
1919
3708
6654082
-6
-7
4
-318
1918
3699
6655107
6
-5
4
-322
1940
3716
6656132
5
-4
2
-335
1920
3710
6657157
8
0
-1
-338
1911
3699
6658182
13
6
1
-344
1926
3702
6659207
5
5
5
-330
1922
3694
6660232
1
2
5
-329
1931
3690
6661257
-3
-2
4
-339
1934
3682
6662282
-5
-4
3
-344
1927
3698
6663307
-3
-5
2
-341
1928
3694
6664332
-4
-9
1
-323
1937
3701
6665357
-13
-10
2
-323
1930
3694
6666382
-7
-8
1
-330
1913
3704
6667407
3
-6
0
-337
1916
3702
6668432
0
-4
3
-337
1921
3710
6661248
-7
-3
7
-334
1917
3695
6662273
-4
-2
8
-336
1916
3700
6663298
-1
-3
9
-334
1922
3698
6664323
-7
-4
5
-336
1930
3701
6665348
-9
-7
4
-333
1926
3694
6666373
-3
-7
3
-334
1922
3693
6667398
-1
-6
3
-333
1930
3694
6668423
-8
-7
3
-327
1921
3705
6669448
-7
-5
4
-334
1911
3700
6670473
0
-3
5
-339
1915
3702
6671498
-2
-5
5
-339
1929
3699
6672523
-4
-6
4
-332
1916
3694
6673548
4
-8
-1
-325
1928
3703
6674573
-1
-11
-7
-331
1951
3712
6675598
-11
-13
-12
-326
1939
3733
6676623
7
-4
-23
-311
1919
3720
6669440
36
16
-35
-300
1932
3724
6670465
47
39
-43
-314
1956
3723
6671490
41
55
-40
-338
1958
3709
6672515
33
59
-31
-322
1969
3685
6673540
20
63
-25
-329
1925
3658
6674565
18
66
-16
-388
1908
3665
6675590
8
51
4
-422
1932
3704
6676615
-13
34
17
-404
1928
3698
6677640
-10
39
8
-387
1919
3679
6678665
20
46
10
-369
1910
3694
6679690
24
47
20
-352
1913
3693
6680715
23
51
37
-359
1894
3674
6681740
38
60
60
-383
1894
3677
6682765
36
57
81
-412
1903
3670
6683790
19
45
99
-415
1874
3652
6684815
23
34
105
-418
1902
3664
6677632
23
24
113
-426
1925
3665
6678657
9
14
118
-417
1933
3653
6679682
5
-1
113
-404
1922
3661
6680707
6
-24
83
-397
1941
3654
6681732
12
-40
52
-370
2061
3641
6682757
20
-57
74
-404
1981
3663
6683782
-24
-64
49
-380
2066
3696
6684807
-53
-70
29
-347
1973
3680
6685832
-14
-73
6
-316
1970
3700
6686857
-10
-67
-20
-296
2017
3704
6687882
-35
-52
-26
-309
1966
3738
6688907
-34
-38
-35
-331
1967
3745
6689932
-33
-26
-47
-319
1969
3725
6690957
-24
-11
-56
-326
1968
3716
6691982
-27
-3
-70
-314
1983
3731
6693007
-36
8
-84
-295
1975
3704
6685824
-31
24
-84
-302
1945
3706
6686849
-20
35
-81
-338
1925
3710
6687874
-7
43
-82
-359
1915
3676
6688899
6
48
-69
-376
1914
3672
6689924
8
42
-63
-381
1925
3693
6690949
0
41
-50
-388
1887
3670
6691974
15
39
-34
-388
1884
3669
6692999
18
32
-18
-414
1911
3681
6694024
2
25
-6
-420
1912
3661
6695049
14
18
0
-429
1919
3647
6696074
17
10
-1
-429
1963
3666
6697099
0
-3
-3
-432
1987
3674
6698124
-12
-15
-10
-410
1982
3667
6699149
-13
-16
-27
-401
1972
3692
6700174
-2
-15
-39
-386
1945
3697
6701199
11
-5
-41
-379
1928
3714
6694016
10
5
-38
-401
1928
3723
6695041
-3
14
-30
-401
1904
3711
6696066
5
18
-22
-397
1897
3707
6697091
15
24
-25
-388
1937
3712
6698116
10
34
-33
-379
1951
3701
6699141
8
51
-25
-400
1950
3690
6700166
22
58
-17
-440
1956
3690
6701191
20
56
-24
-475
1958
3664
6702216
12
49
-27
-486
1954
3641
6703241
3
39
-24
-483
1958
3649
6704266
-13
25
-21
-478
1943
3653
6705291
-12
11
-22
-458
1929
3653
6706316
-3
6
-26
-452
1939
3665
6707341
-2
6
-26
-452
1926
3665
6708366
12
7
-14
-466
1916
3674
6709391
9
5
-9
-470
1957
3693
6702207
-18
3
-9
-475
1928
3675
6703232
-10
0
-3
-475
1922
3679
6704257
1
0
-5
-487
1951
3693
6705282
-3
2
-14
-488
1946
3699
6706307
21
7
-20
-449
1936
3662
6707332
51
13
-21
-434
1958
3657
6708357
38
13
-23
-458
1960
3657
6709382
14
1
-18
-481
1954
3648
6710407
3
-9
-15
-504
1947
3639
6711432
1
-19
-17
-504
1968
3663
6712457
-16
-27
-22
-488
1984
3671
6713482
-17
-26
-20
-470
1956
3675
6714507
3
-15
-20
-439
1939
3679
6715532
2
-7
-18
-453
1962
3717
6716557
-23
-3
-14
-466
1942
3723
6717582
-26
8
-19
-456
1927
3706
6710400
-1
25
-24
-466
1930
3725
6711425
9
33
-33
-459
1936
3709
6712450
7
44
-36
-463
1909
3675
6713475
12
57
-21
-494
1910
3627
6714500
-21
77
8
-573
1968
3622
6715525
-44
70
21
-583
1881
3643
6716550
0
45
36
-528
1912
3587
6717575
9
35
55
-504
1989
3579
6718600
22
42
80
-494
1896
3567
6719625
31
74
82
-528
1934
3588
6720650
41
80
71
-548
2025
3723
6721675
18
69
71
-541
1910
3833
6722700
37
38
45
-468
1898
3798
6723725
57
31
8
-399
2023
3696
6724750
48
68
0
-446
2068
3683
6725775
41
112
8
-536
1951
3745
6718593
75
136
16
-545
1890
3714
6719618
102
148
27
-537
1924
3591
6720643
83
147
47
-587
1988
3572
6721668
33
123
55
-648
1977
3633
6722693
21
83
42
-641
1969
3632
6723718
21
35
28
-590
2069
3607
6724743
-8
2
18
-579
2078
3621
6725768
-21
-10
-6
-584
2043
3649
6726793
-2
-9
-25
-578
2028
3627
6727818
47
-11
-25
-619
1987
3583
6728843
62
-17
-18
-644
1989
3567
6729868
27
-30
-3
-657
2007
3536
6730893
-19
-56
16
-644
1972
3556
6731918
-28
-84
31
-621
1930
3573
6732943
-24
-112
37
-597
1955
3604
6733968
-33
-142
38
-558
1980
3637
6726785
-33
-160
33
-508
2012
3674
6727810
-38
-158
26
-484
2050
3669
6728835
-45
-144
15
-465
2045
3646
6729860
-21
-121
1
-464
2026
3660
6730885
0
-89
-12
-470
2046
3694
6731910
5
-52
-16
-462
2005
3728
6732935
11
-20
-18
-455
1957
3727
6733960
29
-3
-21
-452
1951
3696
6734985
36
8
-18
-470
1966
3658
6736010
32
17
-13
-495
1982
3623
6737035
24
23
-12
-522
2008
3633
6738060
21
21
-11
-521
2006
3643
6739085
25
14
-15
-498
2032
3617
6740110
18
16
-23
-499
2048
3628
6741135
-1
20
-23
-502
2039
3615
6742160
-11
30
-17
-513
2016
3600
6734976
2
49
-25
-518
1987
3656
6736001
27
74
-26
-499
2007
3530
6737026
18
117
-24
-507
2043
3633
6738051
4
162
-38
-558
1907
3861
6739076
66
160
-55
-526
1935
3688
6740101
94
139
-47
-530
2037
3608
6741126
93
131
-47
-629
2025
3734
6742151
45
136
-30
-670
1997
3788
6743176
-13
220
36
-796
2172
3497
6744201
-74
506
106
-631
2403
3028
6745226
-279
947
59
-469
2922
4066
6746251
-1150
1547
134
-1051
2452
4927
6747276
-1384
996
-85
-873
706
5857
6748301
-332
-94
-589
-601
1476
2071
6749326
-795
267
-629
267
1355
688
6750351
-503
803
-186
-707
1140
3203
6743169
-449
330
125
-1613
3000
5218
6744194
-761
-800
748
-1878
1300
4100
6745219
880
-1280
852
-1940
-1286
3309
6746244
2912
-986
623
-2276
-86
2066
6747269
2195
86
131
-76
3764
2885
6748294
-610
1793
-541
379
5482
5599
6749319
-3616
914
-1159
-940
5639
6871
6750344
-2861
-602
97
-870
-265
1314
6751369
-1219
-43
114
-603
-1548
864
6752394
1220
103
297
-817
-515
2125
6753419
2351
-318
506
-774
1567
4291
6754444
1478
-831
561
-902
3587
5235
6755469
-269
-868
456
-1058
2463
4496
6756494
-652
-539
64
-1262
1441
4044
6757519
-19
-400
-116
-980
1715
3922
6758544
159
-299
-76
-481
2139
3721
6751361
40
-194
25
-325
1937
3404
6752386
142
-122
1
-410
1897
3516
6753411
143
-44
-107
-519
2128
3798
6754436
54
43
-124
-636
1858
3946
6755461
89
74
-135
-679
1696
3925
6756486
149
56
-167
-668
1696
3879
6757511
192
28
-153
-625
1758
3812
6758536
196
4
-98
-582
1871
3617
6759561
131
5
-67
-647
1841
3609
6760586
48
13
-81
-710
1829
3704
6761611
3
14
-85
-756
1822
3731
6762636
20
10
-77
-763
1865
3679
6763661
38
5
-59
-728
1922
3674
6764686
45
-7
-26
-703
1933
3655
6765711
30
-13
-20
-688
1864
3711
6766736
23
-24
-38
-678
1858
3686
6759551
2
-18
-53
-678
1869
3643
6760576
-18
-4
-75
-714
1923
3761
6761601
-31
-3
-52
-728
1876
3736
6762626
-21
-16
-28
-710
1804
3733
6763651
16
-26
-20
-678
1814
3635
6764676
18
-5
-42
-678
1892
3659
6765701
-1
22
-57
-704
1905
3766
6766726
0
36
-54
-704
1875
3750
6767751
21
45
-48
-691
1867
3726
6768776
35
55
-35
-697
1860
3712
6769801
26
66
-30
-740
1874
3699
6770826
-8
77
1
-744
1921
3643
6771851
-87
124
72
-722
2030
3587
6772876
-80
131
187
-758
1655
3711
6773901
57
116
225
-779
1466
3759
6774926
96
109
137
-797
1826
3690
6767744
-4
89
89
-806
1897
3633
6768769
7
51
92
-793
1847
3614
6769794
45
5
85
-771
1960
3616
6770819
7
-33
55
-770
1983
3602
6771844
-9
-58
12
-770
1959
3601
6772869
9
-63
-15
-786
2000
3605
6773894
5
-61
-20
-798
1916
3670
6774919
-1
-70
-19
-769
1846
3699
6775944
-8
-90
-8
-723
1812
3707
6776969
-8
-105
3
-686
1811
3689
6777994
-2
-99
3
-687
1840
3686
6779019
17
-81
0
-708
1866
3688
6780044
31
-59
-4
-705
1903
3696
6781069
4
-38
-8
-688
1910
3714
6782094
-4
-19
-8
-683
1883
3707
6783119
15
-12
-10
-665
1897
3672
6776137
16
-1
-20
-679
1896
3684
6777162
10
9
-26
-718
1872
3675
6778187
26
13
-31
-743
1883
3700
6779212
26
12
-27
-703
1917
3728
6780237
2
19
-17
-674
1912
3710
6781262
-7
40
-18
-684
1922
3719
6782287
16
65
-13
-691
1881
3726
6783312
27
103
-10
-687
1854
3709
6784337
48
144
4
-706
1848
3655
6785362
66
166
22
-743
1842
3641
6786387
70
171
36
-789
1855
3649
6787412
61
157
28
-833
1857
3708
6788437
54
128
23
-814
1896
3659
6789462
49
112
32
-789
1925
3497
6790487
76
92
34
-858
1985
3583
6791512
79
68
30
-904
1933
3690
6784128
106
49
36
-837
1860
3635
6785153
141
37
36
-781
1909
3556
6786178
146
55
13
-900
1926
3708
6787203
59
164
30
-992
2160
3486
6788228
-51
358
142
-899
2319
2956
6789253
95
727
139
-780
2327
3867
6790278
-174
1236
20
-974
2203
5294
6791303
-756
631
-431
-1123
1754
5346
6792328
-186
-344
-800
-697
2789
1718
6793353
-688
233
-477
-125
813
1124
6794378
302
597
-266
-957
684
3067
6795403
739
206
-137
-1405
2705
4508
6796428
-206
-314
226
-1576
2570
4198
6797453
-186
-808
403
-1925
968
3897
6798478
1063
-1000
384
-1841
360
3308
6799503
1286
-826
468
-1057
1316
2988
6792320
600
-436
226
-710
2654
3561
6793345
-452
464
28
-518
3558
3402
6794370
-1271
1446
-352
-725
1517
3980
6795395
-1515
815
-909
-189
4726
6072
6796420
-1790
-512
-433
-1728
2322
3141
6797445
-1542
-176
-9
-637
-856
767
6798470
648
182
-26
-857
-591
2012
6799495
1976
-50
264
-919
1547
3854
6800520
927
-487
567
-1243
3736
5399
6801545
-945
-822
697
-1610
2326
4495
6802570
-1143
-721
458
-1400
308
3410
6803595
-24
-550
93
-970
1372
3701
6804620
235
-405
98
-498
2287
3767
6805645
-66
-277
174
-466
1964
3895
6806670
70
-307
131
-542
1915
3816
6807695
219
-236
57
-473
2021
3487
6800513
185
-89
-10
-697
2097
3696
6801538
89
-69
-106
-762
2065
3917
6802563
-22
-26
-67
-695
1991
3892
6803588
-31
-9
-43
-727
1628
3817
6804613
93
-60
-91
-651
1649
3728
6805638
90
-73
-96
-606
1801
3643
6806663
-58
-14
-99
-657
1831
3718
6807688
-188
53
-114
-706
1747
3904
6808713
-173
79
-93
-686
1647
3913
6809738
-59
79
-63
-668
1690
3890
6810763
-49
73
-28
-665
1789
3829
6811788
-135
83
-1
-689
1723
3729
6812813
-111
107
-4
-761
1604
3709
6813838
14
105
-20
-817
1680
3743
6814863
48
73
-23
-823
1799
3714
6815888
-30
41
-21
-799
1802
3689
6808705
-66
15
-23
-798
1765
3706
6809730
-24
-17
-23
-810
1712
3676
6810755
16
-43
-39
-793
1720
3642
6811780
15
-53
-52
-801
1792
3640
6812805
-41
-63
-59
-827
1718
3722
6813830
-69
-85
-70
-799
1683
3759
6814855
-51
-100
-60
-760
1694
3730
6815880
-53
-102
-52
-724
1713
3792
6816905
-97
-77
-48
-702
1695
3847
6817930
-110
-32
-50
-704
1671
3900
6818955
-100
7
-38
-686
1687
3921
6819980
-89
61
-27
-675
1641
3886
6821005
-60
113
-29
-703
1639
3879
6822030
-73
161
-33
-770
1697
3908
6823055
-165
208
-13
-822
1644
3898
6824080
-187
237
26
-801
1467
3785
6816895
-57
250
35
-760
1436
3690
6817920
58
250
12
-787
1638
3769
6818945
37
234
24
-854
1726
3789
6819970
-42
203
36
-913
1695
3741
6820995
-75
171
35
-955
1666
3705
6822020
-48
154
40
-968
1617
3643
6823045
38
143
22
-976
1649
3677
6824070
71
113
12
-971
1716
3705
6825095
15
74
10
-997
1684
3670
6826120
-14
25
10
-1026
1610
3613
6827145
-17
-25
5
-1022
1636
3626
6828170
-46
-65
-3
-987
1655
3659
6829195
-64
-105
-3
-952
1619
3702
6830220
-56
-142
-2
-906
1634
3749
6831245
-57
-145
-8
-889
1648
3762
6832270
-50
-121
-16
-903
1628
3807
6825088
-53
-102
-17
-888
1631
3861
6826113
-75
-80
-7
-836
1598
3824
6827138
-65
-46
-1
-809
1597
3805
6828163
-46
-5
-4
-802
1636
3883
6829188
-56
47
-13
-842
1606
3948
6830213
-59
91
2
-844
1536
3877
6831238
-45
118
13
-863
1545
3811
6832263
-36
119
13
-923
1570
3892
6833288
-16
92
28
-928
1524
3867
6834313
0
68
46
-922
1518
3814
6835338
22
44
55
-928
1542
3755
6836363
39
38
55
-973
1513
3723
6837388
71
37
31
-960
1614
3760
6838413
80
47
22
-969
1647
3764
6839438
58
71
4
-973
1713
3915
6840463
-46
108
11
-954
1593
3749
6833280
22
112
28
-1048
1470
3596
6834305
116
197
-62
-1140
1794
3696
6835330
1
465
-202
-849
1902
3881
6836355
-432
624
-400
-898
2290
4196
6837380
-826
365
-562
-969
2116
4450
6838405
105
-62
-352
-1225
1037
2952
6839430
142
203
-356
-699
845
2383
6840455
170
360
-287
-1003
1155
3639
6841480
134
120
-47
-1344
2082
4580
6842505
-376
-280
253
-1579
1634
4363
6843530
-146
-755
438
-1722
389
3733
6844555
684
-822
464
-1390
294
3075
6845580
737
-436
278
-1078
1439
3434
6846605
-8
590
-216
-351
3063
3967
6847630
-1030
1640
-462
-547
2698
4750
6848655
-1409
955
-513
-1324
1626
5050
6841472
-283
-358
-149
-1478
1262
2438
6842497
107
-206
375
-1023
-91
1941
6843522
768
-143
467
-1140
570
3396
6844547
663
-463
512
-1403
1949
4796
6845572
28
-725
549
-1549
1561
4390
6846597
-149
-632
295
-1341
767
3429
6847622
110
-507
17
-1046
1680
3679
6848647
182
-463
116
-755
2154
3769
6849672
91
-367
207
-702
1940
3854
6850697
159
-326
153
-712
1925
3849
6851722
135
-224
13
-770
1893
3709
6852747
26
-118
-240
-845
2043
3857
6853772
-45
-59
-347
-888
1993
3983
6854797
-28
-18
-277
-821
1806
3966
6855822
-37
2
-225
-859
1415
3920
6856847
27
-28
-235
-830
1354
3827
6849665
-37
2
-262
-802
1478
3813
6850690
-106
42
-247
-852
1387
3842
6851715
-64
53
-176
-868
1373
3908
6852740
16
47
-70
-892
1337
3929
6853765
101
18
17
-901
1349
3872
6854790
128
-2
65
-898
1459
3802
6855815
65
6
69
-910
1505
3768
6856840
4
43
33
-926
1626
3768
6857865
20
52
16
-959
1667
3752
6858890
42
48
22
-983
1666
3769
6859915
31
28
18
-961
1669
3759
6860940
16
5
10
-952
1589
3692
6861965
5
-2
-35
-950
1633
3761
6862990
-2
-10
-61
-940
1673
3802
6864015
-11
-18
-52
-928
1584
3810
6865040
3
-33
-44
-916
1595
3820
6857857
-4
-36
-27
-915
1577
3802
6858882
-4
-26
-11
-924
1511
3801
6859907
21
-17
-9
-930
1522
3814
6860932
34
-6
5
-926
1533
3816
6861957
45
-7
23
-926
1521
3798
6862982
51
-10
32
-917
1561
3785
6864007
39
-3
29
-932
1600
3775
6865032
35
5
25
-948
1596
3761
6866057
43
7
19
-941
1611
3768
6867082
35
2
14
-931
1641
3766
6868107
-4
1
16
-931
1645
3779
6869132
-45
0
18
-935
1603
3789
6870157
-33
-5
24
-929
1526
3770
6871182
10
-11
18
-939
1571
3785
6872207
22
-19
22
-930
1623
3783
6873232
7
-21
34
-926
1594
3772
6866047
-4
-25
28
-919
1600
3790
6867072
-4
-21
20
-924
1594
3786
6868097
9
-21
20
-927
1619
3783
6869122
11
-20
27
-921
1629
3804
6870147
4
-23
29
-911
1585
3786
6871172
11
-22
20
-912
1585
3760
6872197
2
-13
4
-913
1628
3788
6873222
-3
-9
3
-917
1610
3783
6874247
-1
-12
6
-901
1608
3789
6875272
-9
-11
2
-894
1622
3797
6876297
-16
-10
3
-900
1595
3786
6877322
-17
-5
4
-904
1592
3797
6878347
-15
-2
13
-901
1573
3816
6879372
-4
-4
24
-887
1570
3804
6880397
0
-5
35
-888
1592
3776
6881422
-1
0
47
-909
1602
3774
6874240
0
-2
50
-922
1593
3814
6875265
3
-11
52
-897
1621
3815
6876290
3
-29
58
-893
1636
3778
6877315
12
-50
67
-913
1604
3772
6878340
15
-60
66
-897
1590
3756
6879365
3
-47
43
-887
1602
3757
6880390
-28
-32
22
-871
1653
3766
6881415
-43
-22
24
-865
1620
3791
6882440
-32
-12
30
-856
1608
3787
6883465
-21
0
29
-850
1629
3780
6884490
-37
22
27
-838
1605
3777
6885515
-55
63
20
-848
1610
3795
6886540
-59
93
11
-879
1624
3978
6887565
-42
76
8
-931
1514
4022
6888590
48
38
42
-852
1507
3638
6889615
140
23
56
-879
1629
3682
6882432
122
-10
46
-969
1644
3908
6883457
64
-19
68
-923
1508
3780
6884482
96
-24
57
-879
1545
3649
6885507
108
-26
35
-874
1767
3707
6886532
24
-15
43
-913
1850
3927
6887557
-68
48
72
-903
1770
3689
6888582
-79
139
100
-795
1584
3437
6889607
31
193
46
-975
1662
3746
6890632
-32
346
-21
-1120
2105
4111
6891657
-333
834
-132
-666
1713
4426
6892682
-688
1201
-322
-813
1483
4034
6893707
-293
462
-897
-1360
2189
4860
6894732
166
146
-645
-908
1152
2187
6895757
154
605
-551
-707
335
2084
6896782
801
633
-345
-1094
1314
3689
6897807
496
255
56
-1568
2754
4706
6890625
-483
-329
456
-2103
1654
4500
6891650
-89
-882
613
-1948
347
3453
6892675
871
-830
646
-1527
589
3191
6893700
913
-697
573
-1096
1465
3342
6894725
362
-26
289
-628
2572
3265
6895750
-609
1479
-9
-442
2426
4013
6896775
-1259
1582
-492
-793
2315
5235
6897800
-875
-250
-691
-2036
2408
4374
6898825
-408
-681
106
-936
674
1168
6899850
249
-118
309
-896
-28
2058
6900875
939
-122
337
-1432
1712
4336
6901900
412
-515
459
-1696
2459
5164
6902925
-170
-784
482
-1573
1205
3821
6903950
-4
-751
219
-1253
812
3193
6904975
308
-576
71
-846
1900
3602
6906000
146
-376
171
-624
2179
3978
6898816
-63
-284
205
-664
2154
4066
6899841
-94
-253
156
-727
1890
3687
6900866
-4
-143
-34
-797
1744
3545
6901891
46
-8
-262
-882
2041
3874
6902916
-12
92
-297
-898
2028
3989
6903941
-138
147
-260
-886
1730
3945
6904966
-75
120
-243
-874
1530
3808
6905991
17
92
-217
-856
1705
3819
6907016
4
52
-123
-947
1531
3854
6908041
53
-28
-34
-965
1402
3752
6909066
75
-63
0
-967
1407
3625
6910091
59
-54
-30
-982
1606
3626
6911116
42
-32
-30
-980
1712
3647
6912141
25
-6
-26
-992
1714
3774
6913166
35
-17
-22
-972
1729
3768
6914191
34
-43
-14
-962
1737
3736
6907007
27
-78
-14
-962
1680
3710
6908032
5
-90
-41
-969
1763
3699
6909057
-7
-102
-53
-961
1748
3691
6910082
-34
-95
-53
-928
1701
3684
6911107
-26
-82
-64
-903
1691
3745
6912132
-5
-62
-67
-894
1651
3809
6913157
52
-57
-61
-896
1618
3831
6914182
88
-68
-48
-895
1645
3803
6915207
25
-64
-33
-877
1697
3763
6916232
-34
-38
-17
-914
1623
3766
6917257
11
-23
3
-926
1550
3729
6918282
51
-18
4
-921
1663
3768
6919307
-1
-9
23
-904
1652
3732
6920332
-54
-1
22
-910
1644
3750
6921357
-19
-14
29
-910
1678
3747
6922382
17
-28
47
-911
1698
3736
6915291
17
-52
55
-930
1731
3711
6916316
-40
-53
46
-904
1689
3661
6917341
-61
-22
-2
-906
1727
3725
6918366
1
-12
-12
-902
1715
3757
6919391
26
-19
-12
-886
1723
3797
6920416
-16
-32
-4
-872
1679
3760
6921441
-27
-32
2
-882
1613
3742
6922466
15
-31
1
-881
1633
3765
6923491
14
-21
8
-881
1648
3768
6924516
1
-12
11
-873
1639
3766
6925541
7
-13
7
-871
1698
3788
6926566
-11
-8
9
-878
1711
3779
6927591
-16
-1
7
-870
1687
3754
6928616
3
3
6
-886
1686
3757
6929641
7
7
1
-895
1685
3763
6930666
0
5
1
-889
1677
3755
6923392
-8
2
6
-871
1665
3768
6924417
-17
-5
13
-867
1656
3762
6925442
-32
2
21
-885
1628
3762
6926467
-26
8
19
-896
1643
3803
6927492
-3
2
27
-877
1653
3786
6928517
0
-5
36
-863
1715
3787
6929542
0
-12
54
-879
1678
3763
6930567
10
-15
65
-878
1658
3684
6931592
-5
-12
62
-900
1732
3748
6932617
-38
-22
67
-897
1659
3793
6933642
-23
-34
83
-842
1633
3730
6934667
19
-42
94
-844
1641
3717
6935692
5
-31
80
-865
1679
3787
6936717
-29
-27
60
-846
1702
3806
6937742
-39
-10
58
-829
1652
3762
6938767
8
14
59
-832
1712
3738
6931584
16
14
62
-866
1733
3822
6932609
-36
3
70
-870
1641
3855
6933634
-17
-18
86
-830
1610
3786
6934659
49
-50
119
-806
1625
3771
6935684
86
-79
144
-854
1707
3781
6936709
64
-117
177
-838
1676
3738
6937734
43
-129
175
-826
1569
3687
6938759
43
-110
126
-797
1673
3660
6939784
43
-81
81
-784
1812
3703
6940809
45
-59
56
-778
1808
3754
6941834
64
-54
27
-770
1834
3793
6942859
44
-22
-18
-803
1860
3827
6943884
-35
115
-84
-816
1853
3740
6944909
-82
375
-193
-673
1632
3879
6945934
211
530
-300
-957
1741
3821
6946959
476
487
-468
-904
2167
3670
6939776
-759
694
-764
-435
3172
4169
6940801
-913
354
-899
-1291
1705
4393
6941826
-10
408
-647
-972
343
2437
6942851
438
712
-646
-549
683
2493
6943876
635
727
-317
-936
2195
4272
6944901
-180
263
214
-1798
2523
5156
6945926
-696
-680
555
-2085
508
4090
6946951
462
-942
559
-1626
-321
2957
6947976
1317
-627
575
-1293
682
2968
6949001
1056
-43
206
-636
2658
3715
6950026
-439
1201
-33
-267
3461
3807
6951051
-1684
1529
-230
-571
2711
4140
6952076
-1658
214
-320
-1972
1842
5373
6953101
-39
-668
367
-1287
1150
1758
6954126
590
-236
549
-738
-256
1133
6955151
1078
118
248
-1125
1184
3484
6947968
264
-136
121
-1772
3404
5761
6948993
-715
-664
367
-1793
1874
4363
6950018
-440
-665
194
-1327
386
3179
6951043
282
-416
-34
-896
1378
3420
6952068
236
-250
40
-612
2131
3912
6953093
-30
-231
134
-732
2014
4046
6954118
34
-278
196
-795
1776
3743
6955143
124
-205
114
-836
1601
3498
6956168
119
-72
-103
-935
1964
3807
6957193
-1
4
-165
-982
2045
3994
6958218
-112
55
-117
-920
1803
3929
6959243
-26
36
-89
-906
1559
3834
6960268
105
5
-92
-835
1743
3649
6961293
19
38
-109
-920
1817
3777
6962318
-10
39
-95
-971
1585
3761
6963343
61
43
-106
-958
1582
3721
6956159
88
25
-118
-987
1755
3809
6957184
35
-8
-68
-991
1661
3770
6958209
10
-25
-57
-1007
1628
3691
6959234
46
-71
-51
-1000
1681
3608
6960259
26
-77
-34
-1009
1637
3564
6961284
-25
-57
-67
-1013
1736
3668
6962309
-66
-40
-66
-997
1646
3763
6963334
-26
-37
-70
-968
1632
3797
6964359
45
-63
-57
-932
1748
3783
6965384
22
-90
-14
-906
1770
3763
6966409
-52
-85
5
-927
1691
3732
6967434
-32
-66
-11
-950
1627
3755
6968459
48
-48
-29
-947
1673
3758
6969484
67
-48
-21
-915
1773
3760
6970509
-2
-44
13
-924
1699
3754
6971534
-24
-42
30
-944
1618
3746
6964352
2
-44
49
-938
1663
3717
6965377
13
-46
66
-933
1656
3749
6966402
19
-40
68
-915
1614
3669
6967427
0
-13
20
-905
1757
3726
6968452
3
-3
5
-928
1798
3752
6969477
5
-4
13
-924
1777
3740
6970502
-14
-6
12
-912
1732
3736
6971527
-28
8
-1
-922
1691
3741
6972552
1
13
-6
-924
1667
3750
6973577
3
13
6
-918
1680
3775
6974602
-15
5
29
-905
1632
3754
6975627
-11
-9
45
-915
1628
3732
6976652
10
-16
49
-926
1668
3736
6977677
10
-13
46
-917
1724
3728
6978702
-2
-8
42
-931
1725
3737
6979727
1
-11
35
-920
1728
3735
6972544
17
-19
28
-911
1741
3727
6973569
6
-21
19
-911
1755
3725
6974594
-23
-13
6
-914
1734
3750
6975619
-19
-12
7
-901
1689
3736
6976644
-6
-14
9
-901
1693
3770
6977669
-4
-23
24
-887
1692
3736
6978694
-10
-16
22
-894
1640
3730
6979719
-4
2
-4
-890
1728
3768
6980744
-7
12
-3
-905
1736
3792
6981769
-17
11
11
-900
1711
3770
6982794
-15
15
21
-878
1721
3738
6983819
-8
22
37
-903
1683
3754
6984844
-3
21
49
-905
1684
3733
6985869
-12
18
64
-912
1642
3731
6986894
-12
6
73
-910
1690
3756
6987919
-9
-12
96
-926
1718
3756
6980736
-17
-47
127
-902
1678
3757
6981761
9
-83
155
-896
1640
3753
6982786
49
-108
163
-887
1637
3680
6983811
32
-115
147
-863
1741
3666
6984836
-31
-101
129
-861
1776
3738
6985861
-44
-99
117
-858
1745
3802
6986886
-10
-104
117
-792
1746
3797
6987911
19
-104
127
-783
1749
3778
6988936
25
-114
128
-803
1703
3804
6989961
44
-90
109
-776
1592
3751
6990986
55
-26
68
-723
1693
3723
6992011
73
26
39
-758
1789
3737
6993036
89
90
3
-794
1876
3803
6994061
23
281
-27
-780
2219
3643
6995086
-268
644
-41
-764
1987
3671
6996111
-83
898
-62
-798
895
3912
6989080
555
708
-369
-1044
2138
4533
6990105
-175
652
-467
-949
2619
3685
6991130
-640
477
-550
-917
1378
3541
6992155
126
239
-591
-1185
1511
2941
6993180
229
456
-399
-928
1082
2867
6994205
342
532
-297
-1061
1914
3804
6995230
-112
320
-71
-1683
2432
4663
6996255
-481
-316
179
-2018
1277
4177
6997280
129
-703
352
-1630
442
3284
6998305
553
-716
539
-1162
1039
3103
6999330
589
-713
566
-1025
1084
3225
7000355
575
-324
299
-982
2145
3546
7001380
-146
660
36
-769
3039
3910
7002405
-714
1103
-82
-953
1981
3955
7003430
-1366
382
-374
-521
3173
4930
7004455
-871
-547
-267
-1698
1622
3126
6997120
-271
-202
-47
-614
36
1106
6998145
592
236
-205
-1018
674
3103
6999170
845
-34
-33
-1459
2440
4987
7000195
-8
-452
254
-1636
2454
4975
7001220
-440
-628
267
-1576
824
3697
7002245
75
-489
-18
-1208
676
3408
7003270
505
-270
-162
-730
2066
3734
7004295
178
-94
3
-630
2344
4025
7005320
17
-83
137
-848
1718
3978
7006345
200
-149
102
-892
1595
3481
7007370
210
-118
-48
-995
1956
3443
7008395
81
-53
-154
-1115
2132
3731
7009420
-85
20
-144
-1104
1911
3803
7010445
-77
25
-140
-1013
1657
3773
7011470
52
-22
-119
-910
1779
3728
7012495
16
-51
-77
-939
1751
3714
7005312
-2
-62
-75
-992
1606
3647
7006337
8
-29
-105
-995
1692
3744
7007362
32
3
-97
-1004
1663
3828
7008387
55
11
-70
-988
1663
3800
7009412
56
12
-47
-982
1694
3741
7010437
59
2
-14
-1017
1695
3682
7011462
69
-9
-2
-1040
1621
3662
7012487
55
10
-28
-1032
1674
3577
7013512
7
36
-77
-1063
1875
3715
7014537
-16
21
-40
-1061
1755
3715
7015562
-13
0
-20
-1019
1737
3682
7016587
-1
-32
-5
-1008
1776
3689
7017612
-13
-60
24
-1032
1732
3681
7018637
-6
-88
36
-1032
1651
3674
7019662
11
-97
33
-1016
1700
3614
7020687
-4
-88
19
-1025
1731
3641
7013504
-3
-79
14
-1009
1738
3716
7014529
5
-79
21
-978
1739
3737
7015554
1
-80
31
-960
1758
3706
7016579
-7
-67
39
-975
1746
3722
7017604
-5
-61
39
-970
1692
3714
7018629
-25
-34
21
-943
1746
3703
7019654
-46
-3
3
-958
1773
3755
7020679
-28
14
14
-950
1708
3737
7021704
9
18
17
-956
1714
3729
7022729
11
9
24
-975
1750
3727
7023754
-26
-1
35
-965
1725
3700
7024779
-18
-12
41
-962
1696
3678
7025804
10
-14
42
-965
1712
3667
7026829
9
-8
22
-981
1748
3721
7027854
6
-6
12
-976
1745
3725
7028879
13
-20
14
-953
1748
3695
7021696
6
-29
8
-951
1769
3702
7022721
1
-33
6
-969
1757
3689
7023746
-14
-37
1
-967
1746
3695
7024771
-48
-28
-3
-943
1737
3700
7025796
-55
-7
-8
-934
1710
3728
7026821
-36
4
-14
-926
1724
3776
7027846
-44
21
0
-912
1744
3721
7028871
-72
45
8
-937
1749
3755
7029896
-69
54
17
-945
1652
3811
7030921
-25
60
29
-943
1643
3742
7031946
6
57
37
-959
1688
3713
7032971
2
60
55
-982
1743
3680
7033996
-33
54
76
-994
1729
3691
7035021
-58
30
93
-1015
1636
3741
7036046
-26
-10
101
-984
1624
3739
7037071
12
-41
104
-939
1761
3720
7029888
18
-63
123
-962
1735
3724
7030913
29
-76
127
-981
1673
3667
7031938
32
-73
110
-989
1749
3621
7032963
-15
-73
95
-1007
1779
3687
7033988
-40
-88
99
-983
1686
3674
7035013
-13
-109
91
-902
1695
3688
7036038
-2
-131
76
-865
1824
3715
7037063
-33
-140
65
-860
1738
3688
7038088
-13
-103
27
-856
1711
3732
7039113
19
-55
-20
-852
1863
3855
7040138
-9
-28
-22
-870
1815
3841
7041163
-35
32
0
-827
1818
3601
7042188
-45
166
5
-733
1776
3550
7043213
-26
301
-80
-1023
1810
4058
7044238
-117
604
-178
-928
1924
4352
7045263
-179
828
-229
-775
1268
4069
7038080
-363
698
-474
-733
2102
3557
7039105
-195
237
-632
-1174
2491
4221
7040130
311
254
-384
-1139
1343
2806
7041155
176
611
-469
-1024
872
2774
7042180
400
581
-353
-1089
1400
3261
7043205
31
497
-103
-1384
2114
4158
7044230
-528
43
90
-2172
1601
4637
7045255
-129
-772
287
-2094
764
3921
7046280
585
-897
511
-1434
442
3153
7047305
681
-591
515
-978
1133
3096
7048330
380
262
177
-504
2479
3493
7049355
-292
1319
-139
-787
2904
3936
7050380
-1115
1211
-332
-676
2699
4944
7051405
-732
-413
-402
-2186
2651
4485
7052430
-533
-592
136
-988
739
1036
7053455
34
107
51
-961
-110
1887
7046271
979
161
115
-1464
1483
3831
7047296
531
-198
312
-1865
2641
5178
7048321
-317
-624
422
-1852
1684
4414
7049346
-323
-756
319
-1392
521
3294
7050371
285
-642
89
-1033
1072
3494
7051396
444
-479
106
-726
2004
3715
7052421
71
-362
270
-724
1964
3954
7053446
43
-386
271
-830
1811
3721
7054471
98
-309
165
-921
1773
3355
7055496
63
-165
-65
-993
2152
3632
7056521
14
-75
-144
-1021
2251
3957
7057546
-39
-7
-116
-893
1968
3929
7058571
-32
16
-98
-882
1781
3877
7059596
26
-51
-93
-837
1818
3776
7060621
-41
-28
-95
-835
1805
3737
7061646
-64
11
-106
-941
1611
3803
7054464
48
16
-101
-938
1567
3763
7055489
104
26
-91
-952
1635
3759
7056514
89
26
-71
-963
1685
3728
7057539
45
33
-53
-983
1733
3733
7058564
7
14
-26
-995
1645
3660
7059589
16
-13
-28
-996
1694
3658
7060614
33
-29
-13
-1020
1740
3671
7061639
22
-37
-7
-1020
1699
3636
7062664
20
-49
-30
-1000
1794
3675
7063689
15
-53
-24
-981
1771
3674
7064714
10
-66
-38
-956
1811
3717
7065739
-10
-93
-32
-932
1834
3739
7066764
-34
-105
-11
-936
1751
3711
7067789
-11
-113
-9
-944
1714
3657
7068814
1
-93
-21
-941
1736
3678
7069839
14
-65
-31
-936
1719
3716
7062656
21
-42
-32
-916
1699
3728
7063681
18
-26
-36
-909
1752
3759
7064706
13
-18
-18
-913
1679
3758
7065731
16
-18
-9
-914
1702
3739
7066756
8
-12
-11
-925
1726
3725
7067781
8
-3
-4
-945
1758
3677
7068806
-5
4
-4
-947
1787
3682
7069831
-3
13
5
-936
1724
3695
7070856
17
12
3
-934
1758
3715
7071881
9
5
16
-914
1792
3648
7072906
-19
17
25
-939
1730
3697
7073931
-8
24
19
-950
1717
3748
7074956
-1
7
25
-932
1727
3753
7075981
-24
-11
35
-924
1745
3725
7077006
-25
-18
42
-941
1739
3678
7078031
-16
-21
42
-954
1738
3673
7070848
4
-17
41
-951
1735
3683
7071873
-4
-13
28
-941
1760
3739
7072898
-9
-20
32
-924
1745
3709
7073923
-20
-18
35
-919
1754
3709
7074948
-24
-21
30
-923
1790
3734
7075973
-45
-15
39
-904
1733
3711
7076998
-51
-7
37
-900
1727
3729
7078023
-57
1
36
-890
1734
3743
7079048
-58
21
38
-894
1724
3687
7080073
-40
31
32
-894
1741
3703
7081098
-2
3
17
-931
1750
3838
7082123
31
-34
14
-923
1725
3815
7083148
33
-56
12
-938
1742
3768
7084173
34
-68
30
-934
1832
3779
7085198
5
-85
75
-939
1727
3834
7086223
-2
-105
107
-913
1520
3699
7079040
31
-104
100
-837
1611
3570
7080065
43
-85
87
-855
1808
3621
7081090
-2
-61
89
-870
1816
3740
7082115
-29
-29
92
-855
1713
3724
7083140
11
-9
60
-825
1727
3774
7084165
88
-5
34
-823
1772
3744
7085190
120
8
8
-836
1803
3631
7086215
92
19
-22
-887
1857
3589
7087240
28
32
-66
-911
1866
3704
7088265
-4
73
-122
-867
1781
3786
7089290
57
120
-173
-856
1838
3734
7090315
106
192
-225
-866
1869
3714
7091340
17
351
-304
-859
1793
3815
7092365
17
503
-390
-1047
1790
3688
7093390
211
605
-535
-1128
2167
3673
7094415
24
825
-613
-867
2354
3920
7087233
-714
1021
-596
-994
2374
4053
7088258
-699
488
-509
-1355
1039
3804
7089283
118
258
-447
-1354
1217
2910
7090308
145
529
-269
-964
1088
2833
7091333
238
591
-10
-1365
1434
3914
7092358
-24
243
264
-1874
1779
4336
7093383
-241
-414
446
-2128
1359
3955
7094408
362
-837
594
-1755
473
3484
7095433
860
-714
614
-1174
1197
3014
7096458
445
-116
483
-906
2173
3116
7097483
10
839
114
-823
2748
3427
7098508
-611
1368
-184
-1084
2940
4269
7099533
-1137
460
-264
-1608
2064
4539
7100558
-392
-469
-146
-1776
1638
3000
7101583
12
-291
119
-1039
674
1850
7102608
589
-101
165
-1266
1062
3169
7095424
645
-317
333
-1573
2059
4297
7096449
-10
-545
431
-1665
1858
4299
7097474
-259
-642
374
-1525
1083
3565
7098499
138
-659
254
-1186
1127
3346
7099524
417
-548
239
-889
1879
3546
7100549
214
-383
282
-800
2301
3821
7101574
-99
-289
299
-880
2371
3845
7102599
-202
-186
186
-1024
1802
3723
7103624
92
-123
37
-965
1980
3709
7104649
241
-73
-40
-946
2203
3692
7105674
98
8
-95
-952
2225
3705
7106699
-18
55
-111
-1021
1904
3723
7107724
41
66
-157
-946
1815
3666
7108749
54
92
-176
-962
1833
3646
7109774
60
80
-168
-1032
1793
3671
7110799
20
54
-142
-1062
1817
3738
7103616
-17
35
-84
-1082
1645
3681
7104641
36
-2
-67
-1091
1727
3664
7105666
65
-50
-30
-1084
1798
3561
7106691
47
-78
-7
-1093
1755
3507
7107716
68
-92
-29
-1107
1802
3475
7108741
41
-86
-52
-1092
1923
3529
7109766
-1
-97
-42
-1086
1887
3565
7110791
-17
-126
-46
-1070
1942
3636
7111816
-24
-142
-33
-1016
1929
3598
7112841
-44
-130
-27
-985
1887
3580
7113866
-49
-96
-54
-977
1858
3713
7114891
-14
-68
-50
-971
1817
3732
7115916
2
-51
-41
-960
1803
3714
7116941
-11
-38
-27
-965
1795
3707
7117966
-29
-13
-16
-992
1755
3693
7118991
-4
-1
-14
-1015
1790
3660
7111807
-21
8
-5
-996
1805
3620
7112832
-31
21
0
-1026
1814
3636
7113857
8
10
19
-1037
1812
3614
7114882
22
-9
26
-1026
1857
3606
7115907
-9
-29
28
-1027
1886
3623
7116932
-48
-49
35
-1009
1841
3619
7117957
-42
-46
27
-1012
1807
3599
7118982
-9
-36
13
-1008
1842
3661
7120007
13
-33
17
-997
1845
3679
7121032
0
-34
25
-964
1833
3643
7122057
-17
-26
19
-971
1819
3670
7123082
-13
-17
9
-975
1806
3688
7124107
10
-11
9
-983
1820
3673
7125132
-2
-14
19
-983
1828
3661
7126157
-19
-14
20
-991
1816
3662
7127182
-10
-20
17
-984
1801
3621
7120000
1
-25
10
-992
1853
3656
7121025
-10
-38
17
-990
1840
3650
7122050
-36
-39
17
-973
1804
3613
7123075
-25
-29
-5
-976
1841
3687
7124100
-1
-21
-13
-982
1826
3685
7125125
-5
-19
-29
-953
1876
3626
7126150
-32
-13
-29
-955
1828
3657
7127175
-23
1
-34
-968
1829
3701
7128200
-9
13
-35
-958
1824
3691
7129225
-10
16
-14
-964
1791
3686
7130250
-12
19
-6
-972
1780
3684
7131275
-15
21
-3
-981
1798
3662
7132300
-12
24
4
-983
1791
3644
7133325
-7
24
7
-987
1825
3639
7134350
-16
21
15
-1004
1850
3660
7135375
-24
11
28
-996
1834
3640
7128234
-24
3
48
-998
1817
3655
7129259
-32
-12
59
-988
1772
3687
7130284
-46
-12
72
-944
1815
3601
7131309
-51
-9
97
-988
1875
3596
7132334
-83
-28
125
-1001
1818
3753
7133359
-126
-39
150
-967
1659
3794
7134384
-29
-53
174
-943
1640
3743
7135409
104
-106
198
-948
1840
3735
7136434
92
-162
234
-947
1843
3710
7137459
67
-210
254
-957
1771
3592
7138484
85
-229
250
-910
1761
3467
7139509
76
-213
191
-893
1812
3587
7140534
99
-116
118
-800
1772
3585
7141559
138
49
15
-807
2091
3713
7142584
-82
226
-80
-827
2374
3803
7143609
-351
566
-108
-715
2119
3488
7136384
-186
949
-124
-807
1668
3339
7137409
167
1094
-314
-867
1974
4274
7138434
-64
889
-419
-1215
2321
4633
7139459
-619
835
-461
-1357
1892
4140
7140484
-360
436
-767
-1148
2497
4160
7141509
-295
269
-778
-1069
1762
2368
7142534
-450
651
-699
-982
160
1949
7143559
492
697
-542
-1262
864
3096
7144584
731
401
-123
-1677
2167
4335
7145609
-38
-54
316
-2321
2240
4515
7146634
-455
-736
612
-2355
574
3808
7147659
371
-946
751
-1649
112
2877
7148684
1097
-589
538
-1134
1071
3107
7149709
537
313
136
-629
2856
3421
7150734
-642
1130
-243
-746
3112
4305
7151759
-1437
435
-492
-1532
3006
4931
7144575
-859
-547
-220
-1720
1934
2379
7145600
-431
-95
29
-1080
122
1420
7146625
705
210
92
-1297
804
3034
7147650
897
-52
318
-1690
2175
4825
7148675
54
-585
465
-2014
2478
4860
7149700
-478
-883
463
-1632
1018
3490
7150725
-77
-676
290
-1131
618
3058
7151750
178
-382
182
-814
1921
3702
7152775
15
-325
283
-880
2128
4070
7153800
59
-379
372
-963
1744
3844
7154825
283
-346
307
-899
1795
3402
7155850
231
-180
87
-986
2080
3514
7156875
70
-54
-65
-1108
2339
3789
7157900
-46
22
-119
-1089
2092
3891
7158925
-54
52
-130
-1010
1997
3815
7159950
19
6
-88
-986
1772
3622
7152768
87
-56
-103
-988
1835
3696
7153793
34
-73
-108
-1045
1701
3616
7154818
28
-52
-138
-1058
1635
3510
7155843
33
-42
-181
-1070
1821
3693
7156868
-7
-51
-147
-1065
1776
3739
7157893
-12
-61
-99
-1031
1736
3666
7158918
7
-80
-72
-1041
1709
3671
7159943
48
-102
-63
-1040
1727
3599
7160968
27
-72
-60
-1054
1796
3551
7161993
-23
-42
-73
-1076
1815
3698
7163018
-9
-34
-48
-1043
1725
3695
7164043
40
-39
-35
-1026
1738
3705
7165068
62
-60
-23
-1003
1806
3715
7166093
39
-64
-5
-1008
1771
3667
7167118
51
-56
-4
-1018
1744
3601
7168143
89
-27
-33
-1014
1777
3592
7160959
99
19
-73
-1026
1833
3677
7161984
105
35
-92
-1034
1851
3717
7163009
88
29
-84
-1034
1871
3676
7164034
53
15
-65
-1039
1826
3638
7165059
22
11
-49
-1065
1794
3629
7166084
21
9
-38
-1062
1764
3602
7167109
29
11
-23
-1073
1765
3616
7168134
22
-7
-9
-1071
1819
3653
7169159
-40
-19
12
-1034
1809
3614
7170184
-69
-12
10
-1055
1826
3621
7171209
-14
-9
17
-1059
1796
3610
7172234
20
4
9
-1048
1872
3659
7173259
2
12
7
-1055
1849
3663
7174284
-5
12
16
-1047
1798
3638
7175309
-9
2
17
-1050
1822
3640
7176334
-35
4
20
-1073
1794
3651
7169152
-24
1
23
-1066
1741
3620
7170177
14
-3
21
-1055
1786
3652
7171202
23
-9
28
-1050
1811
3614
7172227
-4
-8
18
-1061
1849
3631
7173252
-7
-10
16
-1070
1817
3624
7174277
-3
-10
9
-1053
1852
3647
7175302
-2
-13
16
-1058
1857
3640
7176327
-36
-18
17
-1043
1838
3647
7177352
-52
-14
11
-1033
1802
3634
7178377
-31
-4
6
-1038
1786
3646
7179402
-7
6
3
-1038
1807
3677
7180427
-10
6
9
-1038
1801
3670
7181452
-19
1
15
-1050
1794
3650
7182477
-3
4
15
-1053
1765
3621
7183502
29
13
-6
-1053
1806
3649
7184527
33
8
-7
-1060
1848
3632
7177344
-5
5
1
-1063
1839
3617
7178369
-30
6
6
-1072
1806
3600
7179394
-35
13
7
-1071
1810
3639
7180419
-38
6
11
-1050
1769
3686
7181444
-32
-2
25
-1028
1767
3657
7182469
-9
-11
51
-1040
1741
3677
7183494
4
-24
59
-1044
1796
3682
7184519
-8
-43
71
-1042
1894
3690
7185544
48
-110
137
-1032
1925
3794
7186569
104
-199
243
-1025
1752
3757
7187594
106
-276
330
-1001
1732
3576
7188619
67
-349
377
-1029
1826
3430
7189644
1
-412
386
-1039
1802
3588
7190669
-3
-461
375
-984
1691
3603
7191694
51
-459
317
-817
1670
3407
7192719
48
-318
174
-690
1960
3445
7185536
-70
-100
3
-723
2314
3775
7186561
-228
94
-54
-669
2133
3863
7187586
-115
205
3
-606
1870
3618
7188611
23
322
39
-671
1962
3917
7189636
-55
434
64
-752
1535
4124
7190661
-78
471
-47
-921
1678
4177
7191686
33
436
-154
-883
2012
4096
7192711
-99
531
-143
-768
2471
3616
7193736
-956
650
-239
-826
2855
3929
7194761
-748
253
-358
-1219
1659
4292
7195786
111
128
-368
-842
535
2005
7196811
345
438
-525
-555
880
1856
7197836
580
565
-318
-928
1487
3436
7198861
270
353
-24
-1500
2557
4805
7199886
-449
-51
174
-2016
1994
4612
7200911
-147
-547
283
-1876
962
3754
7193728
873
-615
347
-1523
348
3010
7194753
785
22
70
-703
2433
3033
7195778
-489
1166
-262
-49
3270
3890
7196803
-1849
1555
-485
-956
2814
5564
7197828
-891
-16
-423
-2069
1329
3966
7198853
199
-352
-31
-893
1006
1027
7199878
375
212
102
-1061
38
2110
7200903
609
224
173
-1448
1814
4052
7201928
-45
-211
390
-2017
2309
5285
7202953
-277
-658
471
-1864
1426
3945
7203978
26
-701
299
-1388
695
3239
7205003
347
-554
128
-912
1621
3467
7206028
79
-415
234
-770
2149
3808
7207053
7
-482
343
-876
1851
3835
7208078
261
-521
354
-822
1841
3215
7209103
243
-325
146
-996
2247
3458
7201921
-58
-132
-118
-1074
2286
3946
7202946
-182
-39
-224
-994
1997
3881
7203971
-26
-13
-248
-869
1973
3828
7204996
69
7
-213
-879
1863
3863
7206021
123
-34
-205
-889
1777
3872
7207046
81
-65
-205
-882
1792
3663
7208071
-34
-5
-245
-978
1537
3691
7209096
-8
11
-302
-1019
1704
3820
7210121
50
-34
-238
-1027
1770
3753
7211146
28
-64
-139
-998
1740
3620
7212171
31
-89
-58
-1033
1653
3574
7213196
57
-79
-65
-1042
1590
3529
7214221
7
-14
-133
-1037
1736
3645
7215246
-20
1
-139
-1026
1820
3747
7216271
-13
-12
-83
-1002
1753
3719
7217296
-8
-21
-48
-997
1739
3730
7210112
1
-38
-41
-1005
1769
3743
7211137
12
-39
-36
-989
1743
3629
7212162
3
-12
-56
-988
1788
3658
7213187
14
4
-56
-1020
1767
3735
7214212
27
0
-37
-1032
1742
3717
7215237
26
-7
-21
-1021
1728
3662
7216262
19
0
-16
-1019
1709
3620
7217287
24
21
-26
-1030
1731
3655
7218312
30
34
-22
-1047
1707
3714
7219337
30
21
-4
-1058
1718
3696
7220362
7
-5
15
-1035
1750
3651
7221387
-23
-16
32
-1040
1753
3654
7222412
-12
-25
45
-1049
1723
3631
7223437
9
-35
49
-1048
1795
3658
7224462
-7
-42
54
-1036
1804
3665
7225487
-20
-40
54
-1017
1751
3651
7218305
-15
-37
36
-997
1786
3674
7219330
-8
-31
27
-1009
1779
3709
7220355
3
-37
36
-1004
1745
3693
7221380
5
-44
39
-1003
1759
3689
7222405
-8
-38
36
-999
1738
3674
7223430
-21
-27
22
-998
1759
3691
7224455
-1
-24
31
-993
1731
3668
7225480
6
-18
21
-995
1780
3713
7226505
4
-25
24
-986
1765
3706
7227530
-11
-31
31
-980
1777
3690
7228555
-25
-43
35
-982
1777
3676
7229580
-31
-34
32
-980
1744
3648
7230605
-8
-19
10
-970
1767
3712
7231630
15
-14
4
-972
1803
3737
7232655
-4
-18
9
-957
1787
3709
7233680
-26
-17
13
-965
1760
3690
7226496
-31
-6
15
-977
1732
3712
7227521
-10
1
15
-971
1729
3723
7228546
3
-4
26
-962
1756
3714
7229571
6
-16
40
-966
1745
3703
7230596
25
-24
42
-974
1726
3625
7231621
-1
-4
7
-959
1826
3671
7232646
-24
14
-7
-981
1805
3726
7233671
-12
7
-2
-965
1775
3704
7234696
-8
-3
6
-952
1805
3682
7235721
-47
4
33
-968
1762
3676
7236746
-57
-2
41
-979
1650
3739
7237771
-11
-7
50
-954
1705
3753
7238796
12
-18
84
-947
1760
3688
7239821
12
-46
131
-967
1778
3704
7240846
11
-66
164
-981
1663
3701
7241871
28
-55
156
-938
1660
3616
7234688
26
-39
124
-908
1852
3665
7235713
-37
-25
123
-923
1874
3740
7236738
-62
-12
138
-913
1768
3723
7237763
-20
-14
147
-912
1745
3737
7238788
26
-23
165
-905
1722
3682
7239813
53
-35
174
-920
1746
3670
7240838
31
-61
172
-901
1785
3727
7241863
14
-80
177
-878
1658
3647
7242888
58
-78
139
-844
1780
3622
7243913
65
-63
112
-847
1954
3683
7244938
42
-38
98
-866
1846
3728
7245963
70
25
54
-835
2002
3719
7246988
-43
195
21
-852
2152
3464
7248013
-191
484
-40
-833
1994
3619
7249038
-109
953
-232
-752
1865
4045
7250063
-145
1215
-478
-999
2126
4619
7242882
-546
790
-615
-968
1706
4116
7243907
103
88
-634
-1282
1624
2750
7244932
56
374
-452
-683
1052
2089
7245957
234
717
-276
-1026
1706
3495
7246982
169
537
-25
-1909
2227
4944
7248007
-160
-245
182
-2278
1569
4604
7249032
130
-841
331
-1700
630
3403
7250057
489
-700
498
-1127
791
2876
7251082
725
-314
268
-967
1534
3273
7252107
496
724
-93
-689
2284
3273
7253132
-532
1463
-678
-691
3851
4615
7254157
-1917
240
-891
-1865
3778
5505
7255182
-1581
-569
-259
-1366
839
1465
7256207
-559
123
-148
-707
-603
662
7257232
1080
570
2
-1318
704
2972
7258257
1064
144
208
-2185
2531
5734
7251071
-25
-743
447
-2272
2302
4989
7252096
-402
-1176
504
-1816
424
3428
7253121
295
-857
316
-992
494
3046
7254146
419
-521
188
-694
1844
3705
7255171
187
-481
274
-752
2076
3855
7256196
97
-468
374
-810
1987
3586
7257221
53
-389
288
-919
1814
3475
7258246
130
-282
66
-987
1813
3559
7259271
154
-153
-157
-1043
2272
3947
7260296
11
-83
-214
-967
2459
3983
7261321
-125
-33
-110
-931
1907
3782
7262346
17
-83
-113
-935
1789
3858
7263371
91
-146
-121
-866
1952
3787
7264396
-26
-108
-106
-900
1630
3612
7265421
-35
-73
-180
-925
1667
3703
7266446
-80
-15
-200
-941
1752
3804
7259264
-60
7
-183
-974
1576
3707
7260289
51
-7
-155
-953
1613
3721
7261314
80
-9
-75
-955
1680
3719
7262339
13
6
-40
-997
1610
3660
7263364
-14
19
-64
-988
1718
3728
7264389
-7
27
-26
-987
1728
3708
7265414
11
19
8
-987
1706
3666
7266439
35
4
16
-995
1788
3716
7267464
51
-8
28
-995
1716
3670
7268489
43
-4
-6
-969
1775
3667
7269514
-12
12
-46
-962
1881
3704
7270539
-27
27
-45
-991
1762
3671
7271564
32
30
-55
-1013
1756
3719
7272589
39
23
-57
-1002
1792
3707
7273614
-26
31
-59
-1005
1731
3685
7274639
-16
24
-53
-1023
1697
3697
7267456
15
14
-25
-1034
1682
3681
7268481
16
-7
-3
-1036
1684
3673
7269506
13
-23
18
-1030
1686
3620
7270531
7
-21
17
-1030
1727
3642
7271556
14
-23
19
-1023
1730
3672
7272581
16
-24
16
-1016
1779
3679
7273606
8
-31
14
-1003
1822
3687
7274631
-14
-29
22
-1002
1799
3701
7275656
-23
-29
25
-998
1745
3718
7276681
-3
-29
25
-995
1698
3679
7277706
-6
-18
15
-976
1730
3668
7278731
-25
3
3
-992
1755
3716
7279756
-8
14
8
-1006
1714
3727
7280781
17
4
15
-987
1741
3717
7281806
2
3
25
-994
1759
3681
7282831
-7
6
28
-1020
1732
3676
7275649
7
7
23
-1017
1735
3690
7276674
15
5
17
-1005
1773
3677
7277699
4
1
14
-1004
1774
3698
7278724
-7
-8
16
-998
1769
3695
7279749
-19
-19
16
-999
1759
3687
7280774
-19
-24
18
-997
1739
3679
7281799
-5
-23
24
-1004
1733
3672
7282824
-1
-19
20
-998
1741
3690
7283849
-4
-15
8
-976
1750
3715
7284874
-6
-14
3
-971
1778
3722
7285899
-8
-11
12
-980
1753
3707
7286924
-2
-3
13
-989
1750
3716
7287949
8
6
13
-986
1732
3710
7288974
16
15
15
-980
1756
3700
7289999
21
11
26
-981
1749
3677
7291024
2
6
38
-986
1766
3663
7283840
-37
11
51
-989
1788
3680
7284865
-51
15
81
-966
1758
3695
7285890
-27
22
134
-971
1678
3691
7286915
18
5
175
-994
1647
3722
7287940
50
-16
183
-1006
1642
3791
7288965
81
6
141
-989
1757
3794
7289990
24
192
104
-853
1971
3511
7291015
-62
391
46
-863
1936
3392
7292040
-47
461
-33
-1151
2135
3837
7293065
-117
745
-4
-1043
2229
3743
7294090
-277
1234
-85
-911
1938
4139
7295115
-259
1518
-331
-1327
1406
4455
7296140
-82
920
-730
-1609
2131
5121
7297165
-198
43
-787
-1094
2239
2232
7298190
-760
391
-661
-744
402
1477
7299215
259
703
-463
-1271
985
2723
7292032
790
580
-45
-1973
1886
4121
7293057
296
148
190
-2620
1967
4770
7294082
-318
-549
311
-2630
1439
4184
7295107
-37
-930
538
-1847
330
3155
7296132
484
-650
512
-1141
685
2838
7297157
525
165
203
-699
2187
3164
7298182
85
934
36
-849
2566
3892
7299207
-778
727
-161
-1351
2954
4531
7300232
-981
-607
-257
-2274
3010
4118
7301257
-981
-714
125
-1271
874
1426
7302282
-87
-113
156
-1150
-90
1770
7303307
1091
73
242
-1326
1176
3184
7304332
673
-136
283
-2022
2740
5288
7305357
-467
-825
384
-2317
2281
5004
7306382
-490
-1261
454
-1601
338
3442
7307407
263
-818
357
-730
674
2917
7300224
427
-496
203
-692
1981
3864
7301249
291
-516
264
-733
2177
4080
7302274
105
-413
308
-884
1885
3796
7303299
71
-293
170
-899
1739
3506
7304324
181
-185
31
-923
1864
3529
7305349
155
-28
-114
-1000
2156
3804
7306374
-8
68
-158
-1011
2386
3961
7307399
-89
82
-76
-1021
1860
3830
7308424
62
14
-59
-931
1799
3695
7309449
111
-32
-36
-950
1770
3576
7310474
104
-38
-69
-1017
1758
3644
7311499
69
19
-104
-1006
1739
3655
7312524
25
70
-124
-1030
1742
3758
7313549
15
67
-115
-1030
1683
3706
7314574
47
36
-98
-1044
1757
3666
7315599
66
9
-44
-1040
1726
3653
7308419
48
-5
-22
-1067
1709
3613
7309444
23
-29
-38
-1059
1801
3572
7310469
-26
-10
-35
-1065
1850
3605
7311494
-32
-7
-37
-1068
1829
3634
7312519
6
-17
-30
-1035
1834
3648
7313544
27
-31
-25
-1028
1856
3637
7314569
7
-42
-26
-1026
1827
3651
7315594
-11
-42
-34
-1035
1793
3639
7316619
-19
-29
-46
-1040
1799
3626
7317644
-4
-19
-37
-1051
1783
3673
7318669
25
-19
-19
-1047
1714
3667
7319694
61
-21
-18
-1035
1740
3649
7320719
91
-26
-11
-1054
1755
3635
7321744
82
-35
-5
-1045
1800
3632
7322769
29
-39
5
-1042
1840
3643
7323794
-5
-37
24
-1037
1801
3612
7316608
-6
-41
26
-1040
1833
3631
7317633
-12
-36
23
-1042
1834
3686
7318658
-23
-33
21
-1013
1814
3676
7319683
-19
-33
22
-988
1817
3674
7320708
-8
-32
23
-1004
1791
3658
7321733
4
-17
17
-1010
1807
3656
7322758
9
-3
17
-1017
1811
3691
7323783
4
-5
29
-1014
1769
3660
7324808
-3
-16
30
-1012
1790
3660
7325833
-13
-25
35
-1014
1787
3622
7326858
-22
-22
32
-1025
1816
3632
7327883
-15
-23
36
-1025
1800
3643
7328908
0
-27
44
-1010
1803
3643
7329933
-11
-43
41
-1011
1819
3654
7330958
-20
-65
41
-999
1803
3652
7331983
2
-73
41
-982
1804
3615
7324800
11
-55
23
-967
1858
3633
7325825
-2
-37
6
-976
1863
3700
7326850
4
-30
2
-968
1839
3693
7327875
-18
-29
-4
-948
1860
3658
7328900
-43
-18
-11
-969
1826
3685
7329925
-18
-9
-15
-973
1770
3707
7330950
12
-4
-19
-954
1800
3703
7331975
-9
6
-15
-954
1812
3691
7333000
-15
14
-11
-972
1787
3680
7334025
0
17
-6
-977
1781
3659
7335050
5
14
0
-990
1801
3652
7336075
2
-1
8
-994
1770
3628
7337100
6
-6
2
-992
1819
3637
7338125
8
-12
5
-990
1820
3651
7339150
-2
-26
12
-982
1832
3643
7340175
-19
-32
9
-988
1833
3656
7332992
-29
-33
9
-975
1810
3663
7334017
-22
-27
8
-967
1792
3688
7335042
-13
-22
16
-956
1784
3693
7336067
-22
-18
28
-949
1784
3682
7337092
-26
-15
36
-959
1751
3671
7338117
4
-18
36
-968
1761
3639
7339142
8
-5
20
-967
1828
3687
7340167
19
17
5
-967
1821
3724
7341192
23
80
-14
-1001
2031
3739
7342217
-186
265
-23
-962
2092
3333
7343242
-485
638
-128
-759
2230
3548
7344267
-519
1009
-260
-1065
1886
4333
7345292
-586
1301
-538
-1242
1464
4420
7346317
-743
1281
-985
-1382
2048
4719
7347342
-537
353
-1070
-1378
2154
3246
7348367
-458
264
-752
-769
606
1486
7341431
276
699
-504
-1147
626
2570
7342456
928
681
-117
-1888
1693
4177
7343481
650
319
238
-2232
1675
4491
7344506
17
-113
293
-2392
1358
4269
7345531
-193
-543
374
-2117
973
3761
7346556
207
-716
584
-1545
480
3133
7347581
553
-601
549
-1182
1066
3300
7348606
674
-10
328
-998
1851
3225
7349631
336
688
-110
-1001
2279
3866
7350656
-1011
544
-576
-1325
4460
4821
7351681
-2139
-722
-397
-2203
2667
3686
7352706
-2000
-621
-213
-1102
-3
1089
7353731
-39
-64
-213
-1322
43
2097
7354756
1688
-143
217
-1591
925
3592
7355781
1563
-493
565
-1695
2423
4946
7356806
131
-953
678
-1973
2221
5041
7349376
-634
-1136
545
-1491
545
3675
7350401
-243
-787
235
-715
384
3167
7351426
47
-372
72
-608
1850
3714
7352451
49
-205
157
-745
2071
4091
7353476
-10
-115
222
-891
1906
4154
7354501
114
-40
175
-895
1559
3903
7355526
338
43
70
-938
1722
3763
7356551
263
111
-19
-1026
2042
3807
7357576
71
146
30
-1132
1805
3628
7358601
39
135
11
-1147
1727
3768
7359626
89
135
-2
-1097
1690
3832
7360651
177
103
9
-1051
1482
3610
7361676
307
71
-49
-1044
1625
3626
7362701
254
21
-74
-1109
1883
3749
7363726
68
-26
-26
-1123
1718
3575
7364751
-6
-43
-45
-1180
1745
3595
7357568
26
-53
-41
-1165
1699
3616
7358593
83
-37
-37
-1134
1696
3607
7359618
100
-26
-69
-1084
1727
3620
7360643
66
-6
-100
-1090
1767
3654
7361668
55
-13
-117
-1108
1827
3760
7362693
22
-40
-84
-1090
1776
3729
7363718
9
-72
-52
-1092
1703
3687
7364743
34
-88
-27
-1087
1693
3608
7365768
36
-70
-22
-1083
1735
3656
7366793
37
-46
-15
-1077
1633
3681
7367818
54
-26
-18
-1062
1694
3670
7368843
40
-25
-9
-1078
1740
3704
7369868
38
-26
14
-1090
1711
3694
7370893
26
-30
22
-1085
1722
3657
7371918
24
-35
42
-1086
1750
3583
7372943
6
-25
30
-1076
1762
3678
7365760
-2
-15
14
-1076
1798
3688
7366785
-16
-14
6
-1060
1819
3682
7367810
-14
-20
9
-1068
1780
3655
7368835
-12
-28
13
-1078
1777
3674
7369860
-35
-36
17
-1069
1737
3657
7370885
-40
-23
18
-1059
1723
3628
7371910
-35
-10
12
-1057
1728
3669
7372935
-15
-2
16
-1054
1728
3713
7373960
3
-10
27
-1047
1739
3706
7374985
18
-19
37
-1056
1745
3644
7376010
10
-9
23
-1050
1753
3649
7377035
-2
9
-1
-1069
1794
3707
7378060
-19
8
7
-1070
1752
3706
7379085
4
-10
16
-1059
1720
3659
7380110
30
-22
20
-1060
1754
3640
7381135
-1
-19
17
-1062
1763
3662
7373952
-36
-10
12
-1053
1730
3683
7374977
-16
-14
12
-1041
1758
3709
7376002
-8
-25
25
-1034
1750
3702
7377027
-3
-24
24
-1038
1749
3683
7378052
-4
-11
15
-1046
1760
3685
7379077
-11
8
6
-1040
1759
3708
7380102
-3
9
7
-1043
1746
3692
7381127
-1
8
7
-1042
1759
3681
7382152
1
10
2
-1053
1751
3666
7383177
5
8
-2
-1066
1750
3679
7384202
-12
2
6
-1059
1751
3659
7385227
-37
-5
13
-1047
1702
3664
7386252
-11
-5
12
-1046
1726
3673
7387277
-5
0
17
-1059
1727
3693
7388302
-23
9
19
-1052
1729
3700
7389327
-30
29
21
-1050
1756
3728
7382145
-7
28
25
-1059
1727
3728
7383170
-21
12
24
-1060
1713
3658
7384195
-51
-5
20
-1083
1743
3643
7385220
-29
-28
27
-1073
1721
3691
7386245
23
-60
35
-1063
1763
3694
7387270
45
-99
51
-1056
1846
3628
7388295
25
-114
62
-1063
1750
3574
7389320
13
-78
10
-1064
1740
3705
7390345
-11
-36
-45
-1021
1900
3784
7391370
-36
-12
-31
-1006
1815
3724
7392395
2
33
2
-964
1719
3585
7393420
34
39
23
-1017
1623
3613
7394445
107
5
36
-1029
1579
3720
7395470
197
-30
67
-998
1633
3707
7396495
149
1
87
-1004
1804
3578
7397520
5
109
89
-993
1929
3476
7390336
-194
421
-14
-1121
2109
3581
7391361
-446
1047
-248
-865
1900
4157
7392386
-537
1545
-441
-980
2458
4611
7393411
-1017
875
-489
-1447
2395
4554
7394436
-548
209
-271
-849
1306
1759
7395461
-250
743
-312
-1122
770
2672
7396486
345
544
-284
-2090
1804
4581
7397511
15
-493
121
-2425
1705
4094
7398536
289
-1353
600
-2189
195
3738
7399561
1235
-1380
791
-1474
11
2933
7400586
1337
-443
437
-750
988
2973
7401611
759
1218
-127
-733
1917
4173
7402636
-392
1356
-736
-691
4447
4705
7403661
-1596
-402
-827
-1527
4088
4723
7404686
-1625
-850
-207
-987
1117
1621
7405711
-696
-13
-161
-629
-258
937
7398528
877
573
-80
-1401
928
2995
7399553
731
223
34
-2419
2724
5672
7400578
-636
-777
224
-2574
2345
5082
7401603
-511
-1453
299
-1810
134
3479
7402628
585
-901
169
-842
647
3014
7403653
761
-471
-10
-675
1667
3819
7404678
456
-348
62
-610
1893
3618
7405703
93
-242
73
-797
1910
3638
7406728
-150
-127
5
-877
1836
3949
7407753
-218
-55
-17
-942
1450
4079
7408778
-14
-91
-34
-926
1561
3971
7409803
165
-94
21
-959
1642
3692
7410828
176
-55
40
-1059
1727
3825
7411853
186
13
27
-1039
1700
3877
7412878
206
107
12
-1026
1761
3811
7413903
240
139
-19
-1004
1819
3720
7406720
256
167
-41
-990
1908
3740
7407745
233
213
-33
-1032
1918
3652
7408770
207
235
-50
-1131
1787
3668
7409795
224
223
-62
-1161
1768
3665
7410820
182
181
-44
-1148
1772
3550
7411845
93
139
-40
-1157
1736
3549
7412870
104
98
-38
-1182
1761
3514
7413895
146
71
-29
-1210
1801
3485
7414920
167
47
-23
-1247
1860
3543
7415945
166
18
-5
-1243
1871
3564
7416970
148
-20
10
-1219
1856
3520
7417995
95
-48
9
-1224
1892
3545
7419020
44
-69
12
-1225
1891
3542
7420045
11
-81
14
-1230
1847
3490
7421070
-9
-96
3
-1204
1890
3530
7422095
-43
-113
-3
-1148
1902
3572
7414911
-66
-121
-11
-1103
1921
3601
7415936
-58
-127
-18
-1066
1922
3643
7416961
-43
-115
-26
-1044
1919
3653
7417986
-17
-81
-41
-1055
1864
3638
7419011
18
-30
-58
-1079
1859
3656
7420036
45
13
-46
-1132
1807
3652
7421061
50
23
-4
-1127
1742
3581
7422086
24
15
40
-1141
1715
3582
7423111
4
-2
73
-1151
1744
3563
7424136
-6
-18
87
-1143
1816
3558
7425161
-6
-31
89
-1110
1931
3587
7426186
-19
-40
72
-1094
1939
3630
7427211
-9
-43
26
-1069
1991
3654
7428236
16
-31
6
-1049
2007
3616
7429261
22
1
10
-1072
1931
3575
7430286
52
15
9
-1114
1816
3559
7423105
99
10
15
-1155
1784
3537
7424130
68
-3
23
-1143
1828
3549
7425155
-16
-29
47
-1127
1841
3582
7426180
-40
-62
69
-1087
1821
3574
7427205
-3
-92
61
-1057
1903
3622
7428230
17
-96
45
-1052
1956
3646
7429255
2
-69
6
-1035
2016
3658
7430280
-26
-30
-29
-1015
2006
3686
7431305
-16
9
-48
-998
1967
3659
7432330
-2
54
-69
-1026
1961
3664
7433355
17
89
-78
-1032
1872
3650
7434380
46
108
-70
-1073
1831
3595
7435405
38
102
-41
-1139
1829
3575
7436430
30
53
5
-1238
1758
3562
7437455
32
-31
47
-1187
1853
3485
7438480
-16
-119
102
-1124
1851
3453
7431297
-43
-174
123
-1111
1831
3489
7432322
-38
-186
88
-1126
1896
3612
7433347
-36
-176
52
-1073
1971
3612
7434372
-45
-156
31
-997
1954
3569
7435397
-33
-143
3
-990
1958
3615
7436422
-8
-121
-20
-985
1949
3696
7437447
3
-76
-31
-953
1862
3686
7438472
4
-32
-37
-925
1877
3668
7439497
-17
-13
-18
-948
1853
3636
7440522
-11
-7
6
-977
1761
3629
7441547
43
-3
24
-1067
1770
3646
7442572
74
-5
48
-1108
1778
3590
7443597
98
10
34
-1132
1869
3592
7444622
15
67
7
-1038
1993
3650
7445647
-110
151
-3
-996
1942
3708
7446672
-114
337
-60
-1054
1828
3621
7439488
-177
580
-190
-1090
2005
3832
7440513
-93
660
-266
-902
2248
3950
7441538
-842
664
-385
-734
2862
3966
7442563
-847
152
-529
-1666
1900
3726
7443588
-357
302
-434
-911
700
2174
7444613
48
711
-375
-736
1286
2319
7445638
338
808
-33
-1465
2107
4063
7446663
122
316
245
-2115
2266
4873
7447688
-168
-509
356
-2300
1426
4173
7448713
297
-862
437
-1803
373
3368
7449738
678
-533
387
-1267
863
2984
7450763
510
397
-19
-698
2073
3325
7451788
-203
1613
-443
-840
2836
4284
7452813
-1277
1361
-675
-1087
3488
4934
7453838
-1103
-478
-398
-2177
2799
3965
7454863
-1050
-664
329
-1114
377
717
7447681
-133
70
366
-1130
-900
1193
7448706
1368
236
375
-1546
898
3295
7449731
975
-219
453
-2117
3229
5665
7450756
-440
-866
574
-2074
2689
4798
7451781
-870
-1058
467
-1621
842
3276
7452806
16
-851
77
-1106
934
3169
7453831
386
-481
-118
-827
2365
3652
7454856
97
-377
-111
-919
2291
4072
7455881
-63
-379
-108
-897
1982
3781
7456906
-47
-291
-137
-931
1779
3508
7457931
-26
-167
-254
-1079
1597
3737
7458956
-7
-31
-288
-1129
1471
3800
7459981
-41
50
-284
-1120
1404
3910
7461006
-30
47
-215
-1068
1449
3899
7462031
-20
22
-85
-1016
1413
3760
7463056
31
-27
10
-1050
1386
3724
7455871
106
-67
70
-1114
1504
3743
7456896
141
-95
120
-1145
1606
3734
7457921
180
-138
154
-1152
1667
3704
7458946
225
-166
172
-1111
1721
3555
7459971
206
-148
147
-1082
1915
3444
7460996
73
-99
76
-1066
2141
3620
7462021
-80
-44
43
-1043
1977
3757
7463046
-66
-32
7
-1014
1765
3731
7464071
26
-40
-27
-1029
1839
3676
7465096
4
-38
-38
-1073
1825
3719
7466121
-81
-43
-36
-1090
1684
3760
7467146
-98
-69
1
-1030
1648
3718
7468171
-64
-113
69
-1084
1638
3638
7469196
-60
-177
134
-1227
1597
3552
7470221
-182
-243
153
-1185
1582
3696
7471246
-394
-265
140
-957
1834
3974
7464064
-520
-218
157
-872
1835
3991
7465089
-456
-124
128
-893
1694
3929
7466114
-200
-11
49
-956
1747
4014
7467139
61
103
5
-1058
1823
4058
7468164
232
174
-24
-1192
1744
3986
7469189
290
171
-72
-1271
1823
3968
7470214
203
107
-97
-1235
1857
3848
7471239
-62
52
-121
-1205
1800
3813
7472264
-372
9
-147
-1231
1661
3820
7473289
-470
-49
-120
-1242
1470
3734
7474314
-356
-105
-52
-1165
1364
3610
7475339
-179
-114
-37
-1002
1528
3689
7476364
-142
-56
-60
-1037
1640
3662
7477389
-173
-6
-76
-1082
1722
3813
7478414
-135
-12
-51
-984
1633
3758
7479439
-93
-18
-54
-870
1572
3556
7472256
-107
-15
-69
-747
1499
3382
7473281
-164
-5
-55
-590
1352
3285
7474306
-249
-5
-19
-564
1219
3292
7475331
-380
-33
53
-564
998
3217
7476356
-420
-64
117
-629
752
3148
7477381
-294
-107
161
-636
572
3190
7478406
-120
-128
160
-574
647
3309
7479431
-97
-138
154
-567
1030
3644
7480456
-234
-160
236
-627
1220
3957
7481481
-411
-173
330
-708
1167
4344
7482506
-516
-229
356
-803
1353
4975
7483531
-469
-347
374
-889
1576
5362
7484556
-211
-391
367
-915
1452
4960
7485581
107
-247
259
-777
1200
4140
7486606
259
25
131
-619
1428
3902
7487631
304
215
85
-647
1646
4168
7480585
344
269
57
-692
1600
4190
7481610
392
262
-8
-715
1566
4064
7482635
350
231
-69
-742
1649
3914
7483660
150
218
-93
-833
1588
3806
7484685
-50
203
-114
-924
1471
3811
7485710
-141
170
-117
-966
1432
3868
7486735
-137
124
-81
-965
1354
3866
7487760
-68
87
-25
-961
1236
3705
7488785
34
48
22
-979
1236
3655
7489810
42
-24
42
-1011
1333
3904
7490835
-57
-84
92
-948
1314
3974
7491860
-68
-94
158
-924
1184
3743
7492885
48
-169
180
-971
1316
3820
7493910
37
-296
194
-881
1477
4078
7494935
-74
-287
234
-749
1293
3983
7495960
23
-217
200
-772
1154
3701
7488640
236
-193
136
-730
1248
3561
7489665
310
-97
53
-764
1310
3876
7490690
180
124
-40
-898
1869
4209
7491715
-262
629
-51
-814
1791
4208
7492740
-82
1253
-140
-872
57
4695
7493765
1796
1088
-328
-844
1019
3827
7494790
969
562
-655
226
3815
3546
7495815
-936
147
-740
-1300
2564
4439
7496840
-1357
392
-331
-842
361
2327
7497865
-520
985
-318
-939
1040
2720
7498890
295
965
-138
-2220
1867
5103
7499915
90
-51
219
-2412
1949
4696
7500940
240
-928
626
-1813
603
3378
7501965
1303
-928
679
-1427
-130
2924
7502990
1626
-687
473
-1222
1075
2904
7504015
906
-37
111
-814
1928
3207
7496833
-247
1002
-465
-578
2402
4209
7497858
-1938
817
-1097
120
4659
5286
7498883
-2592
-539
-829
-1812
2272
5125
7499908
-1436
-579
-72
-703
-231
1706
7500933
675
209
-6
-785
-438
2099
7501958
2346
441
152
-1329
710
3687
7502983
1937
133
215
-1624
2337
4829
7504008
142
-227
256
-1819
2080
4458
7505033
-573
-391
157
-1699
663
3622
7506058
-20
-354
-24
-1447
856
3660
7507083
303
-304
-21
-986
1696
3654
7508108
33
-236
40
-817
1764
3737
7509133
-103
-212
37
-849
1711
3517
7510158
-125
-160
-18
-927
1737
3594
7511183
-152
-107
-76
-1009
1749
3741
7512208
-123
-54
-70
-1117
1794
3737
7505023
-89
-52
-69
-1257
1733
4101
7506048
-47
-71
-22
-1231
1673
4096
7507073
9
-80
22
-1132
1545
3876
7508098
105
-115
24
-1020
1402
3652
7509123
161
-99
-26
-969
1423
3401
7510148
73
-72
-109
-1020
1779
3677
7511173
-42
-94
-68
-1043
1693
3929
7512198
-51
-88
-13
-1065
1489
3863
7513223
55
-87
-31
-1022
1495
3766
7514248
121
-50
-59
-1026
1561
3773
7515273
144
-26
-67
-1036
1567
3849
7516298
158
-30
-61
-1035
1559
3846
7517323
149
-25
-59
-1018
1541
3776
7518348
157
-25
-63
-1022
1557
3755
7519373
202
-23
-44
-1059
1515
3679
7520398
245
-30
-50
-1084
1627
3732
7513217
219
-36
-42
-1048
1705
3706
7514242
104
-2
-32
-1041
1726
3679
7515267
19
7
-38
-1042
1736
3772
7516292
12
17
-18
-1047
1671
3726
7517317
51
11
-13
-1053
1680
3727
7518342
77
-6
-6
-1044
1716
3759
7519367
50
-13
3
-1054
1707
3710
7520392
21
-26
12
-1064
1677
3661
7521417
20
-43
17
-1065
1655
3684
7522442
19
-44
16
-1047
1635
3644
7523467
-8
-30
1
-1034
1717
3703
7524492
-17
-15
3
-1038
1693
3751
7525517
-1
-10
-1
-1026
1688
3761
7526542
23
-16
0
-1011
1710
3738
7527567
20
-24
10
-1019
1704
3743
7528592
12
-28
20
-1048
1663
3718
7521408
29
-21
13
-1046
1630
3679
7522433
43
-7
-6
-1026
1717
3734
7523458
41
-8
6
-1025
1733
3734
7524483
26
-18
22
-1024
1672
3704
7525508
31
-31
14
-1022
1686
3680
7526533
23
-37
9
-1030
1721
3678
7527558
-3
-39
11
-1031
1715
3718
7528583
-13
-26
18
-1018
1708
3682
7529608
-13
-8
8
-1016
1687
3739
7530633
9
4
2
-1012
1702
3762
7531658
15
8
0
-998
1730
3727
7532683
0
9
4
-1019
1717
3715
7533708
-6
5
12
-1031
1675
3702
7534733
-7
-5
15
-1024
1702
3687
7535758
-22
-11
23
-1023
1704
3664
7536783
-22
-10
20
-1027
1670
3709
7529601
-1
-9
14
-1019
1723
3710
7530626
-26
-11
18
-1015
1733
3702
7531651
-36
-13
14
-1015
1705
3754
7532676
-20
-16
12
-1012
1687
3724
7533701
-12
-16
4
-1009
1681
3704
7534726
-7
-8
2
-1006
1682
3699
7535751
-9
-5
1
-1019
1701
3749
7536776
-6
-15
10
-1025
1683
3712
7537801
-9
-27
18
-1004
1680
3678
7538826
-14
-29
15
-1008
1687
3692
7539851
-18
-22
11
-1013
1704
3727
7540876
-15
-24
9
-1004
1701
3757
7541901
-7
-23
11
-990
1709
3721
7542926
-10
-15
5
-984
1692
3698
7543951
-10
-4
-2
-1001
1692
3748
7544976
-7
0
-3
-1004
1682
3752
7537792
-7
1
-2
-991
1681
3737
7538817
3
2
-1
-989
1676
3728
7539842
11
11
-5
-1001
1684
3729
7540867
13
15
-8
-1013
1702
3749
7541892
16
9
3
-1011
1683
3729
7542917
7
4
7
-1000
1683
3681
7543942
-16
13
7
-998
1706
3687
7544967
-27
30
5
-1007
1692
3728
7545992
-15
48
4
-1007
1719
3725
7547017
-31
60
7
-1002
1708
3721
7548042
-48
81
1
-1014
1643
3680
7549067
-23
92
-28
-1043
1625
3744
7550092
16
87
-43
-1043
1694
3835
7551117
33
66
-23
-1046
1699
3687
7552142
10
45
-5
-1086
1687
3606
7553167
-11
0
10
-1102
1677
3655
7545983
-4
-28
27
-1108
1591
3679
7547008
49
-35
12
-1091
1663
3727
7548033
47
-15
-13
-1058
1933
3874
7549058
-156
14
14
-1082
1818
3829
7550083
-211
70
21
-1077
1703
3468
7551108
-100
109
-37
-995
1541
3635
7552133
-94
88
-124
-1309
2078
4153
7553158
-484
219
-83
-1190
2274
4454
7554183
-648
549
-63
-692
1425
3876
7555208
-849
741
-438
-547
1017
3588
7556233
-935
91
-1061
-1521
2515
4601
7557258
-879
-1
-498
-1062
417
2232
7558283
-40
606
-405
-989
348
2435
7559308
999
863
-92
-1334
1377
3637
7560333
869
760
251
-2026
2102
4705
7561358
-44
260
313
-2284
1341
4258
7554176
-90
-391
335
-2089
899
3899
7555201
725
-672
555
-1482
552
3282
7556226
1136
-471
476
-1161
1032
2695
7557251
604
508
-35
-640
2470
3288
7558276
-799
1394
-521
-978
3906
5303
7559301
-2308
170
-635
-1700
2168
6142
7560326
-1452
-1352
-372
-1312
1729
1929
7561351
-1105
-542
19
-578
-472
710
7562376
734
339
106
-1246
-630
2629
7563401
2018
344
307
-1680
910
4399
7564426
1681
-98
466
-1948
2516
5435
7565451
316
-499
588
-2043
1913
4413
7566476
-316
-599
490
-1636
668
3468
7567501
266
-464
305
-1107
1001
3429
7568526
455
-279
308
-680
2020
3516
7569551
110
-198
338
-793
2007
3652
7562368
-20
-207
269
-978
1801
3575
7563393
-10
-182
157
-1050
1849
3451
7564418
-64
-109
30
-1139
1936
3599
7565443
-105
-57
-64
-1265
1935
3893
7566468
-150
-22
-105
-1303
1997
4070
7567493
-144
3
-86
-1241
1889
3893
7568518
-94
-1
-77
-1145
1704
3817
7569543
-33
-34
-76
-1050
1671
3794
7570568
-18
-56
-52
-988
1559
3566
7571593
-72
-68
-67
-1036
1541
3667
7572618
-108
-89
-51
-1074
1548
3842
7573643
-80
-97
-2
-1079
1399
3708
7574668
-15
-92
-6
-1083
1442
3781
7575693
54
-84
-2
-1101
1582
3828
7576718
26
-56
19
-1069
1623
3759
7577743
-1
-25
29
-1063
1559
3737
7570559
29
-13
17
-1098
1541
3793
7571584
34
-6
-4
-1079
1604
3785
7572609
13
2
-9
-1077
1632
3726
7573634
8
2
-12
-1080
1609
3752
7574659
31
1
-18
-1069
1610
3685
7575684
24
3
-39
-1082
1677
3723
7576709
12
-4
-43
-1101
1661
3726
7577734
18
-9
-43
-1110
1649
3723
7578759
29
-19
-38
-1091
1652
3703
7579784
25
-26
-32
-1089
1652
3727
7580809
19
-32
-30
-1087
1617
3760
7581834
21
-26
-35
-1077
1624
3722
7582859
17
-21
-44
-1068
1630
3795
7583884
37
-23
-31
-1063
1590
3776
7584909
43
-23
-25
-1062
1585
3741
7585934
44
-4
-27
-1072
1590
3736
7578752
26
18
-29
-1082
1634
3762
7579777
16
23
-12
-1090
1612
3742
7580802
10
22
6
-1099
1598
3701
7581827
6
21
11
-1110
1602
3706
7582852
5
12
19
-1112
1593
3706
7583877
14
0
26
-1097
1612
3699
7584902
20
-9
35
-1100
1640
3680
7585927
7
-14
39
-1107
1636
3711
7586952
3
-23
36
-1106
1655
3729
7587977
-2
-36
41
-1098
1623
3736
7589002
4
-46
41
-1084
1620
3704
7590027
8
-51
37
-1075
1637
3665
7591052
-19
-41
28
-1076
1644
3741
7592077
-24
-36
26
-1080
1639
3791
7593102
-18
-35
31
-1043
1634
3747
7594127
-26
-27
26
-1034
1637
3737
7586944
-22
-16
24
-1052
1634
3735
7587969
-22
-20
19
-1073
1661
3746
7588994
-40
-31
28
-1057
1673
3768
7590019
-41
-33
41
-1065
1606
3759
7591044
-9
-24
28
-1039
1539
3729
7592069
10
5
3
-1032
1654
3756
7593094
6
7
-2
-1039
1654
3787
7594119
-4
-3
1
-1049
1591
3756
7595144
35
6
-20
-1044
1578
3661
7596169
90
50
-74
-1053
1529
3631
7597194
111
107
-154
-1058
1746
3808
7598219
48
126
-161
-1097
1903
3807
7599244
11
113
-123
-1120
1618
3657
7600269
45
122
-164
-1094
1545
3667
7601294
42
145
-217
-1139
1729
3782
7602319
-43
154
-205
-1167
1729
3774
7595135
-87
114
-162
-1191
1604
3745
7596160
-46
79
-124
-1291
1714
3902
7597185
-89
167
-57
-1205
1639
3795
7598210
-82
278
-106
-1267
1417
3847
7599235
50
296
-257
-1384
1674
3951
7600260
-64
440
-319
-821
1997
3478
7601285
-1132
451
-501
-694
2536
3915
7602310
-1252
-88
-480
-1851
1146
3798
7603335
-857
91
-328
-1181
202
2147
7604360
123
656
-328
-1110
955
2727
7605385
891
946
48
-1748
1744
4271
7606410
565
647
339
-2464
2133
5137
7607435
-174
-123
379
-2444
1058
4511
7608460
111
-580
526
-1653
512
3497
7609485
821
-688
638
-1067
371
2986
7610510
1194
-470
401
-925
1306
3161
7603328
534
228
93
-1056
2455
3515
7604353
-414
621
-156
-973
2033
3855
7605378
-1276
122
-319
-651
2299
3535
7606403
-1572
-771
-463
-1758
1775
3932
7607428
-972
-603
-35
-1380
689
2803
7608453
288
-100
186
-1363
741
3323
7609478
1275
88
455
-1622
1523
4321
7610503
1228
-34
621
-1806
1648
4725
7611528
754
-242
585
-1542
1143
3791
7612553
414
-208
242
-1166
1287
3290
7613578
249
-96
-1
-1063
1878
3633
7614603
76
-88
29
-972
2093
3683
7615628
-66
-120
100
-994
1930
3527
7616653
-4
-163
99
-1093
1768
3445
7617678
105
-182
31
-1220
1910
3591
7618703
65
-159
-30
-1287
1963
3627
7611520
-55
-73
-112
-1326
1920
3733
7612545
-139
-22
-171
-1321
1974
3925
7613570
-136
1
-147
-1241
1758
3848
7614595
-77
0
-135
-1145
1714
3810
7615620
-16
-27
-102
-1078
1633
3679
7616645
-35
-29
-73
-1087
1561
3594
7617670
-36
-51
-80
-1159
1512
3636
7618695
-7
-24
-90
-1181
1433
3656
7619720
22
6
-114
-1243
1594
3788
7620745
74
1
-71
-1257
1647
3743
7621770
75
4
-16
-1234
1605
3647
7622795
58
-6
1
-1208
1629
3638
7623820
33
-19
19
-1209
1670
3627
7624845
14
-28
29
-1206
1636
3601
7625870
4
-30
9
-1210
1684
3697
7626895
12
-41
12
-1214
1738
3704
7619738
8
-53
23
-1200
1704
3652
7620763
10
-51
13
-1184
1668
3626
7621788
1
-38
-16
-1191
1735
3690
7622813
-2
-32
-21
-1201
1695
3661
7623838
4
-32
-21
-1197
1676
3691
7624863
14
-41
-8
-1183
1656
3683
7625888
-3
-49
8
-1190
1627
3672
7626913
-4
-61
17
-1195
1608
3683
7627938
22
-64
27
-1167
1629
3636
7628963
14
-55
19
-1149
1684
3668
7629988
-9
-37
15
-1151
1725
3694
7631013
-25
-12
16
-1156
1725
3717
7632038
-14
3
13
-1158
1705
3742
7633063
-3
9
16
-1143
1697
3704
7634088
-18
18
18
-1140
1665
3668
7635113
-29
22
16
-1160
1634
3681
7627904
-18
18
16
-1168
1636
3694
7628929
-7
10
20
-1170
1662
3704
7629954
3
1
26
-1174
1655
3682
7630979
12
-9
25
-1177
1676
3650
7632004
4
-14
18
-1178
1690
3644
7633029
-3
-16
5
-1188
1701
3683
7634054
3
-24
0
-1169
1699
3685
7635079
-6
-25
-6
-1150
1693
3671
7636104
-19
-15
-10
-1152
1690
3688
7637129
-26
-4
-7
-1153
1672
3729
7638154
-25
0
-3
-1143
1647
3737
7639179
-20
4
7
-1135
1627
3701
7640204
-2
9
13
-1147
1627
3690
7641229
11
14
13
-1150
1660
3686
7642254
9
14
15
-1175
1693
3707
7643279
8
6
26
-1182
1680
3672
7636096
6
-4
30
-1174
1674
3655
7637121
9
-15
27
-1170
1683
3664
7638146
-3
-16
17
-1168
1663
3647
7639171
-13
-11
5
-1163
1710
3675
7640196
-13
-12
6
-1164
1687
3705
7641221
-16
-7
6
-1154
1669
3678
7642246
-24
0
5
-1150
1666
3677
7643271
-41
4
13
-1145
1646
3688
7644296
-51
23
36
-1118
1655
3592
7645321
-21
3
50
-1193
1718
3842
7646346
25
-53
101
-1223
1673
4036
7647371
66
-85
178
-1117
1621
3719
7648396
96
-134
225
-1139
1622
3481
7649421
78
-221
246
-1141
1629
3601
7650446
27
-265
273
-1104
1614
3687
7651471
23
-291
284
-1086
1546
3551
7644288
121
-277
221
-1030
1476
3448
7645313
186
-112
57
-1004
1912
3811
7646338
-91
201
-48
-914
2493
3970
7647363
-415
406
-51
-1000
2314
3964
7648388
-365
543
-64
-1015
2001
4156
7649413
-29
690
-48
-1040
1760
4342
7650438
61
652
-42
-871
1960
3708
7651463
-972
332
-230
-937
2252
4469
7652488
-777
-420
-289
-1807
1291
3896
7653513
-569
-255
-170
-708
-214
1045
7654538
61
600
-478
-780
656
2102
7655563
767
866
-170
-1452
1573
3999
7656588
720
518
146
-2029
1982
4919
7657613
189
-142
184
-2201
2009
4377
7658638
164
-668
256
-1984
911
3914
7659663
640
-413
341
-1162
1323
3130
7652480
190
679
34
-456
2170
3374
7653505
-416
1488
-571
-966
2768
5020
7654530
-1623
607
-867
-1117
2433
4772
7655555
-1160
-613
-718
-1171
1959
1901
7656580
-909
41
-249
-890
-4
1430
7657605
490
695
-39
-1505
229
3059
7658630
1211
411
167
-2296
1695
4929
7659655
666
-432
439
-2535
1883
4749
7660680
280
-1056
630
-2209
775
3690
7661705
715
-889
620
-1281
340
2854
7662730
818
-422
414
-868
1408
3233
7663755
443
-258
161
-897
2182
3883
7664780
-191
-235
134
-953
2254
3789
7665805
-567
-192
130
-1038
1918
3606
7666830
-460
-182
54
-1116
1890
3596
7667855
-162
-189
11
-1301
1975
3833
7660671
27
-174
-5
-1356
1915
4033
7661696
85
-101
-25
-1315
1777
3792
7662721
40
-11
-117
-1203
1798
3803
7663746
-22
38
-170
-1123
1776
3780
7664771
-57
47
-162
-1103
1687
3680
7665796
-29
10
-153
-1119
1666
3747
7666821
10
-35
-106
-1158
1562
3703
7667846
38
-73
-63
-1206
1530
3579
7668871
60
-80
-60
-1241
1465
3579
7669896
58
-53
-73
-1267
1519
3681
7670921
43
-50
-61
-1255
1621
3678
7671946
0
-41
-37
-1227
1657
3709
7672971
-9
-30
-10
-1188
1603
3755
7673996
28
-31
7
-1168
1620
3711
7675021
24
-37
13
-1159
1627
3744
7676046
19
-34
10
-1159
1617
3634
7668864
3
-17
-12
-1175
1721
3719
7669889
-7
-10
5
-1200
1696
3738
7670914
-3
-2
17
-1192
1619
3688
7671939
14
1
8
-1170
1671
3666
7672964
14
1
13
-1175
1666
3672
7673989
5
0
17
-1194
1626
3681
7675014
20
2
13
-1212
1639
3739
7676039
34
-2
25
-1204
1629
3704
7677064
27
-7
30
-1191
1643
3712
7678089
23
-16
42
-1179
1620
3663
7679114
14
-19
40
-1187
1635
3662
7680139
5
-29
29
-1193
1678
3739
7681164
8
-41
41
-1188
1660
3666
7682189
5
-33
36
-1159
1656
3627
7683214
-6
-16
16
-1165
1702
3714
7684239
-10
-3
13
-1178
1678
3715
7677056
-8
4
6
-1170
1678
3722
7678081
4
7
3
-1165
1677
3723
7679106
4
5
2
-1166
1661
3715
7680131
4
0
2
-1177
1641
3675
7681156
12
-5
-2
-1189
1623
3647
7682181
10
-5
-8
-1201
1659
3674
7683206
2
-11
-2
-1193
1661
3694
7684231
-4
-20
4
-1189
1647
3683
7685256
2
-31
2
-1174
1653
3676
7686281
-2
-32
-2
-1161
1667
3675
7687306
-11
-30
-5
-1164
1670
3686
7688331
-5
-28
-5
-1160
1667
3704
7689356
-7
-23
-6
-1157
1686
3696
7690381
-19
-16
-9
-1161
1651
3716
7691406
-10
-11
-10
-1157
1667
3706
7692431
-2
-11
-4
-1161
1639
3684
7685247
-1
-12
-3
-1156
1652
3702
7686272
-8
-14
0
-1157
1659
3670
7687297
-19
-4
-4
-1166
1642
3716
7688322
10
-4
-2
-1168
1658
3695
7689347
16
-10
1
-1158
1645
3685
7690372
7
-19
2
-1157
1688
3687
7691397
-5
-21
12
-1168
1652
3634
7692422
-14
-18
4
-1167
1634
3694
7693447
12
-22
4
-1159
1672
3695
7694472
3
-22
6
-1147
1689
3698
7695497
-6
-20
7
-1144
1660
3711
7696522
6
-12
8
-1145
1660
3701
7697547
1
-1
6
-1149
1663
3730
7698572
1
6
9
-1150
1656
3714
7699597
12
4
13
-1145
1643
3691
7700622
17
-1
14
-1147
1646
3680
7693527
9
-7
17
-1162
1670
3674
7694552
-9
-10
22
-1163
1670
3681
7695577
-8
-13
26
-1164
1656
3691
7696602
7
-18
27
-1145
1662
3664
7697627
6
-16
19
-1134
1681
3686
7698652
15
-22
12
-1154
1703
3738
7699677
66
-43
25
-1143
1724
3750
7700702
85
-44
38
-1201
1765
3910
7701727
-50
79
17
-1288
1981
3982
7702752
-273
420
-51
-1194
1835
3564
7703777
-338
814
-359
-750
1577
3506
7704802
-547
1070
-611
-901
2355
4335
7705827
-1200
762
-515
-1519
1582
4670
7706852
-333
-37
-269
-1608
952
3027
7707877
244
171
-5
-929
732
1853
7708902
541
730
118
-1209
1215
2861
7701633
464
765
294
-2127
1580
4507
7702658
146
-21
378
-2763
1588
4848
7703683
379
-933
550
-2146
1146
3833
7704708
817
-965
857
-1180
645
2849
7705733
1143
-654
761
-1014
731
2894
7706758
1317
-290
296
-756
2247
3234
7707783
495
533
46
-1142
2559
3539
7708808
-798
1091
-504
-1048
2643
4198
7709833
-2306
378
-815
-764
4164
4885
7710858
-2360
-746
-463
-1969
1913
3828
7711883
-1326
-377
-48
-813
66
1413
7712908
541
523
32
-867
230
2190
7713933
1613
897
197
-1631
1730
4167
7714958
741
394
288
-2523
2624
5422
7715983
-491
-586
435
-2527
1507
4495
7717008
20
-828
489
-1451
-5
3066
7709824
779
-320
314
-961
1100
3015
7710849
932
-277
91
-754
1966
3665
7711874
498
-300
175
-852
2015
3220
7712899
48
-258
194
-1132
1895
2924
7713924
-223
-271
69
-1231
2026
3486
7714949
-383
-274
25
-1402
1902
4004
7715974
-245
-283
28
-1449
1848
4061
7716999
31
-289
41
-1319
1849
3920
7718024
171
-222
26
-1080
1802
3636
7719049
144
-34
-56
-998
1808
3476
7720074
-27
45
-195
-1033
2127
3957
7721099
-202
64
-174
-1070
1902
4005
7722124
-116
70
-120
-1090
1615
3723
7723149
110
22
-104
-1111
1692
3636
7724174
177
-21
-59
-1169
1686
3624
7725199
123
-46
-22
-1206
1594
3464
7718016
83
-87
-24
-1220
1688
3483
7719041
30
-106
-14
-1257
1688
3549
7720066
-4
-102
-10
-1229
1742
3596
7721091
-10
-95
-10
-1190
1794
3733
7722116
5
-97
3
-1126
1737
3725
7723141
22
-101
-9
-1069
1764
3650
7724166
20
-86
-28
-1072
1792
3639
7725191
-5
-63
-39
-1096
1806
3689
7726216
-17
-51
-36
-1108
1786
3718
7727241
-6
-50
-16
-1116
1718
3673
7728266
28
-70
5
-1092
1698
3617
7729291
45
-99
25
-1127
1683
3576
7730316
27
-114
37
-1109
1741
3553
7731341
4
-101
43
-1088
1778
3619
7732366
22
-90
42
-1089
1738
3738
7733391
75
-86
22
-1122
1764
3752
7726208
75
-81
8
-1079
1862
3655
7727233
23
-60
9
-1074
1799
3619
7728258
10
-51
-10
-1061
1751
3676
7729283
21
-48
-22
-1060
1778
3656
7730308
4
-50
-17
-1059
1775
3620
7731333
7
-55
-2
-1056
1739
3607
7732358
22
-67
10
-1044
1733
3622
7733383
24
-76
20
-1020
1762
3677
7734408
2
-81
35
-990
1784
3714
7735433
-6
-78
53
-977
1779
3678
7736458
10
-65
53
-974
1780
3711
7737483
37
-45
43
-979
1795
3733
7738508
67
-34
35
-964
1818
3707
7739533
90
-30
28
-1018
1781
3724
7740558
113
-29
19
-1023
1768
3673
7741583
135
-27
17
-1030
1795
3633
7734400
154
-24
14
-1027
1787
3615
7735425
169
-21
3
-1035
1834
3580
7736450
193
-32
8
-1012
1833
3522
7737475
247
-61
26
-1022
1803
3452
7738500
299
-112
45
-1039
1819
3460
7739525
292
-163
77
-971
1916
3446
7740550
209
-196
100
-940
2014
3544
7741575
93
-192
115
-997
2051
3691
7742600
8
-179
122
-939
1927
3632
7743625
24
-161
96
-907
1933
3673
7744650
59
-140
90
-840
1967
3666
7745675
70
-102
90
-822
1974
3638
7746700
58
-76
91
-802
2011
3678
7747725
22
-66
111
-792
2008
3681
7748750
-33
-50
123
-789
2002
3648
7749775
-60
-17
118
-793
1984
3633
7742592
-42
8
120
-817
1982
3650
7743617
-22
16
128
-828
1978
3629
7744642
-37
22
134
-814
1986
3600
7745667
-64
24
138
-816
2002
3627
7746692
-75
20
144
-840
1960
3598
7747717
-71
14
144
-820
1949
3592
7748742
-46
-1
150
-823
1948
3585
7749767
-41
-15
158
-833
1945
3562
7750792
-55
-17
154
-802
1955
3535
7751817
-73
-32
139
-820
1981
3607
7752842
-85
-61
146
-814
1962
3597
7753867
-108
-85
154
-801
1945
3568
7754892
-128
-114
166
-795
1937
3577
7755917
-156
-152
183
-749
1938
3525
7756942
-208
-202
195
-723
1965
3555
7757967
-260
-262
205
-749
1954
3608
7750783
-258
-319
223
-666
1852
3462
7751808
-201
-295
182
-620
1774
3433
7752833
-186
-236
82
-619
1940
3755
7753858
-256
-206
26
-561
1990
3974
7754883
-308
-173
38
-511
1924
3854
7755908
-251
-152
65
-499
1738
3753
7756933
-137
-127
73
-495
1687
3763
7757958
-90
-77
53
-470
1678
3845
7758983
-123
-35
21
-457
1813
3936
7760008
-128
-13
55
-446
1731
3918
7761033
-77
13
94
-429
1683
3866
7762058
-4
49
100
-441
1662
3887
7763083
14
92
101
-457
1757
3926
7764108
12
116
121
-473
1742
3858
7765133
39
129
148
-468
1706
3786
7766158
55
135
158
-498
1801
3787
7758976
58
122
173
-528
1797
3787
7760001
62
99
187
-534
1806
3719
7761026
42
91
172
-566
1818
3740
7762051
27
97
159
-594
1882
3784
7763076
12
104
164
-607
1887
3756
7764101
53
110
183
-642
1992
3746
7765126
116
120
203
-651
2106
3700
7766151
140
139
187
-635
2128
3668
7767176
151
152
142
-651
2147
3640
7768201
133
158
92
-767
2200
3612
7769226
115
145
79
-796
2195
3543
7770251
155
119
89
-718
2150
3445
7771276
234
84
84
-679
2153
3464
7772301
272
32
84
-653
2158
3507
7773326
240
-23
60
-587
1997
3492
7774351
101
-17
-27
-504
1912
3687
7767169
-196
18
-82
-473
2046
3917
7768194
-451
44
-39
-479
1719
3932
7769219
-449
87
8
-486
1380
3914
7770244
-299
127
36
-445
1287
3924
7771269
-172
154
73
-388
1258
3839
7772294
-104
166
127
-388
1230
3762
7773319
-40
146
196
-390
1234
3804
7774344
23
113
267
-384
1262
3774
7775369
56
97
303
-422
1390
3817
7776394
32
89
300
-462
1608
3966
7777419
9
100
253
-540
1707
4055
7778444
82
115
163
-486
1773
4069
7779469
177
131
97
-284
1958
3906
7780494
215
189
76
-344
2057
3725
7781519
267
255
79
-580
2030
3624
7782544
429
291
89
-801
2024
3525
7775360
635
298
79
-914
2067
3428
7776385
777
302
36
-943
2108
3433
7777410
798
300
-21
-1004
2249
3438
7778435
697
276
-43
-1013
2297
3353
7779460
530
218
-52
-1011
2291
3277
7780485
357
157
-57
-983
2248
3199
7781510
213
91
-68
-987
2269
3225
7782535
82
24
-64
-1009
2286
3246
7783560
14
-58
-54
-925
2225
3369
7784585
-43
-136
-39
-837
2205
3475
7785610
-107
-178
-11
-763
2155
3448
7786635
-113
-190
32
-745
2088
3487
7787660
-83
-170
51
-727
2070
3644
7788685
-67
-129
60
-698
2134
3709
7789710
-53
-85
69
-656
2159
3660
7790735
-7
-41
81
-657
2150
3566
7783552
41
-9
79
-685
2156
3553
7784577
65
12
67
-718
2200
3519
7785602
69
27
50
-733
2216
3440
7786627
89
30
39
-755
2253
3407
7787652
124
7
44
-753
2238
3421
7788677
154
-14
32
-735
2267
3400
7789702
169
-20
13
-729
2299
3398
7790727
192
-22
-4
-733
2298
3415
7791752
211
-31
-14
-735
2312
3446
7792777
153
-49
-30
-708
2345
3479
7793802
61
-65
-33
-679
2287
3454
7794827
11
-71
-35
-674
2269
3440
7795852
-3
-65
-38
-708
2267
3432
7796877
-1
-47
-42
-742
2259
3467
7797902
17
-42
-36
-730
2249
3438
7798927
25
-44
-23
-712
2264
3393
7791745
25
-59
0
-712
2230
3394
7792770
17
-74
19
-721
2252
3379
7793795
0
-79
21
-731
2253
3392
7794820
3
-77
14
-696
2307
3442
7795845
3
-68
4
-639
2340
3444
7796870
3
-54
-4
-623
2325
3395
7797895
45
-42
0
-676
2266
3348
7798920
101
-48
3
-749
2266
3355
7799945
88
-74
4
-793
2296
3381
7800970
10
-109
-2
-739
2315
3381
7801995
-53
-129
-7
-665
2337
3389
7803020
-52
-131
-15
-620
2311
3388
7804045
11
-122
-21
-597
2276
3376
7805070
45
-113
-18
-618
2328
3454
7806095
-23
-107
-7
-657
2336
3525
7807120
-81
-102
6
-662
2241
3477
7799936
-42
-101
3
-636
2213
3415
7800961
-13
-100
-3
-597
2283
3451
7801986
-47
-98
9
-564
2301
3476
7803011
-67
-99
11
-537
2306
3454
7804036
-49
-87
1
-535
2321
3466
7805061
-31
-66
-26
-555
2326
3479
7806086
-12
-48
-54
-546
2308
3467
7807111
15
-35
-64
-537
2257
3413
7808136
63
-35
-55
-553
2218
3358
7809161
109
-45
-34
-597
2198
3355
7810186
122
-57
2
-637
2187
3345
7811211
117
-71
45
-683
2179
3346
7812236
134
-98
80
-669
2183
3356
7813261
154
-123
113
-624
2288
3382
7814286
166
-157
153
-562
2341
3399
7815311
143
-186
164
-494
2437
3439
7808128
24
-178
128
-436
2536
3517
7809153
-81
-144
72
-387
2529
3539
7810178
-68
-97
22
-351
2455
3523
7811203
1
-48
-21
-344
2393
3518
7812228
48
-2
-51
-360
2313
3510
7813253
78
50
-61
-374
2346
3452
7814278
89
92
-37
-425
2308
3467
7815303
109
110
-14
-490
2221
3442
7816328
116
106
3
-536
2254
3420
7817353
85
90
35
-561
2283
3364
7818378
63
71
74
-576
2273
3321
7819403
51
55
97
-572
2357
3323
7820428
48
40
118
-553
2376
3309
7821453
52
23
116
-547
2438
3347
7822478
54
1
101
-529
2472
3342
7823503
53
-11
74
-516
2498
3323
7816320
28
-16
36
-503
2535
3361
7817345
1
-11
-2
-494
2490
3354
7818370
-23
-6
-34
-486
2479
3362
7819395
-48
-2
-37
-515
2407
3362
7820420
-44
-4
-26
-532
2347
3340
7821445
-31
-12
-9
-530
2337
3339
7822470
-28
-25
2
-516
2331
3340
7823495
-29
-39
8
-493
2356
3355
7824520
-27
-50
20
-476
2369
3366
7825545
-27
-53
27
-472
2374
3370
7826570
-33
-42
25
-475
2422
3396
7827595
-30
-31
28
-488
2393
3399
7828620
-10
-22
22
-489
2386
3403
7829645
-2
-16
12
-483
2385
3392
7830670
-14
-13
4
-490
2389
3394
7831695
-12
-13
3
-496
2359
3372
7824512
-2
-16
-1
-505
2367
3387
7825537
-2
-19
0
-475
2372
3355
7826562
-17
-20
-10
-454
2399
3371
7827587
-21
-27
-3
-427
2366
3349
7828612
-16
-27
12
-455
2390
3363
7829637
-20
-25
31
-476
2376
3384
7830662
-10
-23
37
-477
2374
3410
7831687
-12
-26
27
-480
2385
3423
7832712
-32
-24
2
-476
2395
3426
7833737
-37
-18
-19
-453
2383
3404
7834762
-29
-14
-31
-432
2396
3403
7835787
-27
-8
-26
-410
2351
3386
7836812
-12
4
-9
-417
2375
3373
7837837
7
12
14
-453
2337
3361
7838862
30
16
29
-486
2339
3364
7839887
26
19
22
-515
2357
3395
7832704
0
16
6
-532
2386
3405
7833729
-18
5
-6
-514
2369
3387
7834754
-5
-6
-14
-493
2399
3387
7835779
1
-17
-16
-470
2381
3372
7836804
-3
-21
-19
-437
2383
3362
7837829
-7
-20
-15
-415
2389
3357
7838854
-7
-16
-5
-422
2358
3371
7839879
0
-10
6
-454
2365
3388
7840904
7
-4
21
-482
2358
3403
7841929
6
-1
24
-492
2357
3432
7842954
-5
1
14
-491
2370
3419
7843979
-17
5
1
-490
2370
3418
7845004
-3
5
-8
-486
2371
3403
7846029
4
5
-14
-460
2376
3367
7847054
-1
10
-16
-425
2389
3345
7848079
6
16
-9
-415
2373
3349
7840896
15
19
8
-459
2359
3376
7841921
13
15
33
-509
2346
3369
7842946
16
5
51
-541
2350
3381
7843971
5
-9
44
-530
2357
3383
7844996
-21
-14
22
-512
2389
3393
7846021
-24
-17
5
-490
2398
3406
7847046
-19
-19
-8
-474
2405
3391
7848071
-24
-15
-16
-445
2390
3385
7849096
-14
-9
-16
-407
2371
3358
7850121
-3
-8
-8
-409
2362
3367
7851146
1
-3
7
-442
2339
3381
7852171
9
1
25
-466
2340
3395
7853196
17
7
47
-490
2359
3389
7854221
14
7
60
-503
2359
3401
7855246
-7
0
53
-498
2374
3404
7856271
