Device = VHR-0009
time_stamp = 1777369837538
sample_rate = 50
Data format = INT16
TYPE = 6-AXIS IMU RAW DATA
-128
31
-61
-454
989
3810
7292032
-130
-8
-47
-554
982
3935
7293057
-161
-31
-25
-605
1038
4074
7294082
-258
-50
-44
-295
1311
4126
7295107
-655
-19
-83
-225
1329
4089
7296132
-1054
-9
-133
-522
1278
4034
7297157
-1090
-120
-241
-509
1068
3925
7298182
-763
-144
-276
-202
857
4361
7299207
-714
-97
-206
-293
591
4290
7300232
-947
-39
-105
-335
293
4269
7301257
-1006
-24
-87
-434
443
4111
7302282
-808
-77
-90
-476
188
3953
7303307
-327
-131
-86
-294
396
4099
7304332
-37
-125
-105
-274
636
4232
7305357
-4
-107
-69
-352
178
4152
7306382
133
-46
-48
-298
426
4478
7307407
193
33
-72
-314
719
4512
7300224
283
75
-94
-326
403
4441
7301249
526
128
-100
-326
490
4440
7302274
438
174
-89
-362
635
4222
7303299
300
174
-71
-477
533
4060
7304324
171
117
-54
-447
608
3898
7305349
11
61
3
-416
124
3778
7306374
170
4
79
-414
184
3813
7307399
171
-37
184
-515
461
4054
7308424
17
-10
180
-397
1164
4524
7309449
-314
51
165
-382
929
4462
7310474
-109
78
101
-604
946
3490
7311499
195
-32
7
-533
1024
4747
7312524
-424
144
-135
-66
1451
5170
7313549
-500
262
-129
-412
462
4408
7314574
-258
280
-262
-529
878
4504
7315599
-361
308
-274
-655
481
4028
7308416
-129
254
-214
-710
-2
3793
7309441
278
188
-184
-713
254
3848
7310466
411
146
-165
-639
656
4093
7311491
210
136
-159
-567
859
4203
7312516
-15
143
-189
-573
662
4232
7313541
-16
162
-220
-659
592
4238
7314566
27
175
-232
-643
540
4193
7315591
134
174
-203
-630
368
4172
7316616
264
160
-146
-592
280
4200
7317641
119
155
-97
-562
422
4081
7318666
-17
106
-40
-579
223
3860
7319691
47
67
-40
-583
729
4288
7320716
-93
70
-42
-756
685
4183
7321741
-99
76
-87
-811
945
4146
7322766
-164
76
-126
-764
779
4072
7323791
-148
75
-138
-781
458
3999
7316608
-92
33
-139
-845
567
3949
7317633
-91
-16
-148
-701
629
4073
7318658
-71
-24
-151
-636
640
4176
7319683
-32
-12
-157
-648
696
4166
7320708
-161
41
-155
-468
241
4323
7321733
-63
112
-100
-529
118
4349
7322758
44
116
-85
-647
549
4252
7323783
43
130
-54
-529
109
4365
7324808
175
274
135
-464
-527
4667
7325833
356
444
224
-680
-40
4832
7326858
485
545
323
-788
-334
4845
7327883
1065
607
398
-819
-326
3864
7328908
2280
481
344
-329
51
2797
7329933
3019
226
131
113
1388
2839
7330958
2463
90
102
44
1316
2951
7331983
1963
49
47
103
1805
2685
7324800
1717
-61
-115
692
2041
2762
7325825
1759
-75
26
628
798
3350
7326850
2500
-101
302
224
689
3421
7327875
3347
-29
539
-44
1353
3301
7328900
4123
166
788
-432
2168
2990
7329925
5159
411
979
-1051
3004
2847
7330950
5621
609
1100
-1421
4271
3093
7331975
4710
832
1156
-1948
4887
2373
7333000
3932
992
1086
-2520
4456
1049
7334025
4574
898
620
-2580
4520
798
7335050
4841
711
290
-2580
5335
679
7336075
3813
539
98
-2809
5432
259
7337100
2434
137
-200
-2527
4559
217
7338125
1140
-87
-318
-1657
4064
-636
7339150
912
-323
-527
-1081
4249
-1145
7340175
1199
-597
-692
-649
4180
-705
7332992
1035
-746
-686
-461
4278
-94
7334017
-201
-555
-566
-392
3154
873
7335042
-160
-63
-431
-576
1992
1557
7336067
2250
23
-310
-850
2412
1319
7337092
3830
-145
226
-1452
4839
-1088
7338117
2463
-570
119
-1343
6419
-1822
7339142
244
-473
-496
-547
4447
-1018
7340167
314
-508
-688
-769
4786
-967
7341192
307
-511
-911
-1071
5611
-507
7342217
-16
-387
-1291
-1359
4500
-418
7343242
-130
-448
-1367
-1729
3286
-392
7344267
-304
-605
-1143
-1281
3423
657
7345292
-1600
-357
-1000
-1700
3784
956
7346317
-2502
-52
-1019
-2513
2521
-205
7347342
-1868
-185
-897
-1742
2258
-974
7348367
-1090
-443
-696
-1554
3597
-475
7341184
-1126
-580
-610
-1873
2699
-61
7342209
-756
-659
-376
-1859
2188
-11
7343234
477
-700
-205
-1701
2578
83
7344259
1722
-674
-64
-1993
3294
318
7345284
2056
-580
64
-1952
2806
1036
7346309
2053
-313
314
-1809
2193
1466
7347334
2877
35
627
-1700
1822
784
7348359
4096
291
991
-1783
3062
-186
7349384
4322
372
1000
-1680
4076
-1269
7350409
3501
340
786
-1235
4439
-1923
7351434
2626
283
556
-1148
3940
-1994
7352459
2227
149
571
-1556
3009
-2167
7353484
2316
56
618
-1551
2862
-1908
7354509
2515
77
700
-1532
2975
-2021
7355534
2315
119
685
-1506
3618
-2189
7356559
1547
147
567
-1623
3840
-2308
7349447
819
174
336
-1405
4281
-2170
7350472
-49
240
28
-1081
4572
-1826
7351497
-773
308
-103
-1193
3124
-2348
7352522
-404
212
28
-1606
2495
-2640
7353547
118
101
100
-1470
2558
-2402
7354572
180
67
162
-1469
2853
-2435
7355597
21
54
166
-1449
3041
-2391
7356622
-60
16
171
-1215
2989
-2438
7357647
11
-52
183
-1274
3486
-2442
7358672
-22
-48
59
-1117
3717
-2253
7359697
-212
-8
-98
-1023
4173
-1970
7360722
-1113
60
-317
-1081
4299
-1930
7361747
-1918
171
-597
-1166
4234
-1833
7362772
-2273
227
-838
-1179
3957
-1827
7363797
-2563
292
-983
-1275
3926
-1752
7364822
-2347
252
-1022
-1508
3061
-1751
7357570
-1751
210
-857
-1620
2500
-1656
7358595
-1216
192
-672
-1714
2522
-1588
7359620
-804
152
-542
-1603
2666
-1471
7360645
-487
120
-392
-1483
2561
-1374
7361670
10
110
-249
-1366
2927
-1063
7362695
221
172
-182
-1334
3662
-767
7363720
-8
280
-172
-1497
3627
-884
7364745
-11
347
-123
-1467
2957
-1073
7365770
192
424
-13
-1664
3203
-880
7366795
49
482
68
-1546
3076
-1049
7367820
-139
501
148
-1552
3059
-1608
7368845
68
407
230
-1697
2738
-1936
7369870
737
313
312
-1823
3169
-1902
7370895
998
245
317
-1733
3596
-1782
7371920
794
180
297
-1759
3590
-1890
7372945
692
48
253
-1734
3508
-1937
7365760
754
-56
225
-1568
3486
-1682
7366785
676
-78
211
-1546
3621
-1729
7367810
420
-84
127
-1483
3692
-1792
7368835
86
-73
49
-1366
3508
-1795
7369860
-37
-71
41
-1410
3147
-1860
7370885
146
-92
79
-1462
3111
-1806
7371910
290
-89
111
-1451
3296
-1686
7372935
250
-74
110
-1440
3361
-1698
7373960
51
-58
105
-1432
3359
-1713
7374985
-149
-22
79
-1365
3390
-1659
7376010
-186
0
76
-1367
3267
-1636
7377035
-111
18
92
-1380
3301
-1665
7378060
-44
20
104
-1363
3314
-1779
7379085
61
11
110
-1367
3307
-1768
7380110
102
7
123
-1431
3320
-1755
7381135
147
9
112
-1392
3302
-1730
7373954
187
20
101
-1373
3390
-1678
7374979
140
49
95
-1400
3391
-1726
7376004
99
62
85
-1351
3318
-1783
7377029
93
67
94
-1355
3298
-1827
7378054
130
44
101
-1338
3266
-1868
7379079
135
32
102
-1350
3315
-1879
7380104
86
34
96
-1350
3339
-1885
7381129
48
22
81
-1319
3399
-1890
7382154
16
2
62
-1304
3437
-1873
7383179
-29
-14
34
-1297
3429
-1891
7384204
-52
-18
11
-1296
3370
-1839
7385229
-51
-19
4
-1312
3339
-1824
7386254
-38
-22
-3
-1272
3314
-1819
7387279
-18
-14
1
-1290
3290
-1824
7388304
-1
-4
3
-1326
3315
-1772
7389329
-18
-2
8
-1304
3291
-1831
7382144
-8
-6
12
-1301
3277
-1844
7383169
15
-6
14
-1295
3324
-1786
7384194
2
2
13
-1295
3339
-1789
7385219
-8
10
14
-1297
3323
-1802
7386244
-10
17
20
-1314
3326
-1808
7387269
-15
17
20
-1311
3283
-1856
7388294
25
8
19
-1298
3303
-1836
7389319
49
13
20
-1287
3318
-1780
7390344
30
18
22
-1284
3342
-1857
7391369
-5
13
17
-1285
3338
-1910
7392394
3
5
3
-1281
3409
-1955
7393419
11
-12
-34
-1286
3519
-1989
7394444
-22
-25
-90
-1293
3552
-2012
7395469
27
-60
-125
-1301
3440
-2080
7396494
3
-118
-167
-1261
3511
-2080
7397519
-214
-175
-242
-1313
3338
-1800
7390336
-446
-201
-240
-1454
3049
-1751
7391361
-515
-220
-171
-1701
3049
-1984
7392386
-454
-286
-109
-1759
3122
-2104
7393411
-440
-369
-78
-1728
3441
-1964
7394436
-528
-431
-103
-1622
3497
-1783
7395461
-473
-485
-94
-1612
3176
-1699
7396486
-104
-544
4
-1468
2894
-1442
7397511
442
-502
121
-1270
3023
-1229
7398536
883
-428
159
-1330
3602
-1262
7399561
674
-353
81
-1228
3577
-1252
7400586
317
-203
-3
-1116
3377
-1215
7401611
240
-38
-31
-1085
3564
-938
7402636
85
144
13
-1186
3494
-958
7403661
-120
314
19
-1421
3601
-1010
7404686
-343
469
-67
-1433
3861
-1073
7405711
-503
577
-195
-1316
3851
-1176
7398528
-581
646
-288
-1310
3686
-1296
7399553
-723
692
-322
-1459
3496
-1369
7400578
-944
723
-321
-1562
3238
-1567
7401603
-983
701
-265
-1658
2924
-1897
7402628
-828
614
-114
-1853
2670
-2236
7403653
-476
491
41
-1872
2617
-2272
7404678
-8
316
142
-1498
2813
-2097
7405703
286
191
238
-1232
3069
-1931
7406728
475
123
305
-1224
3459
-1796
7407753
625
69
296
-1242
3885
-1560
7408778
457
72
258
-1321
3863
-1512
7409803
248
121
161
-1318
3614
-1356
7410828
104
189
98
-1240
3536
-1406
7411853
39
232
89
-1278
3396
-1613
7412878
95
219
105
-1308
3153
-1828
7413903
262
150
150
-1357
3139
-2006
7406720
405
85
171
-1331
3306
-1979
7407745
369
55
214
-1392
3366
-1952
7408770
397
-9
229
-1428
3380
-2012
7409795
528
-114
209
-1317
3573
-1991
7410820
428
-177
163
-1208
3753
-2005
7411845
290
-207
84
-1194
3648
-2080
7412870
289
-249
39
-1268
3450
-2131
7413895
257
-327
22
-1308
3330
-2196
7414920
167
-427
10
-1237
3199
-2030
7415945
137
-473
33
-1216
3101
-1956
7416970
198
-474
42
-1298
3205
-1874
7417995
229
-490
62
-1261
3099
-1780
7419020
333
-486
131
-1137
3052
-1605
7420045
467
-416
184
-1117
3278
-1425
7421070
453
-290
180
-1143
3285
-1340
7422095
390
-146
176
-1213
3369
-1417
7414911
323
4
143
-1178
3490
-1508
7415936
116
129
101
-1135
3458
-1754
7416961
-166
235
62
-1111
3573
-1863
7417986
-260
278
24
-1122
3402
-1792
7419011
-221
296
10
-1243
3347
-1738
7420036
-235
324
-27
-1282
3305
-1829
7421061
-230
369
-28
-1384
3124
-2070
7422086
-103
348
5
-1396
3133
-2195
7423111
-82
272
19
-1256
3289
-2276
7424136
-213
194
2
-1144
3314
-2291
7425161
-290
122
0
-1167
3287
-2128
7426186
-278
76
-9
-1117
3389
-1969
7427211
-389
56
-34
-1154
3617
-1883
7428236
-611
62
-95
-1179
3612
-1782
7429261
-676
90
-158
-1110
3602
-1573
7430286
-669
147
-225
-1023
3820
-1348
7423236
-830
251
-317
-1037
4160
-1359
7424261
-1047
279
-458
-1086
4788
-1515
7425286
-1482
312
-716
-1060
5274
-1702
7426311
-2077
422
-1106
-1085
4861
-1632
7427336
-2513
372
-1287
-1330
4516
-1903
7428361
-2632
231
-1410
-1625
3426
-2081
7429386
-1967
13
-1280
-1971
2214
-1925
7430411
-1522
-129
-1076
-1776
2384
-1322
7431436
-1010
-211
-997
-1562
1993
-996
7432461
-39
-282
-732
-1714
1970
-626
7433486
521
-321
-340
-1779
2088
-727
7434511
1004
-336
-96
-1763
2775
-1004
7435536
1094
-291
-72
-1843
3828
-260
7436561
676
-150
-151
-1756
4039
-146
7437586
159
-96
-139
-1892
4036
-555
7438611
-460
-10
-156
-1985
3432
-473
7431296
-256
142
-160
-2029
2937
-392
7432321
453
217
-77
-1866
3097
-511
7433346
503
262
-6
-1814
3800
-596
7434371
-285
276
3
-1863
3584
-1165
7435396
-386
185
-153
-1949
3420
-1489
7436421
-143
68
-187
-2191
4164
-1263
7437446
-331
-24
-293
-2331
4284
-1045
7438471
-721
-70
-587
-2325
4469
-587
7439496
-1130
-87
-765
-2147
3850
-652
7440521
-1210
-119
-801
-1955
3388
-806
7441546
-1027
-167
-777
-1861
3262
-884
7442571
-853
-165
-680
-2053
2635
-345
7443596
-532
-83
-523
-2222
2900
-272
7444621
-450
-88
-474
-2173
2652
-524
7445646
-302
-98
-321
-2461
3086
-345
7446671
-504
-80
-302
-2698
3246
-339
7439487
-681
-115
-261
-2476
2290
-478
7440512
-331
-129
-111
-2532
3088
-26
7441537
-164
-116
-87
-2347
3067
136
7442562
47
-56
-6
-2409
2966
214
7443587
262
51
65
-2441
2907
424
7444612
455
184
151
-2397
2794
172
7445637
571
273
248
-2366
2997
-157
7446662
555
298
331
-2244
2908
-456
7447687
742
320
433
-2347
2814
-309
7448712
965
405
525
-2561
3058
156
7449737
889
517
637
-2318
2500
-104
7450762
884
583
822
-1906
2577
-1260
7451787
1032
489
854
-1654
3381
-1532
7452812
1226
381
831
-1745
3310
-1002
7453837
1296
414
921
-1920
3385
-443
7454862
1141
496
889
-2197
3586
-693
7447680
1050
506
807
-1956
3628
-1377
7448705
890
436
713
-1582
3954
-1725
7449730
566
375
616
-1575
3675
-1805
7450755
510
368
562
-1785
2906
-1606
7451780
1161
297
587
-1641
2682
-1792
7452805
1772
158
689
-1573
3358
-2413
7453830
1865
5
634
-1476
3670
-2611
7454855
1885
-108
560
-1322
3390
-2503
7455880
2019
-232
623
-1388
3233
-2520
7456905
2163
-364
560
-1579
3937
-2679
7457930
1939
-466
393
-1613
3518
-2643
7458955
1863
-530
354
-1434
3024
-2597
7459980
1716
-558
348
-1321
2846
-2495
7461005
1584
-570
450
-1247
2350
-2836
7462030
1781
-601
557
-1272
2827
-2735
7463055
1651
-538
476
-1313
2935
-2341
7455872
1453
-405
448
-1322
2735
-2317
7456897
1017
-351
395
-1038
3141
-2536
7457922
347
-237
270
-1065
3018
-2464
7458947
-11
-84
98
-1288
3226
-2437
7459972
-164
50
-116
-1282
3298
-2149
7460997
-435
212
-279
-1349
3205
-2291
7462022
-736
343
-405
-1432
2727
-2655
7463047
-639
359
-422
-1343
2216
-2848
7464072
-331
307
-360
-1424
2282
-2975
7465097
-111
241
-317
-1525
2329
-3002
7466122
-32
184
-283
-1517
2341
-3060
7467147
-89
121
-256
-1516
2399
-3215
7468172
-118
55
-231
-1455
2428
-2868
7469197
-113
40
-176
-1411
2312
-2681
7470222
-31
46
-117
-1393
2486
-2779
7471247
-24
55
-125
-1383
2644
-2696
7464063
-89
82
-169
-1403
2852
-2760
7465088
-184
82
-193
-1486
2496
-2736
7466113
-136
77
-135
-1480
2249
-2691
7467138
-26
77
-99
-1389
2491
-2795
7468163
-35
73
-119
-1364
2645
-2847
7469188
-14
63
-160
-1436
2825
-2740
7470213
-31
60
-215
-1503
2815
-2637
7471238
-116
77
-268
-1505
2728
-2613
7472263
-217
107
-285
-1515
2582
-2629
7473288
-220
139
-260
-1526
2364
-2765
7474313
-65
126
-225
-1531
2364
-2908
7475338
4
85
-198
-1537
2496
-2843
7476363
-107
76
-169
-1494
2417
-2778
7477388
-237
82
-136
-1524
2640
-2901
7478413
-390
48
-158
-1564
2745
-2909
7479438
-467
-8
-175
-1549
2643
-2786
7472256
-633
-35
-196
-1627
2808
-2880
7473281
-1026
-65
-250
-1729
2928
-2945
7474306
-1552
-97
-304
-1518
2643
-2494
7475331
-1826
-158
-210
-1601
2478
-2964
7476356
-1247
-327
-175
-1564
2708
-2639
7477381
-798
-402
-191
-1802
3910
-2250
7478406
-1402
-407
-261
-1827
2966
-1498
7479431
-1537
-301
-169
-1644
1853
-1616
7480456
-619
-222
-16
-1754
2318
-1963
7481481
88
-209
44
-1779
2780
-2068
7482506
167
-163
62
-1740
3219
-1599
7483531
19
-30
-51
-1439
3479
-1321
7484556
52
97
-61
-1649
3183
-1670
7485581
294
155
-23
-1869
2855
-1994
7486606
490
149
-46
-1834
2916
-2181
7487631
425
118
-32
-1766
2801
-2334
7480448
433
66
15
-1761
2800
-2333
7481473
452
18
48
-1760
2899
-2233
7482498
391
-17
77
-1780
2961
-2247
7483523
333
-28
66
-1788
2933
-2139
7484548
392
0
48
-1670
3098
-1918
7485573
235
34
35
-1675
2955
-1982
7486598
85
74
37
-1686
2942
-2089
7487623
-37
97
18
-1725
2860
-2245
7488648
17
84
50
-1703
2672
-2277
7489673
110
74
75
-1721
2955
-2258
7490698
37
74
42
-1715
3057
-2252
7491723
-74
58
21
-1724
3089
-2322
7492748
-123
25
-14
-1724
3083
-2320
7493773
-202
-12
-57
-1746
3092
-2242
7494798
-307
-25
-72
-1718
2870
-2180
7495823
-280
-20
-48
-1714
2784
-2207
7488640
-95
-31
-13
-1728
2703
-2187
7489665
178
-34
50
-1694
2658
-2068
7490690
337
-3
112
-1673
2809
-2088
7491715
342
15
132
-1671
2748
-2239
7492740
364
15
162
-1649
2754
-2341
7493765
436
14
162
-1689
2930
-2330
7494790
400
10
124
-1735
3149
-2325
7495815
234
9
60
-1704
3152
-2359
7496840
35
1
-11
-1681
3188
-2431
7497865
-131
-2
-80
-1670
3009
-2352
7498890
-105
-2
-104
-1670
2896
-2228
7499915
-42
12
-99
-1650
2798
-2112
7500940
-44
47
-78
-1635
2777
-2192
7501965
-28
67
-64
-1658
2771
-2257
7502990
0
75
-37
-1687
2728
-2267
7504015
37
83
-8
-1709
2792
-2302
7496832
-65
82
-14
-1714
2971
-2408
7497857
-196
75
-51
-1701
3000
-2336
7498882
-180
55
-53
-1659
2865
-2318
7499907
-108
48
-52
-1641
2929
-2213
7500932
-136
51
-55
-1657
2779
-2219
7501957
-127
49
-23
-1712
2658
-2349
7502982
-5
32
15
-1693
2716
-2361
7504007
81
10
51
-1644
2728
-2289
7505032
199
10
60
-1609
2862
-2235
7506057
284
22
58
-1678
2937
-2291
7507082
295
23
45
-1715
2963
-2394
7508107
214
13
21
-1755
2880
-2469
7509132
163
-26
14
-1717
2835
-2488
7510157
102
-66
33
-1592
2676
-2475
7511182
112
-85
76
-1605
2674
-2390
7512207
118
-94
102
-1662
2792
-2402
7505024
71
-103
103
-1681
2910
-2458
7506049
37
-112
80
-1675
2971
-2363
7507074
-4
-107
31
-1639
2967
-2289
7508099
-19
-86
20
-1621
2931
-2228
7509124
-77
-43
-22
-1609
2912
-2198
7510149
-80
13
-23
-1648
2729
-2212
7511174
35
44
-16
-1635
2770
-2275
7512199
28
46
15
-1662
2686
-2373
7513224
58
37
45
-1701
2705
-2429
7514249
83
24
66
-1716
2762
-2436
7515274
64
14
58
-1645
2865
-2366
7516299
76
21
45
-1605
2902
-2314
7517324
129
43
35
-1618
2997
-2332
7518349
84
52
2
-1648
2986
-2377
7519374
0
59
-38
-1642
2872
-2356
7520399
-82
73
-49
-1605
2692
-2296
7513216
-89
93
-14
-1606
2577
-2461
7514241
23
61
34
-1663
2581
-2564
7515266
157
25
79
-1642
2668
-2468
7516291
208
18
96
-1609
2882
-2404
7517316
117
5
94
-1602
2844
-2488
7518341
130
-13
68
-1617
3066
-2434
7519366
-1
-15
3
-1612
3013
-2367
7520391
-128
-9
-24
-1615
2825
-2527
7521416
-170
-28
-56
-1617
3097
-2552
7522441
-522
-51
-122
-1660
3257
-2511
7523466
-939
-71
-206
-1681
3098
-2485
7524491
-1225
-114
-256
-1743
3277
-2811
7525516
-1681
-199
-352
-1810
3745
-2979
7526541
-2292
-292
-540
-1982
3951
-2779
7527566
-2977
-380
-696
-2116
3905
-2617
7528591
-3766
-473
-850
-2242
4288
-2448
7521408
-4720
-621
-1088
-2188
4492
-1977
7522433
-5308
-697
-1331
-2201
3821
-1467
7523458
-5281
-748
-1393
-2299
3347
-1035
7524483
-5260
-789
-1398
-2152
3006
-560
7525508
-5375
-731
-1465
-2125
2877
-234
7526533
-5184
-666
-1514
-2428
2924
-45
7527558
-4713
-718
-1551
-2513
2536
151
7528583
-4315
-812
-1536
-2442
2170
494
7529608
-4325
-891
-1568
-2208
2015
1089
7530633
-4174
-823
-1625
-2141
1133
1620
7531658
-3422
-709
-1494
-2169
913
2207
7532683
-2732
-535
-1276
-2080
1243
3014
7533708
-2575
-355
-1026
-2174
840
3222
7534733
-2171
-240
-702
-2408
97
2991
7535758
-1404
-265
-508
-2468
-107
3050
7536783
-816
-339
-331
-2242
-370
3365
7529599
-218
-262
-61
-2174
-171
3470
7530624
547
-93
278
-2250
-94
3577
7531649
1323
45
572
-2401
774
3165
7532674
1834
127
751
-2429
1182
3044
7533699
2348
175
797
-2532
1152
3096
7534724
2906
209
775
-2425
1128
2860
7535749
2917
352
846
-2334
1270
2334
7536774
2992
469
1054
-2891
1578
1873
7537799
3095
463
1214
-3000
1996
1505
7538824
3104
492
1199
-2763
2919
1286
7539849
2984
452
1019
-2530
3865
1357
7540874
2229
524
866
-2518
3684
1007
7541899
1762
512
833
-2656
2823
912
7542924
1720
443
881
-2543
2399
698
7543949
1888
338
898
-2553
3076
514
7544974
1800
237
770
-2313
3925
618
7537792
1510
245
674
-2329
3882
354
7538817
1514
170
629
-2383
3512
239
7539842
1517
64
593
-2357
3526
308
7540867
1334
27
543
-2262
3670
365
7541892
1301
52
463
-2146
3585
425
7542917
1708
111
457
-2068
3140
373
7543942
2004
115
579
-1980
3311
49
7544967
1666
110
607
-2030
3940
-155
7545992
561
112
432
-1957
4726
-292
7547017
-394
123
220
-2123
4247
-415
7548042
-54
66
96
-2134
3216
-155
7549067
778
-25
187
-2020
3239
-168
7550092
820
-83
250
-1886
3689
-282
7551117
50
-65
134
-1719
4146
-290
7552142
-697
-24
24
-1800
4079
-117
7553167
-726
15
-36
-1872
3395
45
7545984
-298
18
19
-1829
3301
162
7547009
-375
37
55
-1706
3743
178
7548034
-826
108
15
-1761
3761
128
7549059
-709
170
7
-1942
3326
96
7550084
-254
167
33
-1921
3511
151
7551109
-247
165
64
-1916
3595
151
7552134
-482
174
61
-1912
3478
64
7553159
-407
165
53
-1900
3301
1
7554184
-40
142
80
-1954
3493
113
7555209
11
130
110
-1877
3683
114
7556234
-268
131
125
-1960
3571
146
7557259
-306
124
123
-1990
3351
107
7558284
-13
80
122
-1937
3496
28
7559309
142
49
109
-1974
4075
202
7560334
-116
67
44
-1985
4055
136
7561359
-299
61
-30
-2005
3686
110
7554175
-206
30
-85
-1933
3679
244
7555200
-128
36
-82
-1834
3494
227
7556225
14
52
-27
-1823
3316
275
7557250
159
74
28
-1765
3291
260
7558275
271
108
104
-1769
3263
223
7559300
470
124
176
-1812
3227
86
7560325
620
105
235
-1802
3452
65
7561350
445
119
247
-1804
3657
87
7562375
291
169
222
-1859
3538
61
7563400
447
172
212
-1856
3358
-74
7564425
604
123
251
-1821
3557
-160
7565450
475
108
285
-1835
3650
-198
7566475
250
105
298
-1854
3557
-291
7567500
139
77
309
-1799
3400
-215
7568525
194
75
355
-1635
3249
-184
7569550
516
68
450
-1520
3287
-308
7562389
774
33
572
-1555
3266
-219
7563414
822
48
695
-1641
3091
-178
7564439
921
89
820
-1730
2794
-403
7565464
1158
95
991
-1596
2609
-771
7566489
1579
80
1188
-1219
2825
-750
7567514
2165
137
1339
-905
2793
-594
7568539
2717
328
1537
-905
3025
-704
7569564
2965
563
1690
-1015
3464
-983
7570589
2782
718
1743
-830
3438
-1536
7571614
3136
695
1730
-364
3289
-2600
7572639
3885
553
1737
-60
3740
-3174
7573664
3642
474
1716
-118
3895
-2827
7574689
2841
499
1484
368
3253
-1806
7575714
2446
619
1427
462
2758
-2706
7576739
2694
522
1257
561
3944
-3737
7577764
2350
326
895
513
4532
-4484
7570560
1743
28
180
685
4097
-4562
7571585
739
-24
-237
534
3592
-3563
7572610
-71
18
-175
150
2372
-2729
7573635
25
33
-35
-75
1780
-2804
7574660
460
25
60
91
1820
-3139
7575685
610
-9
118
257
2020
-3393
7576710
528
-42
139
213
2156
-3423
7577735
392
-65
160
219
2288
-3354
7578760
409
-74
164
263
2469
-3394
7579785
391
-75
135
336
2502
-3582
7580810
187
-87
94
379
2478
-3600
7581835
-214
-127
-2
382
2420
-3459
7582860
-442
-135
-64
378
2316
-3305
7583885
-494
-117
-46
267
2420
-3197
7584910
-525
-104
-80
265
2409
-3072
7585935
-372
-83
-102
245
2403
-3040
7578752
-317
-55
-109
218
2463
-3129
7579777
-356
-46
-140
198
2511
-3178
7580802
-447
-59
-150
226
2565
-3218
7581827
-500
-48
-120
148
2188
-3091
7582852
-316
-43
-57
22
2141
-3037
7583877
-196
-49
-41
-12
2386
-3045
7584902
-221
-41
-29
2
2390
-3081
7585927
-213
-28
9
62
2308
-3105
7586952
-163
-34
57
149
2372
-3102
7587977
-143
-45
60
217
2477
-2976
7589002
-127
-43
30
186
2690
-2927
7590027
-202
-39
-18
120
2765
-2960
7591052
-332
-36
-63
99
2631
-3031
7592077
-278
-22
-70
96
2412
-3034
7593102
-17
-21
-54
155
2454
-2884
7594127
28
1
-24
136
2517
-2918
7586944
-56
19
-8
65
2662
-3022
7587969
-51
25
-21
43
2759
-2977
7588994
-11
26
-47
58
2791
-2974
7590019
-24
19
-113
102
2812
-2990
7591044
-127
18
-173
76
2741
-3041
7592069
-224
12
-188
101
2731
-3106
7593094
-244
-9
-192
85
2697
-2982
7594119
-258
-7
-190
47
2651
-2814
7595144
-247
24
-206
-1
2773
-2783
7596169
-212
49
-235
-49
2778
-2675
7597194
-243
84
-238
-66
2738
-2782
7598219
-213
95
-261
-30
2816
-2911
7599244
-219
89
-267
-33
2687
-2872
7600269
-289
88
-246
-107
2615
-2873
7601294
-302
91
-227
-121
2561
-2871
7602319
-235
85
-201
-117
2630
-2903
7595137
-199
75
-176
-64
2686
-2916
7596162
-207
59
-149
6
2742
-2935
7597187
-228
39
-127
31
2778
-2889
7598212
-202
19
-108
-42
2801
-2798
7599237
-149
8
-85
-137
2825
-2733
7600262
-116
15
-91
-202
2891
-2692
7601287
-126
27
-90
-183
2862
-2666
7602312
-117
34
-73
-146
2851
-2704
7603337
-77
29
-64
-68
2793
-2655
7604362
-42
38
-48
-81
2800
-2627
7605387
14
49
-51
-20
2798
-2589
7606412
38
66
-32
-5
2819
-2603
7607437
40
79
-16
-63
2794
-2690
7608462
67
81
-1
-115
2773
-2786
7609487
113
68
4
-113
2817
-2812
7610512
119
49
10
-107
2808
-2827
7603328
91
32
16
-85
2831
-2845
7604353
26
18
13
-51
2803
-2834
7605378
3
5
25
-83
2770
-2830
7606403
24
-7
33
-69
2803
-2788
7607428
39
-14
42
-89
2848
-2835
7608453
43
-20
37
-78
2926
-2813
7609478
11
-24
23
-4
2920
-2752
7610503
-23
-23
9
13
2872
-2700
7611528
-19
-11
-11
4
2873
-2698
7612553
-28
6
-22
-36
2924
-2737
7613578
-47
11
-40
-24
2931
-2779
7614603
-75
12
-54
-1
2915
-2782
7615628
-82
24
-62
-54
2785
-2655
7616653
2
36
-51
-46
2788
-2594
7617678
-21
45
-43
-119
2825
-2765
7618703
-48
43
-65
-132
2881
-2737
7611520
-32
53
-74
-110
2811
-2706
7612545
18
70
-71
-124
2885
-2697
7613570
37
79
-79
-118
2938
-2722
7614595
51
76
-90
-71
2896
-2764
7615620
37
60
-97
-63
2896
-2814
7616645
-28
38
-102
-129
2856
-2853
7617670
-105
23
-99
-161
2862
-2822
7618695
-167
17
-105
-146
2904
-2776
7619720
-237
19
-90
-176
2950
-2835
7620745
-320
14
-92
-184
2934
-2875
7621770
-289
-10
-97
-76
2889
-2854
7622795
-226
-58
-85
-44
2918
-2787
7623820
-380
-101
-75
-100
2960
-2675
7624845
-611
-122
-62
-136
2832
-2667
7625870
-614
-149
-32
-222
2737
-2734
7626895
-474
-174
-6
-263
2803
-2647
7619711
-328
-181
40
-245
2888
-2557
7620736
-222
-180
91
-78
2973
-2408
7621761
-304
-162
139
-49
3015
-2353
7622786
-474
-141
159
-122
2914
-2342
7623811
-634
-107
173
-187
3136
-2454
7624836
-855
-92
140
-147
3317
-2335
7625861
-850
-100
91
-30
3449
-2103
7626886
-760
-71
80
-111
3634
-2046
7627911
-929
-27
29
-277
3841
-1996
7628936
-1076
-24
-59
-310
3397
-1891
7629961
-910
-5
6
-374
2809
-1658
7630986
-602
101
120
-100
2635
-1401
7632011
-206
289
204
-11
3357
-1358
7633036
44
375
212
184
3745
-1909
7634061
303
341
100
247
4092
-2058
7635086
-242
401
-105
-113
4912
-1877
7627904
-906
402
-342
-106
4309
-1622
7628929
-1113
492
-428
-207
4218
-1385
7629954
-1152
590
-560
-66
3745
-1250
7630979
-1044
720
-639
116
3681
-1212
7632004
-1170
850
-603
63
3736
-1302
7633029
-1365
923
-476
-111
3425
-1334
7634054
-1251
933
-340
-122
2788
-1572
7635079
-698
874
-195
-144
2818
-1827
7636104
-411
813
-180
-58
3646
-1554
7637129
-536
786
-276
176
3946
-1345
7638154
-625
787
-364
41
4473
-1127
7639179
-1071
824
-404
93
4337
-1203
7640204
-1868
843
-453
-164
4633
-1300
7641229
-3230
960
-228
-481
3096
830
7642254
-4086
1178
90
1022
867
-701
7643279
-2047
1072
663
-467
2264
-651
7636097
-407
863
932
355
2042
-126
7637122
1027
749
1292
683
3387
-1436
7638147
1922
409
982
893
4830
-1487
7639172
2633
184
428
373
6097
-1198
7640197
2512
69
-51
-127
7272
-2060
7641222
896
-172
-664
-77
6459
-2724
7642247
-408
-522
-1168
80
6482
-1979
7643272
-1524
-815
-1605
91
5282
-1651
7644297
-1687
-927
-1859
47
4192
-880
7645322
-1131
-844
-1922
-135
2863
513
7646347
-365
-526
-1801
-434
4522
503
7647372
-496
-265
-1823
-530
6098
-156
7648397
-1278
-265
-2083
-695
5340
-144
7649422
-1406
-183
-2226
-955
3255
1670
7650447
-677
176
-2088
-664
2450
1195
7651472
210
518
-1698
-1216
2600
706
7644288
797
744
-1433
-1865
3492
-119
7645313
942
732
-1377
-2314
3148
-608
7646338
1190
607
-1330
-2548
3077
-454
7647363
1275
511
-1171
-2979
2877
-634
7648388
1511
482
-1046
-3479
2887
-727
7649413
1501
468
-1019
-3752
2867
-861
7650438
1237
344
-1032
-3972
2760
-1138
7651463
756
206
-1118
-4072
4173
-772
7652488
-625
127
-1338
-3910
3931
-978
7653513
-1518
69
-1453
-3846
2686
-1396
7654538
-1038
-130
-1505
-4070
2549
-846
7655563
-374
-323
-1409
-3878
1766
-600
7656588
269
-431
-1176
-3779
2126
-337
7657613
229
-462
-920
-3513
2325
-361
7658638
-107
-363
-656
-3205
2364
-260
7659663
-34
-195
-385
-2819
2118
-313
7652480
529
-58
-16
-2318
1805
-749
7653505
1012
-4
301
-1790
2562
-773
7654530
590
54
561
-1796
2889
-511
7655555
-178
161
760
-1703
2123
-477
7656580
246
288
885
-1531
1077
-1041
7657605
1794
234
1137
-1316
1098
-1247
7658630
2505
212
1586
-1348
2298
-882
7659655
1756
436
1879
-1433
2931
-1363
7660680
1230
543
1836
-1445
2619
-1960
7661705
1250
392
1834
-1411
2564
-1825
7662730
714
423
1917
-1334
3163
-1600
7663755
-411
670
1831
-1102
4220
-1383
7664780
-1278
762
1668
-1030
3912
-1207
7665805
-995
615
1643
-724
2660
-1194
7666830
-406
550
1902
-221
2678
-967
7667855
-518
677
1903
37
3887
-807
7660672
-606
632
1559
402
3887
-1596
7661697
268
344
1232
769
3435
-1390
7662722
1083
185
1168
925
3875
-851
7663747
579
302
856
585
4712
-1318
7664772
-384
257
311
505
4456
-1788
7665797
-635
-8
38
386
3781
-1937
7666822
-132
-269
-94
108
4113
-1504
7667847
-469
-354
-268
-260
4137
-1054
7668872
-850
-372
-381
-377
3663
-1592
7669897
-616
-386
-331
-532
3488
-2005
7670922
-580
-368
-109
-696
3735
-1591
7671947
-793
-336
-101
-424
3836
-1225
7672972
-608
-346
-229
-542
3652
-909
7673997
-355
-324
-114
-706
3374
-910
7675022
-407
-283
-50
-456
3676
-1262
7676047
-486
-369
-189
-443
4502
-1674
7668863
-543
-516
-443
-373
4599
-1048
7669888
-412
-507
-587
-372
3648
-613
7670913
49
-405
-608
-360
3489
-652
7671938
116
-339
-593
-273
3775
-897
7672963
-506
-388
-516
-459
4032
-1151
7673988
-1733
-566
-285
-587
4134
-1198
7675013
-2703
-815
-215
-563
3475
-1257
7676038
-2951
-1034
-148
-854
3503
-866
7677063
-3915
-1168
-40
-1392
4757
105
7678088
-6586
-1015
-152
-1526
4867
1015
7679113
-8472
-572
-405
-1725
2804
1566
7680138
-8095
-309
-508
-2352
2656
2400
7681163
-7665
-296
-584
-2722
3662
2873
7682188
-7845
-252
-675
-2798
2734
2881
7683213
-7050
-277
-589
-2750
1074
2818
7684238
-5163
-427
-463
-2725
869
2842
7677056
-3765
-724
-438
-2403
1916
3298
7678081
-3673
-786
-442
-1629
1406
3528
7679106
-3563
-756
-313
-1421
-379
2700
7680131
-2812
-850
-206
-973
-160
3001
7681156
-3096
-860
15
-532
147
4218
7682181
-3719
-670
208
-182
-1362
4611
7683206
-2767
-397
148
224
-1499
5042
7684231
-884
-171
83
491
-1636
4866
7685256
919
-22
41
648
-69
4775
7686281
354
-1
-219
-152
1908
4322
7687306
-1937
-24
-362
-651
-86
3406
7688331
-2384
-26
-429
-548
-1823
3768
7689356
-1431
-142
-466
-948
-1547
3420
7690381
-555
-535
-403
-1469
-629
3514
7691406
-313
-845
-244
-1639
-726
3943
7692431
-344
-828
-84
-1269
-432
4579
7685248
-788
-678
132
-969
-1391
4426
7686273
-194
-544
307
-882
-1832
4214
7687298
778
-501
377
-810
-714
4572
7688323
529
-329
506
-331
-585
5508
7689348
-157
-88
521
-333
-965
4517
7690373
243
-39
732
-467
-3022
3757
7691398
1174
198
627
275
519
5099
7692423
658
347
689
-581
-1581
4907
7693448
1507
515
795
-557
-1342
4823
7694473
1720
640
628
-565
1136
4991
7695498
779
851
311
-715
338
4939
7696523
1039
971
222
-700
-887
4282
7697548
1518
942
213
-886
-122
3995
7698573
1613
892
225
-1173
-278
3772
7699598
1753
762
229
-1051
191
3757
7700623
1369
669
216
-1006
427
3716
7693440
1067
657
227
-1015
132
3965
7694465
1131
654
226
-1003
250
4043
7695490
1296
616
233
-1298
604
3789
7696515
1125
542
238
-1374
805
3622
7697540
879
518
243
-1254
758
3803
7698565
868
519
247
-1150
644
4040
7699590
1201
540
276
-1348
696
4124
7700615
1432
533
290
-1404
1054
3822
7701640
1335
503
293
-1337
1181
3544
7702665
1176
421
250
-1294
1349
3672
7703690
1034
377
260
-1369
1197
3598
7704715
949
258
238
-1411
1402
3369
7705740
756
139
242
-1338
1334
3283
7706765
482
37
190
-1407
1974
3431
7707790
65
16
143
-1402
1780
3381
7708815
-79
-12
136
-1528
1769
3261
7701632
-189
-75
75
-1395
1772
3229
7702657
-236
-94
77
-1322
1342
3317
7703682
-186
-108
75
-1303
1431
3329
7704707
-151
-136
51
-1265
1473
3303
7705732
-153
-183
10
-1289
1565
3275
7706757
-239
-247
-55
-1280
1543
3298
7707782
-388
-296
-96
-1285
1512
3344
7708807
-592
-328
-120
-1193
1477
3331
7709832
-783
-348
-147
-1061
1491
3305
7710857
-786
-375
-178
-1113
1413
3225
7711882
-714
-465
-252
-1035
1217
3351
7712907
-1007
-547
-275
-1163
1222
3574
7713932
-1561
-588
-302
-1046
1022
3407
7714957
-1738
-637
-312
-909
625
3220
7715982
-1583
-728
-337
-1107
636
3670
7717007
-1799
-732
-307
-1144
407
4094
7709824
-1973
-691
-235
-1078
82
3748
7710849
-1639
-733
-210
-896
-64
3616
7711874
-1178
-752
-157
-815
-349
3985
7712899
-786
-707
-41
-1023
-398
4397
7713924
-441
-658
21
-1235
138
4663
7714949
-143
-538
57
-982
252
5059
7715974
147
-382
44
-800
258
5231
7716999
503
-232
-125
-610
468
5365
7718024
691
42
-307
-318
1053
5493
7719049
572
425
-481
53
1314
5573
7720074
878
640
-612
-107
1062
4957
7721099
1046
765
-590
-418
512
3994
7722124
1091
806
-609
-310
349
3256
7723149
1683
724
-603
-284
164
2917
7724174
2428
521
-608
-603
667
2786
7725199
2696
168
-740
-1322
1210
2647
7718017
2559
-281
-824
-1468
1441
2591
7719042
2148
-523
-844
-1363
1866
3508
7720067
1544
-579
-765
-1444
1562
3717
7721092
1337
-581
-608
-1905
1556
3773
7722117
1256
-629
-530
-2054
1505
4027
7723142
1200
-599
-501
-1983
1015
4763
7724167
1036
-477
-393
-1853
678
5197
7725192
635
-281
-237
-1993
921
5145
7726217
153
-122
-162
-1929
1042
4849
7727242
-85
-175
-85
-1664
1105
4269
7728267
-98
-248
-40
-1249
1362
4360
7729292
-49
-198
-20
-892
1316
4536
7730317
139
-126
49
-795
1460
4287
7731342
117
-65
74
-742
2046
4116
7732367
-272
-62
77
-770
2039
3761
7733392
-563
-59
30
-641
1926
3676
7726208
-733
-23
9
-580
1625
3642
7727233
-587
-12
55
-688
1173
3574
7728258
-26
-80
44
-802
1476
3652
7729283
362
-139
-4
-688
1620
3624
7730308
414
-103
-16
-661
1736
3876
7731333
125
-44
-33
-708
1930
3966
7732358
-130
-74
-57
-901
1860
3506
7733383
30
-144
-104
-813
1617
3375
7734408
93
-85
-197
-736
1863
3887
7735433
-93
-21
-222
-762
1684
3970
7736458
132
7
-224
-861
1551
3681
7737483
540
10
-286
-817
1877
3772
7738508
734
-57
-386
-743
2002
3416
7739533
951
-125
-478
-715
2014
3202
7740558
816
-111
-591
-657
2457
3640
7741583
500
-77
-759
-715
2912
3880
7734400
77
-29
-914
-943
2678
3701
7735425
-61
3
-1058
-1039
2475
3536
7736450
-8
-15
-1143
-1161
2008
3215
7737475
269
-87
-1229
-1052
1920
3226
7738500
402
-136
-1177
-1122
1258
3376
7739525
433
-191
-1048
-1230
1217
3237
7740550
304
-252
-940
-1263
1477
3223
7741575
77
-315
-841
-1305
1414
3183
7742600
125
-419
-783
-1329
1386
3190
7743625
374
-567
-720
-1320
1264
3199
7744650
617
-697
-612
-1283
1125
3184
7745675
724
-788
-465
-1256
1313
3281
7746700
572
-810
-319
-1158
1586
3501
7747725
303
-790
-187
-1051
1699
3632
7748750
222
-757
-116
-892
1887
3761
7749775
297
-707
-103
-774
2001
3846
7742592
338
-638
-76
-832
1978
3924
7743617
262
-552
-31
-821
1916
4011
7744642
105
-462
5
-766
2017
4080
7745667
-115
-370
20
-710
1999
4063
7746692
-245
-298
37
-733
1771
3970
7747717
-206
-260
61
-756
1655
3928
7748742
-39
-245
86
-739
1664
3931
7749767
110
-228
107
-706
1808
3957
7750792
122
-209
142
-661
1811
3829
7751817
65
-163
166
-711
1960
3933
7752842
-182
-43
127
-697
2404
4318
7753867
-369
28
100
-674
1859
4031
7754892
-67
-30
117
-830
1752
3782
7755917
-84
-104
154
-562
1820
3616
7756942
-158
40
187
-450
1504
3934
7757967
291
153
108
-566
1950
3992
7750784
895
142
6
-862
2266
3638
7751809
1282
163
9
-933
2083
3706
7752834
1801
230
-67
-1003
2480
3785
7753859
1811
299
-94
-1266
2657
3619
7754884
1477
393
-105
-1506
2716
3580
7755909
1220
475
-226
-1482
2881
3726
7756934
1028
505
-392
-1550
3045
3723
7757959
668
562
-486
-1727
3075
3581
7758984
274
675
-550
-1781
2943
3576
7760009
-109
790
-627
-1723
2756
3622
7761034
-408
921
-730
-1760
2538
3563
7762059
-472
931
-846
-1801
2743
3104
7763084
-786
881
-957
-1817
3381
2839
7764109
-1531
783
-976
-1791
3298
2818
7765134
-2124
696
-978
-1769
2472
2656
7766159
-2125
615
-971
-1689
1744
2547
7758975
-1719
549
-899
-1670
1363
2538
7760000
-1029
458
-718
-1803
1002
2223
7761025
-449
284
-557
-1593
1456
2234
7762050
-728
200
-592
-1243
2397
2884
7763075
-1518
123
-530
-1285
1868
3095
7764100
-1666
60
-479
-1291
1304
3056
7765125
-1338
-11
-341
-1258
922
2985
7766150
-1142
-118
-216
-1048
538
2904
7767175
-786
-200
-140
-853
594
3109
7768200
-348
-198
-92
-839
1167
3679
7769225
-353
-165
-60
-951
1200
3970
7770250
-249
-98
84
-1165
728
4094
7771275
200
15
170
-1808
760
4298
7772300
382
116
135
-1914
964
4032
7773325
375
186
204
-1967
977
3755
7774350
364
171
211
-2001
1098
3592
7767168
427
95
160
-2142
1467
3642
7768193
273
8
52
-2147
1827
3754
7769218
-150
38
-38
-2016
1620
3860
7770243
-507
93
-118
-2125
1040
3765
7771268
-427
61
-62
-2154
621
3524
7772293
-141
43
-75
-1954
835
3516
7773318
-2
32
-83
-1849
1215
3756
7774343
-129
45
-85
-1776
1247
3915
7775368
-72
133
-73
-1725
1172
3974
7776393
171
216
-82
-1982
1178
3553
7777418
243
210
-69
-2239
1090
3379
7778443
126
116
-84
-2236
905
3236
7779468
272
34
-94
-2300
908
3254
7780493
323
-72
-59
-2116
835
3225
7781518
315
-109
36
-1974
680
3413
7782543
583
-143
92
-1854
915
3629
7775587
1008
-126
137
-1799
1547
3859
7776612
827
-61
-59
-1951
2311
3728
7777637
207
-40
-30
-1996
1531
3312
7778662
97
64
-73
-2211
1628
3307
7779687
-323
96
-211
-2272
1878
3335
7780712
-791
51
-206
-2181
1391
3278
7781737
-698
-5
-254
-2154
1553
3418
7782762
-707
-45
-305
-2214
1246
3541
7783787
-624
-23
-310
-1998
499
3488
7784812
-297
-13
-178
-2062
247
3548
7785837
53
3
-12
-2085
414
3523
7786862
323
2
21
-2027
1170
3679
7787887
119
-53
-43
-1905
1451
3677
7788912
-81
-79
-58
-1648
1495
3509
7789937
-371
-13
-85
-1862
1103
3371
7790962
-395
-21
-115
-2031
952
3489
7783552
-513
-31
-178
-1996
1554
3684
7784577
-918
-27
-177
-2037
1040
3553
7785602
-548
-19
-141
-2096
528
3562
7786627
-135
-30
-127
-2075
618
3580
7787652
42
-53
-82
-1983
714
3758
7788677
189
-24
-108
-1864
1155
3692
7789702
3
-5
-77
-2001
715
3395
7790727
-30
-17
-37
-2030
398
3404
7791752
82
-40
58
-2015
558
3515
7792777
53
-52
133
-1821
918
3590
7793802
-142
-43
149
-1836
1073
3560
7794827
-313
-61
190
-1973
749
3652
7795852
-195
-21
312
-2061
229
4025
7796877
246
85
350
-2252
506
3852
7797902
721
123
383
-2073
888
3759
7798927
841
136
251
-1887
1507
3766
7791744
293
101
213
-1831
1180
3265
7792769
-2
-7
303
-1778
698
3043
7793794
508
41
400
-1921
693
3607
7794819
735
33
355
-1724
1343
3408
7795844
662
30
686
-1799
350
3035
7796869
1428
10
876
-1880
668
2944
7797894
2255
61
939
-1946
1480
3389
7798919
2459
96
842
-1942
2219
3424
7799944
2172
120
722
-1933
2457
3183
7800969
2071
125
653
-2044
2380
3026
7801994
2131
116
530
-2084
2617
3010
7803019
1980
113
468
-2129
2799
2978
7804044
1724
112
416
-2124
2641
2822
7805069
1460
81
319
-1979
2684
2441
7806094
1387
34
250
-1880
2835
2222
7807119
1415
-42
206
-1839
3082
2436
7799936
1085
-46
216
-1803
3015
2481
7800961
802
-10
266
-1814
2754
2293
7801986
773
-10
267
-1743
2801
2118
7803011
1073
-22
239
-1815
3198
2031
7804036
1086
-94
141
-1732
3893
2718
7805061
-3
39
134
-1553
3523
2864
7806086
-563
289
166
-1840
2566
2412
7807111
45
260
129
-1891
2481
2233
7808136
607
161
138
-1782
2689
2250
7809161
832
145
194
-1898
2737
2159
7810186
1037
125
211
-1988
2830
1963
7811211
1125
44
230
-1974
3157
1799
7812236
781
-44
197
-1860
3586
1651
7813261
210
-67
126
-1728
3652
1597
7814286
-47
-68
108
-1666
3343
1700
7815311
121
-64
108
-1690
3105
1825
7808129
426
-75
92
-1695
3207
1882
7809154
499
-67
86
-1699
3378
1914
7810179
301
-47
81
-1688
3529
1940
7811204
-24
-5
65
-1697
3503
1898
7812229
-127
21
40
-1701
3265
1834
7813254
2
-11
23
-1659
3220
1920
7814279
28
-24
30
-1637
3263
1930
7815304
69
-5
37
-1648
3221
1790
7816329
352
-18
41
-1670
3066
1778
7817354
459
-51
63
-1590
3382
1852
7818379
440
-4
61
-1555
3270
1781
7819404
596
30
80
-1611
3136
1703
7820429
788
27
92
-1568
3358
1746
7821454
769
54
106
-1579
3425
1627
7822479
797
66
92
-1589
3420
1450
7823504
1053
62
79
-1590
3426
1369
7816321
1228
44
100
-1604
3556
1323
7817346
1149
49
58
-1544
3808
1342
7818371
933
116
12
-1531
3793
1297
7819396
813
163
-15
-1600
3713
1126
7820421
828
132
-62
-1595
3629
930
7821446
880
94
-72
-1618
3511
818
7822471
958
48
-63
-1675
3564
750
7823496
897
6
-51
-1708
3632
624
7824521
748
-37
-47
-1737
3551
513
7825546
576
-115
-54
-1741
3731
374
7826571
349
-205
-73
-1739
3894
98
7827596
93
-260
-95
-1746
3874
452
7828621
-489
-220
-110
-1658
3564
876
7829646
-641
-170
-102
-1768
3411
982
7830671
-747
-183
-137
-1726
3880
1054
7831696
-1207
-119
-188
-1601
3708
1050
7824512
-1289
-73
-151
-1697
3422
1172
7825537
-1185
-110
-145
-1726
3859
1409
7826562
-1406
-28
-165
-1562
3590
1619
7827587
-666
84
-39
-1529
2579
1289
7828612
497
-56
-15
-1699
3049
920
7829637
519
-47
12
-1739
3368
1137
7830662
96
-32
89
-1780
3950
979
7831687
57
-17
109
-1756
3593
996
7832712
118
-28
196
-1572
2863
1259
7833737
556
71
212
-1533
2823
1274
7834762
1240
5
236
-1631
3787
1178
7835787
1326
45
188
-1594
3919
1079
7836812
1195
52
127
-1621
3835
951
7837837
881
70
75
-1653
3800
878
7838862
651
77
11
-1720
3843
784
7839887
480
63
-52
-1698
3814
694
7832704
425
51
-68
-1756
3606
536
7833729
588
-30
-53
-1750
3639
360
7834754
699
-59
-18
-1679
3618
374
7835779
717
-57
7
-1614
3671
484
7836804
654
-20
-27
-1537
3744
534
7837829
602
16
-30
-1601
3631
455
7838854
607
14
-21
-1669
3639
289
7839879
616
-21
-29
-1684
3710
237
7840904
505
-51
-10
-1672
3725
144
7841929
405
-86
-6
-1673
3586
89
7842954
365
-110
16
-1669
3599
39
7843979
370
-110
48
-1720
3593
35
7845004
490
-129
73
-1699
3530
51
7846029
662
-137
107
-1669
3532
112
7847054
710
-138
125
-1619
3693
138
7848079
588
-111
129
-1595
3724
59
7840950
446
-95
134
-1616
3672
-43
7841975
279
-103
139
-1567
3712
-40
7843000
77
-107
132
-1510
3799
11
7844025
-119
-79
104
-1518
3813
93
7845050
-219
-30
76
-1586
3784
88
7846075
-86
-1
74
-1646
3606
-36
7847100
167
-39
100
-1681
3706
-80
7848125
188
-79
100
-1632
3886
-39
7849150
29
-86
92
-1620
4000
55
7850175
-138
-58
69
-1583
3906
132
7851200
-184
-20
57
-1594
3860
154
7852225
-190
8
41
-1542
3824
145
7853250
-173
32
46
-1498
3511
68
7854275
-83
31
85
-1538
3518
-5
7855300
-58
29
82
-1554
3636
-95
7856325
-72
21
72
-1521
3703
-137
7849087
6
11
61
-1518
3661
-128
7850112
46
-1
57
-1524
3799
-85
7851137
-43
5
44
-1532
3754
-98
7852162
-47
-16
40
-1568
3856
-95
7853187
-8
-26
11
-1471
3858
29
7854212
45
-18
19
-1485
3779
54
7855237
101
-12
23
-1550
3774
45
7856262
135
-4
9
-1492
3647
41
7857287
153
-16
10
-1423
3570
8
7858312
56
-25
11
-1473
3760
-60
7859337
-38
-1
-19
-1542
3846
-94
7860362
-43
23
-47
-1510
3843
-77
7861387
-65
41
-70
-1504
3807
-9
7862412
-61
45
-91
-1504
3805
26
7863437
-53
36
-76
-1514
3842
4
7864462
-77
12
-44
-1561
3825
-73
7857281
-80
-34
-42
-1568
3702
-84
7858306
-102
-69
-30
-1592
3714
-29
7859331
-173
-82
-43
-1546
3823
55
7860356
-277
-85
-55
-1521
3850
108
7861381
-401
-101
-82
-1530
3802
137
7862406
-553
-108
-110
-1518
3602
158
7863431
-585
-103
-95
-1557
3546
159
7864456
-470
-78
-92
-1592
3685
240
7865481
-438
-70
-101
-1559
3744
217
7866506
-475
-95
-99
-1642
3804
211
7867531
-558
-114
-106
-1759
3710
244
7868556
-540
-133
-109
-1773
3582
290
7869581
-371
-170
-110
-1658
3626
462
7870606
-386
-179
-112
-1584
3927
607
7871631
-665
-166
-114
-1693
3857
364
7872656
-655
-186
-150
-1701
3359
355
7865472
-380
-238
-144
-1589
3392
607
7866497
-333
-280
-96
-1623
3604
458
7867522
-520
-283
-75
-1660
3554
644
7868547
-825
-236
-67
-1550
3485
952
7869572
-849
-158
-65
-1645
3456
900
7870597
-558
-136
-64
-1669
3592
1028
7871622
-535
-121
-26
-1683
3607
966
7872647
-595
-130
-24
-1683
3658
1058
7873672
-757
-116
-68
-1541
3583
1257
7874697
-811
-71
-68
-1504
3517
1347
7875722
-742
-46
-43
-1534
3744
1418
7876747
-817
-33
-16
-1561
3464
1244
7877772
-584
-64
-43
-1653
3518
1181
7878797
-378
-87
-91
-1554
3679
1414
7879822
-582
-49
-62
-1713
3673
1332
7880847
-918
-60
-28
-1670
3479
1281
7873663
-1065
-40
5
-1565
3001
1502
7874688
-794
-34
26
-1634
3008
1701
7875713
-657
-9
33
-1728
3573
1890
7876738
-841
47
26
-1707
3565
1780
7877763
-621
69
48
-1685
2932
1728
7878788
-273
70
135
-1733
2633
1666
7879813
18
56
232
-1574
2503
1665
7880838
575
76
288
-1547
3291
1940
7881863
1081
189
253
-1330
3192
1929
7882888
1913
252
266
-1483
3385
1640
7883913
2564
242
180
-1549
3755
1344
7884938
2461
235
132
-1599
3720
1022
7885963
2135
197
34
-1747
4011
846
7886988
1803
200
-79
-1783
3916
760
7888013
1703
201
-103
-1805
3655
520
7889038
1712
140
-63
-1788
3721
262
7881856
1491
94
-48
-1714
3881
140
7882881
1183
83
-90
-1642
3861
74
7883906
1008
78
-118
-1608
3676
5
7884931
1042
62
-112
-1602
3553
-82
7885956
1124
29
-71
-1650
3603
-157
7886981
1080
2
-23
-1687
3618
-231
7888006
1036
-22
0
-1664
3593
-299
7889031
1086
-49
21
-1663
3531
-370
7890056
1207
-65
60
-1621
3473
-366
7891081
1257
-69
110
-1592
3642
-391
7892106
997
-54
132
-1556
3815
-476
7893131
545
-24
126
-1575
3756
-516
7894156
184
-3
110
-1621
3671
-509
7895181
39
16
87
-1675
3620
-524
7896206
73
33
81
-1718
3618
-571
7897231
190
47
64
-1760
3668
-630
7890048
267
53
35
-1722
3715
-569
7891073
236
66
13
-1666
3753
-567
7892098
163
85
-12
-1683
3782
-670
7893123
159
69
-44
-1680
3804
-737
7894148
130
34
-60
-1677
3757
-809
7895173
72
7
-78
-1708
3685
-794
7896198
-42
-6
-108
-1700
3716
-739
7897223
-127
-3
-136
-1744
3640
-793
7898248
-72
-38
-150
-1792
3571
-851
7899273
-4
-88
-139
-1853
3479
-872
7900298
9
-134
-123
-1887
3515
-842
7901323
-84
-152
-119
-1875
3498
-873
7902348
-106
-181
-122
-1852
3474
-941
7903373
-113
-238
-111
-1791
3538
-930
7904398
-277
-286
-103
-1712
3562
-843
7905423
-568
-305
-94
-1634
3526
-702
7898240
-872
-295
-85
-1560
3581
-602
7899265
-1176
-283
-79
-1514
3632
-482
7900290
-1462
-271
-64
-1486
3682
-216
7901315
-1766
-234
-46
-1544
3688
-12
7902340
-2051
-201
-10
-1694
3584
41
7903365
-2290
-196
9
-1761
3512
206
7904390
-2450
-186
36
-1795
3500
433
7905415
-2409
-172
49
-1804
3488
734
7906440
-2107
-125
49
-1776
3274
853
7907465
-1566
-132
89
-1881
3493
832
7908490
-1279
-166
120
-1810
3618
1035
7909515
-1137
-80
87
-1706
3436
1485
7910540
-1050
-24
120
-1611
3349
1297
7911565
-826
-9
80
-1827
3432
1156
7912590
-787
-71
44
-1710
3752
1470
7913615
-1167
4
81
-1647
3194
1650
7906433
-960
29
125
-1744
3010
1280
7907458
-174
-65
114
-1757
3110
1297
7908483
253
-91
137
-1621
3125
1496
7909508
374
-65
184
-1626
3371
1507
7910533
506
-48
135
-1646
3595
1448
7911558
507
28
81
-1737
3550
1536
7912583
472
107
60
-1633
3680
1893
7913608
618
200
32
-1557
3764
1595
7914633
1388
210
-4
-1722
3514
1281
7915658
2390
179
-13
-1613
3150
1010
7916683
3214
95
32
-1605
3387
622
7917708
3032
-8
134
-1663
3830
410
7918733
2216
40
114
-1530
3557
328
7919758
1729
130
96
-1560
4008
417
7920783
1394
301
18
-1539
3730
539
7921808
1533
421
41
-1568
3538
229
7914739
2099
422
40
-1666
3577
-299
7915764
2089
307
50
-1539
3846
-604
7916789
1232
266
70
-1485
3790
-613
7917814
537
301
-53
-1504
3921
-562
7918839
373
382
-172
-1704
3800
-716
7919864
538
388
-200
-1816
3784
-860
7920889
575
338
-200
-1798
3666
-1022
7921914
410
237
-204
-1765
3721
-1054
7922939
-32
167
-209
-1671
3573
-1090
7923964
-251
108
-190
-1649
3419
-1099
7924989
-163
43
-151
-1613
3510
-1047
7926014
-70
-18
-106
-1588
3505
-1043
7927039
-46
-62
-66
-1619
3403
-988
7928064
-26
-101
-47
-1621
3448
-900
7929089
-70
-107
-48
-1607
3406
-802
7930114
-169
-99
-18
-1629
3473
-736
7922819
-264
-88
-2
-1675
3500
-724
7923844
-308
-83
2
-1744
3456
-742
7924869
-252
-100
24
-1861
3515
-764
7925894
-238
-143
57
-1843
3609
-746
7926919
-377
-168
79
-1772
3632
-527
7927944
-686
-166
106
-1757
3554
-447
7928969
-924
-143
113
-1783
3465
-374
7929994
-1015
-148
151
-1841
3493
-353
7931019
-1026
-188
191
-1922
3556
-297
7932044
-1148
-237
216
-1887
3698
-154
7933069
-1494
-244
236
-1872
3780
-41
7934094
-1876
-230
226
-1914
3924
120
7935119
-2159
-203
185
-1883
3919
348
7936144
-2235
-151
157
-1811
3712
596
7937169
-2080
-96
127
-1837
3524
755
7938194
-1635
-29
84
-1816
3309
558
7931008
-1192
-127
74
-1848
3927
499
7932033
-1273
-207
64
-1808
4312
808
7933058
-1735
-119
21
-1773
3919
996
7934083
-1868
-62
-66
-1767
3584
864
7935108
-1457
-100
-182
-1747
3543
1067
7936133
-1106
-152
-197
-1514
3312
1467
7937158
-1092
-115
-115
-1462
3093
1202
7938183
-781
-156
-39
-1547
2835
1118
7939208
-528
-240
54
-1364
2746
1258
7940233
-758
-272
92
-1014
3149
1356
7941258
-1049
-267
166
-998
3203
1682
7942283
-1160
-221
211
-1196
3143
2000
7943308
-926
-171
236
-1358
3623
2581
7944333
-1057
-80
17
-1361
4800
3009
7945358
-2045
116
-85
-1059
3386
2498
7946383
-1915
163
37
-1448
2027
2307
7939201
-926
41
-88
-1437
2663
2636
7940226
-415
53
-146
-1175
2899
2570
7941251
-61
76
-162
-1148
3054
2511
7942276
58
30
-251
-1122
3301
2551
7943301
-93
35
-304
-1270
3396
2656
7944326
-241
85
-408
-1116
3210
2517
7945351
-77
167
-420
-1371
2989
2331
7946376
317
127
-467
-1392
3232
2582
7947401
587
163
-424
-1231
2751
2691
7948426
944
249
-372
-1375
2335
2558
7949451
1612
336
-373
-1535
2388
2444
7950476
2586
357
-406
-1625
2715
2334
7951501
3387
377
-446
-1608
2988
1959
7952526
4046
452
-374
-1802
3163
1614
7953551
4546
527
-280
-2025
3096
1057
7954576
4733
344
-215
-2135
3523
-311
7947392
4317
-73
-344
-1996
4490
-1011
7948417
3282
-357
-446
-2052
4441
-873
7949442
2035
-414
-491
-2374
4060
-698
7950467
1146
-499
-568
-2386
3592
-495
7951492
484
-597
-578
-2328
3488
-197
7952517
-152
-574
-602
-2362
3310
-102
7953542
-530
-512
-597
-2744
3271
20
7954567
-716
-475
-540
-2818
3148
295
7955592
-918
-418
-479
-2690
2787
270
7956617
-1089
-374
-452
-2658
2978
442
7957642
-1404
-333
-452
-2647
3373
620
7958667
-1867
-258
-442
-2621
3333
685
7959692
-2109
-172
-427
-2605
2984
653
7960717
-2050
-90
-415
-2590
2929
807
7961742
-1703
-29
-413
-2560
2777
990
7962767
-1177
-11
-364
-2603
2704
969
7955585
-659
-57
-335
-2562
2937
1208
7956610
-432
-14
-317
-2476
3031
1404
7957635
-405
74
-289
-2515
2858
1374
7958660
-349
127
-255
-2659
2694
1204
7959685
-36
104
-239
-2744
2764
1153
7960710
267
84
-213
-2726
2962
1154
7961735
410
93
-151
-2721
2859
1085
7962760
574
109
-129
-2673
2690
1035
7963785
755
120
-108
-2769
2580
747
7964810
1003
80
-84
-2839
2931
780
7965835
1002
51
-94
-2758
3207
934
7966860
738
97
-90
-2721
2974
902
7967885
812
155
-103
-2795
2702
754
7968910
991
147
-81
-2825
2955
604
7969935
840
105
-52
-2768
3172
483
7970960
531
73
-60
-2745
2995
321
7963775
464
14
-72
-2680
2831
372
7964800
648
9
-79
-2651
2949
402
7965825
777
19
-63
-2712
3148
366
7966850
597
24
-63
-2779
3179
349
7967875
29
22
-35
-2721
3129
342
7968900
-396
18
-40
-2781
2879
310
7969925
-308
-3
-44
-2709
2755
504
7970950
-46
7
1
-2608
2813
591
7971975
71
34
32
-2674
2970
447
7973000
-13
-2
40
-2729
2898
391
7974025
-160
-14
66
-2707
2912
409
7975050
-418
28
119
-2726
3110
445
7976075
-666
71
125
-2800
3141
403
7977100
-760
75
107
-2810
3056
278
7978125
-599
42
95
-2782
2791
371
7979150
-93
3
116
-2758
2681
629
7971969
562
-10
133
-2730
2933
558
7972994
751
-24
142
-2833
3296
365
7974019
345
-47
116
-2860
3291
406
7975044
11
-73
59
-2780
2977
661
7976069
0
-35
34
-2697
2836
539
7977094
282
-7
41
-2756
2948
370
7978119
564
-12
13
-2818
3127
273
7979144
642
-33
31
-2865
3027
163
7980169
684
-56
64
-2797
2915
179
7981194
680
-7
76
-2565
2971
416
7982219
833
94
57
-2620
2889
344
7983244
1089
88
70
-2668
3023
135
7984269
1025
59
90
-2707
3313
-56
7985294
696
25
73
-2790
3403
-74
7986319
228
4
38
-2762
3285
-78
7987344
-93
-33
28
-2755
3142
-97
7980160
-185
-77
27
-2757
3104
-29
7981185
-228
-98
33
-2696
3097
-35
7982210
-294
-83
49
-2694
3011
-2
7983235
-245
-83
45
-2681
3024
65
7984260
-153
-74
63
-2652
3001
171
7985285
-43
-42
75
-2627
2978
229
7986310
63
-11
84
-2648
3085
202
7987335
87
2
76
-2642
3166
90
7988360
54
2
64
-2658
3152
0
7989385
59
-7
45
-2634
3202
37
7990410
29
-11
34
-2639
3207
75
7991435
-28
-4
22
-2652
3174
72
7992460
-52
-1
17
-2636
3148
93
7993485
-95
0
25
-2624
3113
105
7994510
-133
5
28
-2625
3093
121
7995535
-153
16
44
-2612
3074
144
7988351
-175
26
79
-2594
3018
162
7989376
-219
11
112
-2575
3127
208
7990401
-322
9
143
-2514
3045
115
7991426
-207
-12
194
-2485
2832
39
7992451
6
-56
205
-2428
3053
141
7993476
-31
-8
254
-2363
3035
249
7994501
-15
59
327
-2378
3113
286
7995526
21
122
349
-2298
3250
289
7996551
-29
185
384
-2323
3174
264
7997576
-47
209
425
-2309
3190
265
7998601
-28
216
452
-2299
3285
188
7999626
-1
204
472
-2304
3376
91
8000651
-40
194
482
-2217
3427
76
8001676
-193
187
491
-2189
3403
79
8002701
-480
168
511
-2254
3534
103
8003726
-963
164
507
-2268
3648
124
7996545
-1465
164
463
-2239
3576
217
7997570
-1799
153
443
-2230
3436
345
7998595
-2002
115
439
-2194
3465
510
7999620
-2279
91
420
-2147
3547
660
8000645
-2461
95
401
-2189
3429
758
8001670
-2291
88
387
-2207
3189
978
8002695
-1959
66
412
-2130
3083
1234
8003720
-1634
29
440
-2118
3148
1334
8004745
-1307
-24
433
-2080
3245
1352
8005770
-1034
-48
421
-2016
3264
1505
8006795
-847
-15
419
-1965
3094
1634
8007820
-336
4
422
-1944
2919
1646
8008845
441
-11
416
-1841
3051
1671
8009870
1138
2
422
-1837
3123
1462
8010895
1644
-31
412
-1921
3437
1202
8011920
1553
-86
358
-1879
3889
1161
8004736
729
-72
307
-1883
4160
1307
8005761
-144
21
229
-1890
3766
1370
8006786
-312
68
180
-1893
3304
1355
8007811
-27
37
161
-1807
3350
1392
8008836
122
34
148
-1711
3529
1449
8009861
60
71
154
-1641
3426
1355
8010886
45
80
176
-1640
3323
1184
8011911
65
41
174
-1598
3418
1188
8012936
47
42
182
-1558
3249
1264
8013961
104
77
227
-1590
3187
1270
8014986
179
110
265
-1567
3238
1200
8016011
147
162
303
-1480
3429
1453
8017036
-103
254
372
-1476
3521
1714
8018061
-582
376
501
-1494
3111
1583
8019086
-987
522
707
-1583
2629
1693
8020111
-1536
601
909
-1495
3425
2171
8012927
-3031
649
1004
-1162
4203
2499
8013952
-4927
832
1259
-1169
3151
2138
8014977
-5435
834
1452
-1239
2602
2054
8016002
-5171
594
1415
-907
3847
3161
8017027
-6044
463
1332
-689
4846
3379
8018052
-6439
438
1306
-1167
2655
2578
8019077
-4608
248
1202
-1233
862
2627
8020102
-2278
3
1012
-978
1337
3079
8021127
-881
-188
925
-991
1993
3457
8022152
599
-83
551
-965
3981
4319
8023177
416
35
-17
-1057
4684
4288
8024202
-386
-149
-114
-1116
2163
3158
8025227
199
-207
-168
-1063
1505
2891
8026252
261
-316
-177
-1013
1302
2880
8027277
215
-418
-94
-816
1212
3154
8028302
206
-453
23
-671
1547
3618
8021120
245
-425
66
-640
2019
4080
8022145
122
-350
25
-542
2317
4241
8023170
-60
-234
-13
-485
2110
4315
8024195
-128
-133
-16
-641
1849
4062
8025220
-93
-87
0
-728
1667
3632
8026245
-10
-82
10
-692
1741
3528
8027270
0
-97
16
-666
1956
3653
8028295
-77
-99
8
-710
2112
3835
8029320
-173
-76
-3
-782
2033
3849
8030345
-126
-69
15
-867
1745
3599
8031370
15
-64
19
-802
1802
3537
8032395
53
-72
32
-722
1893
3597
8033420
22
-72
39
-641
1952
3686
8034445
-34
-47
32
-610
1978
3810
8035470
-73
-30
32
-628
1832
3717
8036495
-23
-16
36
-652
1740
3647
8029312
16
-10
34
-683
1846
3676
8030337
-8
-12
32
-674
1905
3702
8031362
-51
-4
19
-638
1921
3779
8032387
-81
3
9
-681
1844
3744
8033412
-77
2
-1
-699
1783
3644
8034437
-98
-5
-7
-655
1802
3665
8035462
-133
-15
-3
-652
1809
3715
8036487
-108
-18
-9
-667
1892
3872
8037512
-130
-20
-34
-679
1926
3946
8038537
-109
-59
-41
-655
1597
3728
8039562
29
-46
-26
-588
1594
3791
8040587
116
-3
-25
-523
1630
3921
8041612
303
-12
-18
-580
1589
3678
8042637
793
-15
3
-677
1517
3548
8043662
901
81
50
-693
1942
3935
8044687
247
233
166
-746
1869
3963
8037504
-171
279
314
-899
1797
3638
8038529
-569
275
515
-925
1659
3778
8039554
-1213
314
634
-957
1496
3771
8040579
-1128
311
620
-721
1728
4041
8041604
-977
309
631
-701
1703
3878
8042629
-831
320
612
-695
2039
3991
8043654
-679
347
544
-648
1543
4126
8044679
-201
350
443
-816
1723
3798
8045704
93
315
230
-905
2330
3793
8046729
348
285
89
-808
1994
3782
8047754
566
233
13
-753
2016
3599
8048779
-135
178
26
-575
1992
3478
8049804
-905
128
34
-189
1454
3283
8050829
-353
-3
-18
-23
1950
3663
8051854
-371
-76
-112
-184
1857
3993
8052879
-558
55
-113
-350
1084
3986
8045696
-319
110
-194
-1004
1608
3526
8046721
-276
31
-105
-1212
1725
3687
8047746
-437
28
39
-1250
1657
3816
8048771
-570
83
1
-994
1900
3947
8049796
-802
119
55
-830
1018
3569
8050821
-268
8
143
-960
1063
3618
8051846
-123
-1
-31
-599
1848
4227
8052871
-375
6
-71
-665
1332
4044
8053896
-190
54
-118
-219
510
3849
8054921
804
32
-157
-97
1050
3607
8055946
1254
13
-312
-3
2520
4008
8056971
556
128
-555
-23
2788
4543
8057996
93
266
-743
-410
1838
4391
8059021
555
279
-913
-1253
1671
4163
8060046
1221
190
-1050
-1942
1899
4015
8061071
1461
84
-1194
-2203
1943
3650
8053891
1188
-39
-1280
-2435
1518
3482
8054916
816
-177
-1317
-2508
957
3455
8055941
400
-241
-1323
-2462
1277
3611
8056966
-167
-247
-1338
-2620
1520
3665
8057991
-479
-305
-1309
-2688
981
3308
8059016
-347
-399
-1256
-2357
791
3123
8060041
-154
-464
-1188
-1949
1140
3305
8061066
-245
-479
-1058
-1676
1255
3440
8062091
-518
-439
-856
-1518
806
3433
8063116
-474
-432
-610
-1324
328
3203
8064141
21
-531
-431
-1142
699
3088
8065166
349
-661
-298
-817
1239
3341
8066191
122
-683
-167
-210
1433
3829
8067216
-350
-615
9
-171
1226
4063
8068241
-662
-539
99
-428
1134
3987
8069266
-580
-535
204
-471
772
3750
8062080
-102
-562
291
-324
1056
3912
8063105
-37
-535
195
74
2364
4250
8064130
-644
-472
230
-152
1787
4110
8065155
-843
-433
209
-306
1048
3873
8066180
-371
-468
154
-357
927
3731
8067205
233
-494
97
-98
1562
4025
8068230
169
-391
68
139
1733
4169
8069255
-116
-240
80
-127
1139
4064
8070280
-87
-205
105
-298
881
3815
8071305
126
-240
149
-402
1063
4069
8072330
-84
-175
152
-255
1626
5146
8073355
-662
113
182
-320
1778
5246
8074380
-527
166
132
-699
492
3562
8075405
147
241
6
-630
582
4165
8076430
281
116
96
-647
868
4056
8077455
229
35
95
-628
1071
4086
8070272
210
-17
62
-614
1299
4071
8071297
13
-22
14
-602
1480
3985
8072322
-291
4
-43
-546
1366
4002
8073347
-474
68
-103
-552
1058
4050
8074372
-440
109
-70
-595
562
4018
8075397
-231
110
-53
-521
1298
3985
8076422
-540
199
-54
-528
1540
4023
8077447
-849
323
41
-641
663
4069
8078472
-527
426
62
-644
526
4117
8079497
-162
527
57
-718
872
4132
8080522
-104
578
161
-933
418
4194
8081547
221
488
262
-1052
71
4073
8082572
732
309
385
-1047
389
4005
8083597
963
177
519
-998
967
4033
8084622
784
84
567
-963
1645
4108
8085647
336
9
491
-942
1586
4041
8078463
112
-31
374
-980
1206
3936
8079488
185
-72
188
-963
1283
3943
8080513
221
-128
109
-840
1480
4092
8081538
12
-128
36
-790
1389
3994
8082563
-169
-91
-29
-752
661
3834
8083588
-107
-77
-42
-732
1019
4003
8084613
64
-35
-45
-774
1228
3984
8085638
112
13
-53
-790
1323
4078
8086663
48
-2
-23
-838
543
4021
8087688
390
-26
26
-792
790
4013
8088713
647
-12
76
-842
1415
3888
8089738
340
5
93
-805
1659
3941
8090763
-162
39
146
-722
1354
4040
8091788
-268
117
64
-675
1364
4010
8092813
-218
162
-74
-817
1565
3839
8093838
-577
174
-89
-837
1552
4041
8086656
-875
183
-93
-861
1176
3992
8087681
-937
172
-82
-805
857
4036
8088706
-865
207
-95
-740
760
4152
8089731
-866
292
-135
-841
1293
4203
8090756
-992
328
-152
-971
662
3867
8091781
-781
308
-164
-985
560
3943
8092806
-716
301
-109
-898
393
4169
8093831
-455
268
-104
-1135
568
4092
8094856
-228
96
-153
-1288
1066
3866
8095881
-550
-4
-248
-988
1041
3985
8096906
-771
125
-269
-910
229
4377
8097931
-490
126
-267
-1077
349
4126
8098956
-363
89
-261
-1155
59
4048
8099981
-179
48
-183
-1190
-57
4106
8101006
-30
24
-85
-1193
157
4061
8102031
155
8
-102
-1104
277
3930
8094848
431
44
-79
-1230
-285
3829
8095873
900
-39
-109
-1208
414
3925
8096898
619
-71
-78
-917
1317
4395
8097923
20
-19
-49
-1060
716
4211
8098948
-129
-18
-119
-1218
509
4006
8099973
-216
-33
-135
-1215
726
4093
8100998
-443
-42
-128
-1115
858
4224
8102023
-638
-57
-309
-1113
936
4124
8103048
-824
-35
-452
-1156
437
3956
8104073
-894
-24
-443
-1043
305
4166
8105098
-1002
5
-410
-997
129
4191
8106123
-802
22
-451
-1140
-68
4073
8107148
-720
-21
-528
-1064
330
4206
8108173
-997
-19
-476
-1041
-261
4037
8109198
-753
-28
-368
-1090
-905
4054
8110223
-284
-51
-216
-1097
-486
4070
8103039
-155
-71
-162
-1071
187
4241
8104064
-320
-58
-228
-1085
-116
4152
8105089
-95
-60
-132
-1161
-1218
3921
8106114
601
-79
10
-999
-545
4110
8107139
707
-112
151
-1025
-49
4005
8108164
506
-133
238
-902
284
4227
8109189
227
36
135
-911
720
4549
8110214
-111
133
101
-1137
-5
4100
8111239
-129
110
144
-1146
-361
3955
8112264
41
60
230
-1074
-580
4061
8113289
384
20
332
-1094
-670
4032
8114314
793
-22
417
-1069
-166
4060
8115339
951
-5
416
-1064
259
4140
8116364
955
81
347
-1001
158
4244
8117389
1122
104
419
-1143
-107
3857
8118414
1111
48
348
-1045
1430
4291
8111233
510
106
79
-1021
1530
4313
8112258
-74
129
31
-1282
359
3929
8113283
-170
77
-42
-1150
710
4074
8114308
-275
119
-21
-1029
-54
4180
8115333
189
92
47
-1343
-625
3890
8116358
677
-60
17
-1215
879
4033
8117383
385
-71
-50
-1035
1464
4230
8118408
-120
-45
-27
-1189
319
3996
8119433
-113
-105
5
-1142
118
4048
8120458
156
-47
8
-930
243
4206
8121483
479
53
99
-1237
-319
3868
8122508
793
-28
73
-1113
1584
4068
8123533
241
-6
-40
-1027
1971
4267
8124558
-439
-15
-141
-1195
1068
4194
8125583
-796
-65
-162
-1027
606
4134
8126608
-723
38
-80
-1131
-550
3983
8119424
17
50
-55
-1129
-377
3999
8120449
574
-7
4
-1179
279
3994
8121474
707
-48
13
-1053
927
4171
8122499
572
-30
31
-1053
596
4121
8123524
792
-152
88
-1148
51
3755
8124549
959
-205
86
-1424
444
4035
8125574
1005
-208
214
-860
813
4216
8126599
1081
-156
275
-895
1269
4309
8127624
1100
-64
319
-890
971
4170
8128649
1141
-30
276
-623
997
4317
8129674
1193
55
129
-487
1383
4475
8130699
1189
133
78
-501
1533
4363
8131724
1294
212
189
-882
1318
4358
8132749
1205
388
173
-1337
1537
4419
8133774
791
668
90
-1214
1428
4294
8134799
891
870
128
-1254
1471
4520
8127936
1111
982
170
-1585
1219
4237
8128961
1489
1050
245
-1698
1098
3842
8129986
1584
1064
226
-1689
1874
3732
8131011
831
1068
240
-1773
2234
3429
8132036
-63
1068
283
-1812
1813
3262
8133061
-285
1015
383
-1808
1454
3140
8134086
-252
922
416
-1818
1816
3043
8135111
-405
862
487
-1791
1608
2767
8136136
-140
727
592
-1866
1555
2376
8137161
438
509
569
-1792
2063
2233
8138186
768
360
559
-1814
2309
2636
8139211
467
327
593
-1861
2214
2784
8140236
321
333
637
-1782
1948
2690
8141261
761
317
626
-1544
2281
2863
8142286
1503
375
626
-1351
2002
2571
8143311
2562
327
644
-1568
2230
2087
8135808
2594
68
536
-1402
3786
2459
8136833
1183
212
432
-1210
3672
2626
8137858
781
394
378
-1321
2729
2597
8138883
1164
311
296
-1247
3203
2595
8139908
550
339
235
-1226
3883
2561
8140933
-797
383
283
-1409
3635
2638
8141958
-1590
320
344
-1507
2845
2709
8142983
-1560
313
377
-1696
2600
2602
8144008
-1358
251
342
-1709
2997
2444
8145033
-1165
185
317
-1741
2603
2168
8146058
-301
-36
348
-1929
2303
2513
8147083
580
-235
295
-1778
2583
2731
8148108
803
-205
259
-1646
2618
2423
8149133
950
-250
181
-1680
3270
2394
8150158
785
-321
210
-1465
2952
2406
8151183
932
-218
194
-1290
2286
2004
8144001
1845
-378
175
-1376
2918
1971
8145026
1914
-391
102
-1215
3423
2036
8146051
1946
-276
116
-1361
3195
1871
8147076
2142
-317
193
-1209
3621
2106
8148101
1675
-166
184
-1071
3541
2231
8149126
1064
-34
162
-1291
3573
1910
8150151
450
-42
172
-1407
3403
1431
8151176
403
-117
221
-1444
2961
1424
8152201
1008
-284
295
-1220
3243
1624
8153226
1231
-336
299
-953
3668
1898
8154251
886
-209
317
-1084
3495
1835
8155276
802
-141
304
-1118
3519
1588
8156301
1097
-149
238
-940
3458
1474
8157326
1055
-144
262
-874
3991
1540
8158351
553
-63
192
-824
4415
1899
8159376
-28
109
77
-840
3934
1667
8152192
133
165
-24
-836
3465
1551
8153217
444
132
-37
-883
3613
1320
8154242
108
78
-60
-1005
4387
1153
8155267
-1246
48
-132
-943
4433
1421
8156292
-2269
165
-180
-985
3325
1832
8157317
-2215
237
-167
-1140
3443
1985
8158342
-2224
306
-96
-1153
3098
1912
8159367
-1787
324
17
-1233
3024
1934
8160392
-1543
324
59
-1171
3515
2212
8161417
-2115
407
168
-1171
3267
2181
8162442
-2506
419
240
-1330
3123
1989
8163467
-2218
381
173
-1240
2811
2299
8164492
-1745
275
111
-1168
3505
2511
8165517
-1822
235
90
-1103
3164
2552
8166542
-1801
231
147
-1225
2159
2575
8167567
-1689
91
92
-1409
3347
2605
8160385
-1972
157
7
-1131
2637
3107
8161410
-1442
249
75
-1227
1943
3396
8162435
-132
227
65
-1417
1993
3326
8163460
783
197
113
-1624
2630
3033
8164485
538
170
92
-1294
3089
3154
8165510
-430
302
154
-1081
2164
3051
8166535
-68
261
184
-1377
1582
2778
8167560
612
72
104
-1406
2678
2858
8168585
376
73
74
-1175
2848
3123
8169610
-421
117
138
-993
2781
3206
8170635
-566
185
152
-1024
1749
3061
8171660
559
79
130
-1310
2287
2871
8172685
851
4
-6
-1025
2921
3027
8173710
150
120
53
-1158
3197
3237
8174735
-747
227
54
-1113
3169
3281
8175760
-854
299
-15
-1251
2543
3044
8168575
-555
257
-55
-1377
2452
3025
8169600
-545
221
-23
-1503
2517
2898
8170625
-901
184
-11
-1486
2545
2816
8171650
-1125
184
-29
-1521
2221
2921
8172675
-670
88
-117
-1470
2174
3187
8173700
-229
28
-114
-1488
2084
3400
8174725
-3
22
-55
-1365
2065
3196
8175750
248
25
-76
-1084
2216
3088
8176775
395
55
-178
-937
2447
2929
8177800
410
59
-386
-1043
3398
2852
8178825
-322
58
-621
-900
3374
2999
8179850
-914
95
-720
-992
2387
2943
8180875
-584
54
-832
-1187
2077
3039
8181900
13
-35
-1038
-1323
2261
2883
8182925
494
-174
-1278
-1362
2718
2643
8183950
844
-364
-1403
-1379
2420
2365
8176768
1484
-625
-1463
-1348
2125
2143
8177793
1948
-928
-1528
-1564
2722
2294
8178818
1399
-1147
-1533
-1579
3105
2475
8179843
524
-1213
-1476
-1408
2326
2670
8180868
290
-1195
-1288
-1725
1216
2812
8181893
476
-1203
-1092
-2048
1033
2846
8182918
781
-1299
-912
-2079
1124
2979
8183943
935
-1441
-649
-2227
1183
3112
8184968
712
-1594
-330
-2264
1720
3007
8185993
298
-1522
-125
-1978
1907
3455
8187018
-35
-1317
6
-1851
1873
4283
8188043
-516
-1198
81
-1607
2516
4400
8189068
-1192
-916
75
-1238
2603
3846
8190093
-1127
-708
10
-1176
1908
3749
8191118
-613
-752
11
-1144
1460
3788
8192143
71
-788
83
-1013
1505
3751
8184960
652
-780
57
-929
2138
3758
8185985
395
-786
1
-776
2641
3689
8187010
-100
-767
64
-417
2273
3859
8188035
135
-714
157
-335
2175
4200
8189060
535
-592
71
-535
2690
4490
8190085
174
-313
132
-794
1561
4045
8191110
632
-133
293
-909
951
3953
8192135
1507
-176
255
-946
2624
3763
8193160
1149
-145
218
-849
2674
3607
8194185
474
-31
132
-1121
2620
3722
8195210
37
39
-77
-1147
2899
3654
8196235
-106
110
-92
-1112
2584
3391
8197260
181
106
-7
-1039
2194
2947
8198285
469
30
84
-950
2193
2663
8199310
502
11
142
-929
2252
2669
8200335
596
-98
278
-816
2172
2676
8193151
573
-275
418
-461
2360
2499
8194176
382
-382
582
-153
2428
2226
8195201
223
-474
748
344
2418
2247
8196226
343
-530
1020
671
2359
2606
8197251
685
-573
1207
541
2656
3058
8198276
641
-442
983
602
3896
4708
8199301
170
3
382
901
5415
4822
8200326
381
674
175
-469
478
2217
8201351
2169
296
8
-503
2408
2808
8202376
2134
85
61
138
3533
2931
8203401
1468
234
102
-336
3333
2383
8204426
1255
166
68
-171
3599
2393
8205451
923
178
-26
-319
3597
2275
8206476
766
86
-116
-259
3753
2071
8207501
436
38
-167
-272
3640
2063
8208526
193
-14
-119
-458
3270
2134
8201344
-112
-105
-41
-568
3355
2186
8202369
-558
-152
111
-518
3452
2284
8203394
-1064
-136
325
-257
3274
2468
8204419
-1176
-154
383
-151
3134
2674
8205444
-865
-87
194
-112
3233
2803
8206469
-556
-19
-21
-156
3156
2670
8207494
-407
60
-72
-218
3130
2647
8208519
-399
82
-53
-206
2941
2766
8209544
-258
54
-20
-312
2908
2817
8210569
-193
-14
35
-344
3127
2695
8211594
-325
-66
7
-296
3171
2669
8212619
-454
-63
-79
-201
3142
2723
8213644
-465
-107
-160
-288
3181
2668
8214669
-620
-178
-174
-363
2980
2892
8215694
-1032
-243
-154
-256
2889
2986
8216719
-1160
-175
-106
-175
2589
3087
8209536
-791
-154
-63
-206
2477
3174
8210561
-617
-211
-28
-83
2693
3169
8211586
-676
-211
-9
17
2862
3016
8212611
-790
-124
-90
-3
2721
3073
8213636
-700
-37
-177
-108
2557
3199
8214661
-499
-12
-160
-218
2372
3104
8215686
-326
-62
-75
-246
2418
3142
8216711
-258
-102
24
-259
2427
3141
8217736
-135
-132
114
-177
2393
3246
8218761
-14
-91
169
-42
2451
3393
8219786
69
9
204
-119
2383
3372
8220811
277
41
205
-126
2427
3328
8221836
368
71
274
-126
2427
3274
8222861
539
121
335
-72
2735
3247
8223886
573
178
321
-88
2899
3148
8224911
337
188
261
-107
2952
3097
8217727
-30
145
175
-123
2868
3097
8218752
-276
119
128
-120
2626
3182
8219777
-261
101
111
-108
2595
3226
8220802
-164
81
79
-172
2229
3299
8221827
100
7
38
-92
2116
3380
8222852
415
-34
1
-18
2395
3228
8223877
695
-6
11
-48
2572
3085
8224902
954
23
17
-73
2778
3010
8225927
886
41
38
-45
2828
2982
8226952
765
66
92
-62
2931
2972
8227977
727
61
87
-120
2980
2815
8229002
508
38
50
-135
3412
2710
8230027
-159
77
98
-151
3695
2718
8231052
-821
161
69
-147
3338
2906
8232077
-1052
207
4
-180
2648
3061
8233102
-873
149
-10
-234
2305
3171
8225921
-470
55
-9
-154
2265
3231
8226946
-60
-3
-22
-124
2489
3183
8227971
145
-27
-67
-126
2674
3092
8228996
151
-36
-60
-109
2794
3048
8230021
37
-36
-53
-120
2866
3027
8231046
-67
-10
-102
-131
2928
3024
8232071
-277
-13
-107
-133
2883
2981
8233096
-499
9
-98
-114
2654
3119
8234121
-406
35
-86
-155
2405
3262
8235146
-112
7
-87
-133
2314
3301
8236171
86
-9
-120
-149
2568
3130
8237196
3
-4
-152
-177
3013
3033
8238221
-401
-40
-150
-388
2814
3044
8239246
-710
-113
-119
-228
2948
3239
8240271
-682
-9
-127
-97
2743
3203
8241296
-672
31
-92
-299
2169
3323
8234113
-490
-15
-46
-252
2197
3418
8235138
-358
-66
-14
-185
2456
3314
8236163
-410
9
27
-46
2137
3467
8237188
-299
47
16
-134
2098
3516
8238213
-712
-62
-112
-32
3227
3336
8239238
-1451
-13
-166
-177
2360
3355
8240263
-1077
30
-253
-381
1838
3407
8241288
-526
-12
-223
-367
2319
3556
8242313
-220
3
-128
-279
2101
3584
8243338
-70
20
-44
-329
1817
3711
8244363
105
111
10
-160
1464
3789
8245388
880
208
40
-196
1266
3763
8246413
1523
103
90
-303
1952
3538
8247438
1425
-36
109
-205
3002
3057
8248463
576
154
-51
-324
3806
2924
8249488
-777
122
-95
-284
2696
3546
8242304
-1038
-27
-103
-374
1942
3460
8243329
-790
-98
-151
-480
2705
3331
8244354
-999
-63
-121
-401
2122
3548
8245379
-942
-73
-83
-272
2015
3636
8246404
-773
-58
-62
-210
1877
3685
8247429
-625
-32
-63
-346
1894
3599
8248454
-578
-60
-59
-320
2001
3665
8249479
-396
-48
13
-306
1172
3816
8250504
402
-58
43
-295
1371
3783
8251529
1028
-72
87
-233
1811
3708
8252554
1075
-58
200
-226
1938
3646
8253579
1244
4
179
-203
2389
3529
8254604
1248
95
44
-198
2674
3376
8255629
1008
161
-105
-183
2762
3305
8256654
733
185
-134
-117
2924
2992
8257679
180
137
-80
-547
3151
3207
8250496
-591
-31
-127
-468
2523
3377
8251521
-1101
-71
-146
-473
1945
3502
8252546
-1087
-64
-112
-341
2021
3524
8253571
-834
-82
-18
-270
1623
3737
8254596
-344
-80
-18
-248
1911
3712
8255621
-377
-45
-62
-259
2373
3644
8256646
-682
28
-68
-266
2272
3528
8257671
-545
91
-119
-412
2204
3400
8258696
-337
98
-202
-372
2411
3523
8259721
-170
82
-139
-464
1528
3717
8260746
284
11
-29
-365
1563
3890
8261771
346
10
17
-385
1686
3662
8262796
477
-78
16
-458
2040
3525
8263821
687
-116
39
-344
1885
3572
8264846
1158
-126
51
-396
1938
3503
8265871
1292
-64
95
-190
2550
3548
8258688
995
85
114
-325
2459
3349
8259713
910
67
88
-317
2526
3324
8260738
750
65
70
-368
2546
3380
8261763
532
30
50
-365
2641
3224
8262788
229
-7
50
-294
3020
3100
8263813
-252
28
28
-460
2786
3112
8264838
-606
10
17
-461
2369
3287
8265863
-704
-108
33
-345
2380
3353
8266888
-723
-125
-44
-233
2319
3485
8267913
-554
-55
-110
-236
2081
3587
8268938
-272
-16
-146
-243
2272
3428
8269963
-221
12
-188
-334
2843
3197
8270988
-495
92
-155
-453
2300
3404
8272013
-461
2
-28
-595
1803
3470
8273038
-133
-110
44
-304
2075
3627
8274063
105
-37
110
-261
2020
3676
8266881
385
-8
154
-265
1850
3596
8267906
720
-32
165
-317
2126
3472
8268931
822
-41
205
-326
2461
3361
8269956
752
8
194
-303
2685
3316
8270981
577
56
140
-267
2586
3267
8272006
359
74
86
-301
2716
3292
8273031
239
66
28
-323
2626
3326
8274056
153
32
-33
-310
2682
3188
8275081
-145
31
-25
-355
2689
3136
8276106
-465
2
-4
-343
2142
3336
8277131
-392
-90
-18
-245
2477
3372
8278156
-321
-62
-91
-285
2495
3387
8279181
-326
-38
-130
-275
2161
3438
8280206
-142
-3
-135
-287
2330
3426
8281231
52
57
-109
-423
2512
3273
8282256
-98
66
-4
-379
2591
3391
8275073
-4
83
42
-350
1976
3488
8276098
117
-30
76
-341
2278
3362
8277123
256
-4
126
-271
2333
3512
8278148
654
61
142
-371
2033
3314
8279173
690
-35
249
-364
2634
3206
8280198
492
-44
258
-271
2923
3249
8281223
279
21
131
-284
2908
3173
8282248
-30
42
18
-270
2681
3228
8283273
-87
31
-17
-293
2422
3310
8284298
16
7
-23
-300
2660
3227
8285323
-43
35
-45
-267
2520
3283
8286348
1
49
-69
-342
2266
3244
8287373
-15
-25
-50
-379
2645
3159
8288398
-251
-87
-21
-314
2755
3193
8289423
-483
-89
-40
-271
2609
3270
8290448
-527
-43
-43
-311
2357
3365
8283265
-303
3
-47
-317
2373
3366
8284290
-190
24
-20
-308
2319
3376
8285315
-27
28
33
-316
2092
3434
8286340
259
0
89
-292
2282
3394
8287365
407
0
99
-303
2562
3311
8288390
386
10
93
-305
2460
3271
8289415
318
-15
95
-316
2648
3253
8290440
226
-16
115
-275
2551
3268
8291465
239
15
84
-228
2430
3305
8292490
195
-13
6
-316
2692
3106
8293515
-30
-9
-2
-291
2887
3222
8294540
-93
64
-31
-271
2551
3296
8295565
83
127
-28
-295
2415
3339
8296590
370
164
-7
-300
2472
3291
8297615
566
151
-12
-333
2358
3152
8298640
731
53
-14
-290
2657
3169
8291457
707
43
-38
-361
2743
3177
8292482
591
-2
-55
-361
2889
2941
8293507
202
-69
-29
-394
3227
2879
8294532
-338
-94
-31
-429
2993
2986
8295557
-631
-100
-61
-356
2556
2990
8296582
-843
-122
-34
-350
2781
3101
8297607
-953
-129
-39
-311
2630
3218
8298632
-901
-92
-58
-299
2274
3347
8299657
-575
-41
-35
-253
2146
3424
8300682
-143
-3
-28
-296
2425
3341
8301707
4
-1
-1
-344
2211
3370
8302732
197
-29
69
-313
2480
3332
8303757
303
-7
98
-279
2547
3324
8304782
350
-8
57
-332
2501
3188
8305807
218
-44
80
-309
2706
3275
8306832
218
-18
62
-285
2556
3229
8299648
207
15
42
-283
2757
3224
8300673
171
95
11
-305
2730
3208
8301698
90
95
-9
-308
2477
3144
8302723
119
62
-18
-273
2604
3259
8303748
206
79
-32
-342
2416
3271
8304773
339
12
5
-354
2667
3164
8305798
192
-46
-12
-307
3057
3028
8306823
-179
-1
-64
-352
2609
3064
8307848
-390
-1
-60
-355
2703
3155
8308873
-413
-6
-35
-314
2433
3266
8309898
-257
-27
-32
-291
2292
3274
8310923
-58
-27
-31
-302
2542
3305
8311948
50
-12
-27
-332
2546
3254
8312973
61
-11
-67
-356
2713
3175
8313998
-125
-18
-67
-351
2668
3129
8315023
-326
-26
11
-386
2597
3308
8307839
-93
13
21
-325
2402
3307
8308864
56
23
64
-349
2432
3264
8309889
138
6
96
-324
2448
3290
8310914
264
11
80
-319
2486
3275
8311939
355
14
65
-340
2681
3186
8312964
214
-4
38
-327
2915
3100
8313989
-35
22
3
-306
2661
3209
8315014
-37
31
-26
-332
2487
3237
8316039
28
-6
-23
-339
2664
3200
8317064
-31
-4
-46
-349
2749
3141
8318089
-233
-8
-54
-367
2612
3127
8319114
-376
-35
-20
-326
2600
3264
8320139
-285
-29
-32
-293
2242
3305
8321164
-6
-19
-9
-317
2230
3344
8322189
168
-11
9
-336
2573
3242
8323214
145
-9
45
-373
2672
3146
8316032
87
-14
125
-351
2606
3238
8317057
121
16
136
-277
2621
3312
8318082
301
58
64
-339
2514
3148
8319107
234
30
95
-325
2597
3243
8320132
391
32
112
-294
2397
3223
8321157
546
23
91
-316
2786
3113
8322182
418
33
55
-303
3002
3034
8323207
159
57
-14
-299
2907
3053
8324232
27
69
-62
-305
2675
3107
8325257
92
70
-52
-356
2604
3135
8326282
167
30
-29
-364
2763
3033
8327307
-14
-20
-19
-353
3004
2928
8328332
-328
-37
-8
-370
2759
3040
8329357
-533
-48
-18
-315
2669
3156
8330382
-418
-21
-40
-329
2360
3235
8331407
-165
-48
-21
-323
2432
3232
8324224
6
-61
-14
-314
2659
3167
8325249
16
-34
-29
-349
2654
3154
8326274
-13
-50
-7
-342
2687
3141
8327299
-116
-56
-9
-325
2801
3124
8328324
-231
-38
0
-363
2596
3164
8329349
-271
-64
51
-324
2587
3210
8330374
-234
-60
55
-297
2611
3241
8331399
-148
-24
37
-289
2479
3259
8332424
-24
-6
28
-293
2431
3268
8333449
94
-19
33
-288
2524
3226
8334474
130
-9
22
-281
2680
3221
8335499
120
32
-2
-313
2698
3179
8336524
9
52
-6
-306
2812
3165
8337549
-147
76
-33
-288
2717
3193
8338574
-156
73
-51
-344
2267
3299
8339599
50
9
-41
-342
2363
3276
8332416
184
-16
-21
-329
2625
3199
8333441
151
-4
4
-344
2725
3168
8334466
52
-2
19
-338
2630
3156
8335491
-25
-19
16
-312
2568
3201
8336516
-15
-32
-18
-304
2563
3235
8337541
14
-20
-56
-319
2690
3205
8338566
-94
-22
-61
-364
2674
3088
8339591
-280
-44
-37
-356
2825
3159
8340616
-438
-34
-26
-336
2535
3249
8341641
-364
-21
1
-315
2297
3352
8342666
-82
-10
16
-314
2373
3328
8343691
60
-19
20
-310
2523
3261
8344716
2
-33
5
-325
2614
3219
8345741
-7
21
48
-288
2460
3370
8346766
325
93
89
-344
2271
3318
8347791
484
53
107
-334
2574
3209
8340609
430
28
89
-313
2676
3189
8341634
368
29
55
-318
2740
3155
8342659
288
40
32
-321
2638
3158
8343684
296
41
33
-338
2612
3149
8344709
287
21
45
-346
2795
3070
8345734
102
0
48
-340
2869
3024
8346759
-129
-6
44
-321
2783
3089
8347784
-213
-11
32
-331
2641
3136
8348809
-180
-20
11
-304
2666
3152
8349834
-181
-17
-1
-319
2666
3134
8350859
-181
-7
-24
-287
2705
3167
8351884
-163
11
-17
-285
2519
3215
8352909
-80
-9
-19
-325
2384
3231
8353934
36
-55
-20
-330
2595
3179
8354959
2
-66
-27
-309
2691
3148
8355984
-67
-30
-33
-307
2744
3197
8348800
-60
-7
-20
-338
2542
3202
8349825
-24
-19
7
-343
2683
3172
8350850
-151
-41
29
-329
2768
3137
8351875
-278
-36
51
-308
2455
3271
8352900
-55
-12
47
-295
2356
3311
8353925
182
-25
53
-283
2558
3199
8354950
146
-37
32
-282
2832
3137
8355975
-6
-13
32
-273
2608
3215
8357000
22
-9
38
-296
2515
3208
8358025
53
-21
31
-269
2672
3168
8359050
-7
-13
26
-278
2632
3188
8360075
-10
-17
28
-302
2539
3202
8361100
24
-28
40
-263
2651
3191
8362125
4
-10
15
-240
2685
3178
8363150
-32
6
-36
-292
2643
3194
8364175
-59
-2
-32
-308
2637
3206
8356993
-54
-4
-4
-296
2568
3236
8358018
7
-11
11
-290
2567
3213
8359043
46
-20
17
-308
2549
3188
8360068
72
-28
2
-268
2594
3174
8361093
35
-28
40
-274
2717
3141
8362118
-78
-8
54
-268
2748
3163
8363143
-136
14
51
-262
2519
3231
8364168
-54
2
42
-272
2524
3223
8365193
-20
-1
37
-257
2689
3177
8366218
-72
17
38
-277
2570
3227
8367243
-20
7
37
-258
2424
3245
8368268
95
1
43
-262
2554
3231
8369293
129
-6
33
-254
2656
3202
8370318
96
-4
12
-237
2662
3158
8371343
43
-3
-14
-247
2579
3170
8372368
28
-17
-28
-253
2583
3182
8365185
37
-17
-28
-231
2634
3208
8366210
42
6
-33
-231
2628
3201
8367235
33
14
-62
-263
2665
3186
8368260
1
9
-47
-333
2651
3209
8369285
-5
-24
-40
-404
2667
3161
8370310
-37
-52
-7
-338
2722
3167
8371335
-98
-57
50
-282
2611
3198
8372360
-91
-63
46
-375
2608
3187
8373385
-61
-82
2
-327
2602
3201
8374410
-58
-97
24
-325
2554
3193
8375435
-45
-95
22
-281
2653
3181
8376460
-44
-81
1
-146
2654
3157
8377485
-71
-74
-20
-107
2650
3196
8378510
-125
-62
-57
-145
2521
3249
8379535
-113
-58
-57
-180
2464
3234
8380560
-50
-41
-55
-165
2544
3235
8373376
-9
-4
-74
-203
2575
3222
8374401
-4
25
-100
-221
2635
3216
8375426
-43
43
-71
-229
2645
3228
8376451
-74
50
-29
-295
2583
3230
8377476
-72
50
-20
-303
2536
3243
8378501
-45
39
3
-306
2520
3245
8379526
-14
27
30
-299
2522
3247
8380551
18
18
49
-277
2523
3250
8381576
59
21
62
-256
2580
3243
8382601
61
29
54
-252
2578
3225
8383626
30
33
34
-247
2615
3220
8384651
-12
38
13
-254
2589
3235
8385676
-28
36
-11
-271
2552
3239
8386701
-18
31
-22
-266
2570
3239
8387726
-19
28
-21
-284
2556
3236
8388751
-13
24
-14
-301
2562
3244
8381568
-9
18
-3
-290
2564
3240
8382593
-13
16
4
-285
2555
3228
8383618
-9
21
0
-273
2570
3224
8384643
-8
24
7
-276
2545
3239
8385668
-5
26
21
-298
2581
3243
8386693
-9
25
28
-309
2557
3238
8387718
-6
21
13
-299
2567
3245
8388743
-13
16
-1
-306
2553
3237
8389768
-13
7
-15
-327
2547
3246
8390793
-2
-8
-6
-329
2519
3244
8391818
28
-22
12
-315
2552
3248
8392843
44
-26
22
-300
2577
3234
8393868
26
-28
23
-293
2626
3212
8394893
-31
-19
22
-275
2620
3217
8395918
-56
-11
17
-290
2513
3248
8396943
-37
-19
15
-288
2557
3246
8389760
-10
-19
17
-283
2514
3253
8390785
23
-16
18
-272
2559
3250
8391810
36
-7
7
-266
2575
3229
8392835
34
7
-14
-268
2570
3234
8393860
34
13
-28
-274
2553
3230
8394885
31
11
-32
-290
2580
3229
8395910
12
7
-34
-299
2588
3226
8396935
1
9
-28
-291
2543
3238
8397960
17
11
-19
-288
2572
3240
8398985
13
7
17
-294
2579
3233
8400010
12
5
12
-324
2576
3229
8401035
13
-1
-8
-317
2594
3237
8402060
1
-12
-14
-316
2591
3239
8403085
-21
-30
-19
-316
2569
3222
8404110
-41
-37
-17
-291
2580
3219
8405135
-43
-28
-14
-271
2539
3214
8397951
-24
-16
-11
-273
2542
3220
8398976
-13
0
-14
-283
2554
3238
8400001
18
15
-26
-296
2558
3245
8401026
28
17
-22
-285
2621
3240
8402051
0
8
4
-364
2561
3215
8403076
-14
-1
9
-333
2551
3227
8404101
-10
-4
28
-305
2566
3241
8405126
1
-4
29
-293
2571
3236
8406151
9
2
9
-282
2565
3225
8407176
15
12
-12
-294
2577
3228
8408201
10
16
-20
-272
2584
3235
8409226
-7
14
7
-315
2568
3230
8410251
-14
8
-4
-328
2584
3229
8411276
-26
3
-13
-322
2568
3233
8412301
-31
-5
-17
-323
2575
3236
8413326
-38
-13
-26
-322
2565
3244
8406144
-45
-20
-22
-338
2543
3242
8407169
-50
-27
-6
-315
2593
3235
8408194
-75
-22
0
-301
2574
3239
8409219
-77
-13
-12
-292
2536
3243
8410244
-77
-4
-31
-291
2546
3245
8411269
-81
6
-39
-312
2519
3258
8412294
-59
9
-23
-331
2507
3267
8413319
-37
4
7
-332
2518
3271
8414344
-21
3
20
-315
2529
3268
8415369
-20
7
10
-306
2539
3255
8416394
-24
14
4
-311
2531
3266
8417419
-19
12
18
-337
2506
3275
8418444
-12
9
24
-336
2533
3270
8419469
-13
9
23
-314
2527
3270
8420494
-15
11
22
-322
2531
3272
8421519
-15
10
23
-320
2508
3276
8414337
-5
10
19
-306
2526
3272
8415362
-9
12
17
-303
2528
3268
8416387
-21
18
10
-312
2536
3267
8417412
-27
21
4
-323
2514
3279
8418437
-24
22
9
-339
2520
3278
8419462
-18
17
19
-346
2506
3280
8420487
-13
10
23
-336
2504
3282
8421512
-6
5
29
-328
2498
3277
8422537
5
4
29
-311
2524
3276
8423562
0
8
13
-302
2537
3279
8424587
-17
14
6
-310
2520
3283
8425612
-16
19
12
-335
2498
3276
8426637
-8
22
20
-323
2510
3281
8427662
-8
26
26
-320
2519
3282
8428687
-3
27
22
-331
2522
3282
8429712
5
22
13
-345
2501
3287
8422528
11
12
-1
-337
2519
3276
8423553
2
4
-3
-338
2503
3284
8424578
12
-5
-3
-344
2492
3290
8425603
33
-17
5
-349
2508
3281
8426628
48
-27
25
-347
2518
3269
8427653
49
-29
36
-323
2546
3260
8428678
35
-19
26
-310
2560
3262
8429703
23
-12
11
-324
2526
3269
8430728
22
-13
16
-326
2508
3264
8431753
29
-16
26
-320
2526
3262
8432778
23
-14
23
-304
2545
3254
8433803
12
-3
5
-300
2570
3252
8434828
2
11
-10
-316
2548
3252
8435853
-2
20
-9
-330
2537
3261
8436878
-2
20
7
-323
2550
3257
8437903
-24
27
26
-288
2599
3268
8430720
-52
36
32
-341
2510
3267
8431745
-30
30
2
-325
2522
3272
8432770
-21
24
-11
-324
2517
3273
8433795
-22
18
-17
-340
2534
3276
8434820
-16
13
-8
-368
2503
3284
8435845
11
-2
-12
-366
2489
3275
8436870
21
-17
-5
-335
2515
3261
8437895
9
-21
3
-327
2537
3263
8438920
4
-13
5
-321
2530
3264
8439945
6
-6
1
-331
2533
3269
8440970
10
-4
-2
-339
2533
3265
8441995
4
-8
-1
-339
2534
3261
8443020
-6
-12
4
-333
2525
3269
8444045
-3
-16
8
-335
2511
3273
8445070
8
-24
9
-342
2528
3272
8446095
4
-29
7
-342
2531
3268
8438912
3
-33
18
-329
2528
3258
8439937
2
-27
34
-316
2544
3260
8440962
-1
-18
31
-312
2553
3260
8441987
-7
-11
18
-309
2536
3267
8443012
-3
-6
6
-314
2524
3266
8444037
3
-5
-5
-317
2534
3270
8445062
4
-7
-11
-321
2527
3268
8446087
8
-9
-8
-323
2515
3262
8447112
16
-10
0
-325
2530
3263
8448137
12
-10
0
-313
2553
3260
8449162
4
-7
-7
-321
2535
3262
8450187
8
-5
-12
-322
2528
3267
8451212
3
-7
-19
-323
2557
3262
8452237
-10
-10
-16
-334
2545
3262
8453262
-19
-15
-10
-336
2511
3264
8454287
-11
-21
-10
-319
2514
3270
8447104
-7
-25
-19
-320
2551
3263
8448129
-16
-24
-24
-330
2547
3252
8449154
-37
-19
-18
-325
2539
3251
8450179
-52
-14
-9
-323
2527
3264
8451204
-61
-11
-5
-332
2531
3273
8452229
-40
-8
3
-323
2477
3283
8453254
-16
-6
8
-314
2522
3274
8454279
-19
0
4
-321
2527
3271
8455304
-26
6
-1
-321
2527
3271
8456329
-29
14
-4
-328
2521
3279
8457354
-24
18
-6
-328
2517
3281
8458379
-26
18
-6
-335
2512
3286
8459404
-25
18
-1
-334
2493
3289
8460429
-18
14
11
-333
2501
3287
8461454
-17
11
16
-350
2505
3286
8462479
-19
5
13
-338
2499
3290
8455296
-14
-1
17
-343
2484
3288
8456321
0
-4
23
-338
2496
3292
8457346
13
-3
21
-334
2517
3286
8458371
7
0
14
-331
2524
3282
8459396
-5
2
10
-329
2514
3279
8460421
-9
1
8
-334
2501
3286
8461446
-3
-3
9
-337
2492
3291
8462471
4
-6
5
-333
2505
3283
8463496
3
-5
2
-332
2507
3284
8464521
0
-3
3
-328
2516
3285
8465546
1
-2
2
-334
2508
3290
8466571
3
-5
3
-329
2509
3283
8467596
5
-5
1
-336
2487
3278
8468621
10
-5
2
-326
2513
3282
8469646
4
1
6
-323
2532
3294
8470671
-3
4
8
-353
2514
3284
8463488
-4
1
6
-340
2508
3284
8464513
-8
-2
8
-332
2501
3294
8465538
-3
-5
6
-328
2498
3296
8466563
8
-5
0
-336
2502
3280
8467588
4
-4
-1
-340
2520
3278
8468613
0
-3
2
-332
2502
3288
8469638
-1
-2
2
-332
2527
3288
8470663
-7
1
-1
-325
2519
3285
8471688
-20
2
5
-332
2504
3286
8472713
-13
3
1
-335
2496
3282
8473738
-5
1
-1
-333
2514
3288
8474763
-11
1
3
-342
2516
3284
8475788
-15
1
6
-345
2502
3286
8476813
-10
-1
9
-335
2501
3287
8477838
-5
-3
7
-330
2495
3283
8478863
-2
-3
4
-340
2494
3285
8471680
-1
-2
3
-341
2506
3287
8472705
0
-2
5
-340
2502
3286
8473730
3
-5
7
-335
2496
3289
8474755
5
-8
9
-333
2499
3287
8475780
5
-8
10
-336
2506
3287
8476805
5
-8
10
-341
2512
3285
8477830
0
-6
8
-338
2513
3280
8478855
-6
-3
4
-333
2508
3284
8479880
-8
-3
4
-336
2499
3279
8480905
-6
-5
3
-337
2506
3291
8481930
-3
-6
0
-333
2493
3287
8482955
5
-5
-4
-335
2509
3285
8483980
10
-3
-7
-343
2507
3283
8485005
6
-2
-2
-344
2512
3286
8486030
-1
-3
7
-337
2498
3283
8487055
5
-5
8
-338
2490
3285
8480031
17
-5
7
-341
2501
3281
8481056
23
-5
3
-337
2516
3277
8482081
14
-4
4
-336
2520
3273
8483106
5
-2
4
-333
2521
3280
8484131
5
-2
5
-336
2516
3284
8485156
3
-4
5
-337
2505
3273
8486181
2
-4
8
-334
2514
3279
8487206
1
-5
6
-328
2513
3283
8488231
-2
-6
5
-334
2529
3284
8489256
-4
-3
3
-343
2511
3267
8490281
-14
-7
5
-329
2530
3279
8491306
-16
-3
1
-328
2502
3278
8492331
-7
-1
1
-337
2495
3280
8493356
-1
-1
1
-336
2524
3280
8494381
-9
-2
0
-339
2525
3277
8495406
-14
-2
0
-336
2505
3283
8488065
-11
-3
2
-338
2499
3282
8489090
-7
-5
3
-340
2498
3281
8490115
-4
-7
3
-337
2515
3280
8491140
-5
-6
1
-333
2517
3284
8492165
-11
-3
-4
-339
2509
3285
8493190
-13
-1
-4
-346
2491
3289
8494215
-5
-5
3
-342
2493
3292
8495240
2
-8
8
-336
2510
3283
8496265
3
-8
4
-333
2512
3287
8497290
2
-7
-2
-345
2511
3291
8498315
4
-6
4
-349
2506
3282
8499340
1
-6
11
-343
2512
3283
8500365
-4
-8
14
-331
2502
3284
8501390
-4
-9
10
-335
2498
3292
8502415
6
-10
7
-335
2507
3288
8503440
10
-9
5
-331
2525
3276
8496256
2
-8
4
-342
2517
3281
8497281
-5
-7
5
-338
2519
3292
8498306
-5
-6
6
-335
2503
3285
8499331
-1
-7
6
-337
2498
3286
8500356
1
-8
7
-336
2505
3280
8501381
0
-8
7
-334
2524
3283
8502406
-7
-8
5
-330
2513
3289
8503431
-4
-8
5
-336
2495
3290
8504456
-6
-11
11
-330
2509
3280
8505481
2
-12
11
-328
2502
3282
8506506
4
-11
8
-327
2520
3283
8507531
1
-9
7
-329
2514
3281
8508556
-1
-8
5
-336
2511
3285
8509581
-1
-8
7
-329
2504
3284
8510606
1
-9
7
-325
2506
3286
8511631
3
-10
8
-327
2516
3288
8504448
-1
-8
9
-329
2515
3288
8505473
-4
-7
6
-318
2519
3284
8506498
-5
-2
0
-325
2507
3292
8507523
-5
-2
0
-330
2513
3294
8508548
-5
-4
2
-321
2503
3277
8509573
-1
-2
1
-318
2512
3274
8510598
-3
4
-6
-319
2526
3285
8511623
-9
7
-14
-333
2519
3281
8512648
-15
9
-7
-338
2510
3286
8513673
-18
7
4
-336
2499
3289
8514698
-15
4
4
-334
2495
3288
8515723
-10
2
-2
-332
2491
3296
8516748
-2
-1
-2
-332
2501
3295
8517773
4
-1
0
-337
2511
3283
8518798
-2
-2
2
-336
2514
3285
8519823
-3
-2
4
-334
2502
3289
8512640
0
0
3
-329
2500
3283
8513665
2
3
2
-333
2504
3286
8514690
3
6
-2
-335
2505
3290
8515715
-2
6
-3
-340
2519
3285
8516740
-14
5
3
-324
2514
3290
8517765
-25
6
15
-360
2493
3294
8518790
-15
2
7
-350
2506
3294
8519815
-11
0
5
-342
2487
3301
8520840
1
-2
9
-342
2489
3293
8521865
4
-6
16
-343
2516
3279
8522890
-5
-6
16
-340
2514
3287
8523915
-9
-6
12
-329
2503
3296
8524940
-3
-4
9
-331
2502
3290
8525965
-3
-2
8
-336
2501
3288
8526990
-2
-1
6
-339
2507
3287
8528015
-6
2
2
-335
2508
3280
8520832
-11
5
-4
-333
2496
3286
8521857
-11
2
-1
-341
2502
3296
8522882
-10
1
4
-343
2490
3298
8523907
-8
0
6
-334
2497
3300
8524932
-7
2
5
-341
2504
3299
8525957
-5
2
1
-349
2499
3289
8526982
-6
2
3
-357
2506
3293
8528007
-9
0
10
-348
2495
3292
8529032
-6
-4
12
-346
2483
3300
8530057
4
-9
12
-344
2487
3296
8531082
7
-10
11
-335
2504
3293
8532107
0
-8
5
-331
2504
3294
8533132
3
-5
-2
-339
2500
3291
8534157
-4
-3
-3
-346
2500
3294
8535182
-4
-2
1
-348
2494
3291
8536207
-3
-2
2
-336
2499
3292
8529024
-4
-2
-2
-342
2486
3296
8530049
0
-2
-5
-350
2505
3294
8531074
1
-2
0
-351
2493
3294
8532099
2
-2
7
-347
2508
3290
8533124
-4
-3
5
-343
2500
3289
8534149
-4
-5
1
-341
2483
3294
8535174
6
-7
1
-349
2491
3298
8536199
11
-6
5
-353
2502
3289
8537224
7
-9
6
-346
2502
3279
8538249
3
-9
6
-345
2496
3294
8539274
4
-7
6
-346
2495
3288
8540299
5
-6
4
-338
2503
3289
8541324
3
-5
1
-344
2506
3286
8542349
2
-4
0
-343
2506
3283
8543374
-4
-2
0
-344
2498
3289
8544399
-5
-3
0
-347
2498
3290
8537216
0
-5
-1
-346
2492
3293
8538241
4
-8
0
-342
2493
3285
8539266
6
-6
-4
-343
2493
3289
8540291
15
-5
-8
-350
2511
3282
8541316
9
-4
-3
-350
2529
3281
8542341
-7
-4
8
-347
2510
3289
8543366
-8
-4
11
-343
2486
3285
8544391
0
-7
7
-337
2486
3284
8545416
12
-8
3
-342
2506
3288
8546441
11
-5
1
-341
2518
3283
8547466
0
-3
-2
-333
2508
3282
8548491
-5
-1
-3
-351
2515
3283
8549516
-3
0
0
-348
2500
3284
8550541
-1
-1
1
-342
2510
3289
8551566
-2
-1
-1
-341
2510
3281
8552591
-7
2
-3
-347
2503
3276
8545408
-10
1
0
-348
2489
3288
8546433
-2
-4
12
-361
2495
3292
8547458
6
-8
19
-354
2499
3290
8548483
6
-11
17
-343
2507
3280
8549508
2
-12
13
-332
2504
3287
8550533
8
-9
8
-342
2493
3293
8551558
13
-10
6
-345
2508
3280
8552583
11
-13
15
-351
2493
3273
8553608
3
-19
46
-362
2488
3275
8554633
-1
-22
77
-329
2507
3283
8555658
0
-21
82
-327
2493
3283
8556683
21
-21
100
-345
2470
3294
8557708
55
-22
149
-335
2488
3289
8558733
74
-18
171
-300
2571
3298
8559758
79
-4
116
-318
2567
3296
8560783
75
0
71
-271
2480
3271
8553600
106
-2
71
-261
2471
3245
8554625
97
-4
73
-244
2588
3219
8555650
59
-4
72
-269
2569
3241
8556675
37
-9
60
-285
2557
3267
8557700
36
-16
25
-296
2648
3277
8558725
18
-29
-37
-364
2536
3299
8559750
32
-58
-98
-331
2488
3250
8560775
60
-76
-95
-305
2545
3215
8561800
24
-73
-66
-275
2596
3200
8562825
13
-47
-32
-223
2640
3189
8563850
-11
-20
-9
-192
2633
3191
8564875
-56
11
3
-193
2533
3221
8565900
-42
40
-1
-236
2507
3237
8566925
-3
51
-14
-232
2523
3262
8567950
10
38
9
-299
2556
3256
8568975
-18
25
-12
-276
2594
3238
8561791
-74
16
-38
-286
2601
3238
8562816
-115
12
-66
-288
2540
3249
8563841
-94
7
-86
-307
2488
3272
8564866
-57
-7
-113
-334
2507
3273
8565891
-60
-22
-126
-331
2538
3271
8566916
-52
-30
-131
-364
2549
3262
8567941
-81
-52
-121
-412
2554
3268
8568966
-132
-68
-101
-391
2602
3256
8569991
-173
-64
-75
-387
2488
3251
8571016
-160
-79
-43
-386
2454
3272
8572041
-148
-89
1
-360
2444
3325
8573066
-119
-89
30
-338
2380
3336
8574091
-38
-88
55
-325
2391
3340
8575116
15
-64
92
-248
2483
3348
8576141
143
-16
130
-331
2187
3405
8577166
317
-35
118
-288
2505
3275
8569984
294
-38
83
-277
2878
3116
8571009
-104
-59
18
-252
2931
3159
8572034
-340
-15
-40
-162
2408
3324
8573059
-198
1
-26
-209
2204
3403
8574084
-27
-20
-4
-292
2335
3361
8575109
92
-36
13
-314
2437
3315
8576134
75
-55
11
-206
2610
3264
8577159
-5
-28
-8
-221
2461
3296
8578184
52
-1
1
-211
2417
3329
8579209
107
28
18
-219
2488
3312
8580234
131
51
45
-239
2402
3333
8581259
283
74
75
-247
2304
3362
8582284
478
69
73
-299
2504
3209
8583309
450
37
26
-304
2791
3114
8584334
214
4
-18
-337
2926
3062
8585359
-150
-42
-32
-359
2943
3048
8578176
-493
-65
-15
-364
2716
3208
8579201
-451
-69
-5
-366
2099
3404
8580226
-6
-76
16
-318
2164
3390
8581251
234
-82
37
-226
2623
3247
8582276
161
-46
41
-125
2732
3179
8583301
18
7
42
-140
2570
3211
8584326
-1
24
35
-186
2463
3244
8585351
9
24
-21
-227
2669
3177
8586376
-97
44
-50
-233
2538
3269
8587401
-56
41
-32
-233
2579
3258
8588426
-52
53
-34
-251
2611
3255
8589451
-60
47
-51
-246
2493
3255
8590476
-73
17
-55
-267
2527
3265
8591501
-32
32
-39
-310
2319
3322
8592526
115
24
-23
-370
2581
3222
8593551
82
31
2
-361
2712
3229
8586368
60
60
60
-311
2459
3279
8587393
150
46
90
-288
2453
3257
8588418
205
27
73
-268
2574
3205
8589443
191
29
53
-270
2593
3201
8590468
165
35
33
-282
2686
3178
8591493
58
34
43
-290
2673
3183
8592518
37
43
70
-304
2548
3240
8593543
113
44
34
-280
2677
3174
8594568
39
37
7
-280
2694
3165
8595593
-36
33
-20
-303
2636
3184
8596618
-37
24
-38
-306
2556
3206
8597643
-2
1
-35
-336
2595
3178
8598668
-40
-11
-30
-333
2635
3177
8599693
-70
-9
-19
-318
2611
3198
8600718
-63
-7
-11
-308
2576
3204
8601743
-29
-1
1
-304
2579
3210
8594560
2
2
7
-318
2588
3194
8595585
-10
-3
5
-317
2628
3184
8596610
-50
-12
5
-309
2619
3190
8597635
-90
-19
-6
-300
2610
3203
8598660
-103
-20
-10
-302
2551
3218
8599685
-75
-17
-15
-296
2568
3227
8600710
-43
-9
-18
-308
2541
3230
8601735
-15
-13
-8
-333
2583
3217
8602760
-31
-15
-1
-311
2639
3221
8603785
-56
-12
-10
-296
2561
3220
8604810
-62
-11
-21
-306
2555
3227
8605835
-53
-10
-18
-306
2539
3243
8606860
-36
-7
3
-323
2546
3240
8607885
-31
-5
16
-314
2597
3224
8608910
-63
-1
19
-305
2584
3232
8609935
-80
0
23
-303
2531
3244
8602752
-50
3
21
-302
2485
3266
8603777
4
2
11
-296
2512
3261
8604802
46
3
7
-307
2529
3262
8605827
51
-1
11
-314
2611
3225
8606852
1
1
15
-313
2610
3229
8607877
-34
6
20
-304
2557
3256
8608902
-13
7
14
-299
2506
3250
8609927
7
5
2
-306
2572
3242
8610952
-11
7
-6
-304
2561
3245
8611977
-23
8
-14
-303
2548
3240
8613002
-25
7
-18
-307
2551
3249
8614027
-26
3
-4
-314
2542
3252
8615052
-23
5
5
-321
2561
3244
8616077
-32
11
0
-306
2555
3245
8617102
-33
12
3
-324
2524
3257
8618127
-20
5
5
-323
2528
3257
8610944
-11
-2
11
-340
2531
3258
8611969
-9
-4
15
-322
2531
3253
8612994
-7
-6
23
-321
2558
3247
8614019
-22
-8
20
-320
2553
3257
8615044
-21
-8
18
-311
2491
3264
8616069
12
-7
23
-310
2492
3263
8617094
41
-8
21
-309
2534
3259
8618119
43
-7
14
-307
2572
3250
8619144
16
-8
5
-312
2588
3237
8620169
-7
-6
3
-309
2517
3249
8621194
2
-6
7
-303
2546
3252
8622219
-11
-5
-11
-307
2620
3237
8623244
-53
1
-30
-311
2524
3257
8624269
-23
0
-23
-315
2460
3265
8625294
14
-7
-18
-326
2576
3239
8626319
