Device = VHR-0009
time_stamp = 1777440838769
sample_rate = 50
Data format = INT16
TYPE = 6-AXIS IMU RAW DATA
34
-16
16
412
-2094
3720
2663553
37
-9
18
448
-2051
3784
2664578
21
12
18
466
-2095
3785
2665603
31
37
12
567
-2102
3801
2666628
29
67
16
631
-2092
3782
2667653
29
98
41
608
-2142
3755
2668678
67
135
77
679
-2212
3756
2669703
118
157
134
610
-2170
3789
2670728
129
162
171
540
-2164
3757
2671753
122
169
184
486
-2152
3691
2672778
193
188
229
350
-2163
3785
2673803
286
189
256
211
-2069
3771
2674828
318
159
252
125
-1870
3684
2675853
285
133
244
42
-1814
3734
2676878
217
111
185
27
-1791
3793
2677903
127
76
135
60
-1814
3690
2678928
144
62
133
13
-1849
3788
2671745
158
55
71
148
-1835
3829
2672770
123
45
51
181
-1843
3805
2673795
114
38
74
136
-1863
3852
2674820
106
33
81
135
-1824
3844
2675845
82
23
63
334
-1859
3826
2676870
76
3
67
631
-1864
3759
2677895
67
-17
118
513
-1808
3733
2678920
34
-43
147
296
-1735
3722
2679945
-17
-95
138
157
-1662
3696
2680970
-122
-143
129
97
-1784
3777
2681995
-204
-175
109
49
-1875
3876
2683020
-279
-195
107
-39
-1976
3842
2684045
-306
-197
113
-159
-2090
3819
2685070
-266
-194
109
-247
-2113
3815
2686095
-209
-188
109
-258
-2096
3871
2687120
-118
-143
95
-284
-2149
3972
2679936
39
-90
48
-261
-2065
3862
2680961
134
-60
4
-70
-1748
3787
2681986
44
-62
-21
-18
-1650
3729
2683011
-30
-89
-41
-29
-1710
3762
2684036
-71
-121
-124
392
-1747
3825
2685061
-173
-139
-152
487
-1930
3748
2686086
-147
-167
-94
486
-1913
3786
2687111
-220
-172
-80
541
-2085
3842
2688136
-221
-152
-60
517
-2132
3840
2689161
-195
-105
-41
459
-2091
3821
2690186
-199
-61
-32
426
-2159
3806
2691211
-179
-26
-25
372
-2205
3750
2692236
-145
-7
-24
345
-2148
3708
2693261
-132
-5
-18
325
-2142
3689
2694286
-111
-14
-14
300
-2116
3678
2695311
-98
-26
-20
293
-2105
3660
2688127
-86
-39
-26
303
-2117
3667
2689152
-73
-54
-32
315
-2123
3682
2690177
-60
-62
-39
343
-2116
3688
2691202
-46
-57
-41
370
-2130
3701
2692227
-37
-48
-41
407
-2110
3725
2693252
-56
-42
-38
431
-2108
3726
2694277
-70
-34
-29
410
-2102
3702
2695302
-92
-32
-32
415
-2110
3671
2696327
-91
-21
-38
409
-2157
3653
2697352
-68
-14
-38
415
-2157
3668
2698377
-56
-15
-30
412
-2168
3688
2699402
-53
-13
-16
403
-2174
3689
2700427
-52
-11
-5
393
-2179
3668
2701452
-41
-7
-1
396
-2158
3663
2702477
-38
-6
-4
400
-2161
3655
2703502
-33
0
-7
402
-2162
3683
2696365
-41
6
-5
389
-2159
3683
2697390
-46
2
-6
394
-2200
3663
2698415
-33
5
-4
395
-2146
3653
2699440
-53
5
-4
401
-2201
3644
2700465
-38
3
-3
397
-2207
3651
2701490
-24
0
0
390
-2189
3648
2702515
-21
-3
4
391
-2193
3656
2703540
-14
-2
1
397
-2190
3647
2704565
-8
-3
1
399
-2188
3652
2705590
-13
-4
8
404
-2173
3676
2706615
-22
-2
12
383
-2196
3658
2707640
-19
-4
9
367
-2206
3622
2708665
-5
-6
6
387
-2205
3640
2709690
-4
-10
5
393
-2216
3654
2710715
0
-11
4
399
-2206
3649
2711740
5
-9
7
402
-2194
3650
2704512
13
-8
13
391
-2186
3650
2705537
15
-5
14
389
-2186
3658
2706562
12
0
7
391
-2169
3683
2707587
-7
2
2
393
-2163
3674
2708612
-25
7
5
395
-2195
3666
2709637
-29
15
8
375
-2190
3658
2710662
-22
14
10
377
-2221
3629
2711687
10
20
4
414
-2272
3616
2712712
96
40
8
490
-2366
3666
2713737
171
64
53
531
-2303
3657
2714762
245
110
99
500
-2466
3717
2715787
448
177
125
532
-2419
3749
2716812
673
290
155
491
-2284
3935
2717837
884
412
189
375
-2045
3960
2718862
865
426
209
189
-1717
3741
2719887
651
384
214
144
-1700
3906
2712703
530
373
178
79
-1830
3855
2713728
540
313
123
11
-1561
3568
2714753
417
240
77
5
-1538
3747
2715778
314
194
25
-6
-1741
3824
2716803
340
149
-9
-54
-1595
3766
2717828
242
102
-34
-97
-1549
3870
2718853
115
62
-55
-31
-1754
3973
2719878
18
4
-33
-49
-1619
3885
2720903
-166
-88
-10
-113
-1683
4037
2721928
-151
-218
80
-271
-2279
4394
2722953
217
-387
126
-462
-1619
4710
2723978
-5
-619
67
351
-1790
4130
2725003
96
-430
347
2937
-3786
7196
2726028
785
-24
691
-366
-1340
2365
2727053
-181
413
344
-978
-96
1574
2728078
-1300
459
183
72
-1244
1546
2720896
-515
431
-53
-31
-1655
2538
2721921
486
290
-290
209
-1562
3977
2722946
778
91
-267
734
-1944
5402
2723971
540
92
25
215
-1819
5101
2724996
-204
246
135
-776
-1375
4589
2726021
-955
-101
128
-1744
-1458
3857
2727046
-810
-648
105
-288
-2116
5012
2728071
-19
-688
23
1545
-2187
4637
2729096
81
-709
582
2368
-3849
4061
2730121
627
-24
391
-1031
-1937
2207
2731146
-103
406
390
-761
-227
1900
2732171
-925
394
78
-99
-1093
2302
2733196
-137
327
-226
-479
-1574
3328
2734221
751
89
-480
23
-1369
4265
2735246
913
-95
-507
114
-1308
4560
2736271
436
-216
-390
194
-1457
4806
2729088
-322
-252
-193
212
-1736
4659
2730113
-623
-162
-89
210
-1974
4357
2731138
-528
-46
-41
235
-2166
4107
2732163
-332
36
-47
277
-2193
3860
2733188
-145
58
-35
245
-2233
3910
2734213
19
42
27
213
-2221
3937
2735238
141
31
70
176
-1857
3819
2736263
90
22
76
86
-1735
3670
2737288
50
-1
61
69
-1821
3722
2738313
132
-8
53
52
-1741
3898
2739338
128
-28
45
44
-1650
3903
2740363
29
-42
34
63
-1700
3907
2741388
1
-24
17
118
-1750
3932
2742413
25
7
12
120
-1715
3988
2743438
-12
20
16
177
-1828
3985
2744463
-36
23
20
162
-1815
3908
2737280
-59
2
12
120
-1772
3753
2738305
-76
-29
-11
82
-1813
3713
2739330
-49
-59
-35
106
-1829
3822
2740355
-19
-62
-36
158
-1872
3973
2741380
-3
-47
-10
189
-1878
3976
2742405
-16
-23
9
136
-1851
3898
2743430
-15
-4
16
133
-1829
3877
2744455
-5
5
19
140
-1800
3909
2745480
-20
2
14
107
-1784
3874
2746505
-26
-6
7
128
-1799
3843
2747530
-29
-13
1
121
-1795
3814
2748555
-39
-23
-13
137
-1805
3862
2749580
-43
-24
-13
157
-1866
3920
2750605
-25
-14
-8
137
-1852
3895
2751630
-17
-5
-12
153
-1843
3882
2752655
-19
1
-9
149
-1832
3883
2745472
-25
9
-9
137
-1821
3854
2746497
-29
10
-12
122
-1827
3845
2747522
-24
7
-19
137
-1828
3867
2748547
-27
1
-19
133
-1851
3837
2749572
-19
1
-27
164
-1892
3875
2750597
-15
19
-15
153
-1845
3970
2751622
-45
25
-5
142
-1845
3849
2752647
-44
17
-12
166
-1877
3797
2753672
3
19
-13
147
-1819
3875
2754697
-3
14
-18
127
-1805
3837
2755722
-16
14
-27
120
-1837
3845
2756747
-13
8
-37
113
-1812
3878
2757772
-40
5
-38
132
-1874
3912
2758797
-34
27
-35
159
-1860
3966
2759822
-22
50
-37
158
-1806
3906
2760847
-38
54
-39
139
-1846
3858
2753663
-45
49
-39
160
-1912
3876
2754688
-13
58
-31
145
-1886
3892
2755713
12
66
-38
83
-1807
3858
2756738
-6
39
-57
61
-1795
3744
2757763
-25
2
-80
63
-1795
3738
2758788
-63
-25
-98
68
-1849
3797
2759813
-56
-28
-101
134
-1966
3891
2760838
-29
-33
-73
132
-1952
3917
2761863
-76
-80
-21
65
-2067
3827
2762888
-38
-167
23
11
-2052
3726
2763913
93
-260
53
57
-2238
4114
2764938
404
-273
91
205
-2192
4795
2765963
418
-209
111
448
-1877
4983
2766988
621
24
72
859
-2740
4980
2768013
930
-25
703
1230
-1008
4298
2769038
-665
31
518
-984
-1037
1132
2761856
-1244
347
333
121
-2070
2502
2762881
-547
441
216
422
-1847
2725
2763906
377
564
9
-225
-1492
3184
2764931
480
269
-219
-448
-992
3427
2765956
282
-71
-252
59
-1443
4631
2766981
335
-81
-203
261
-1763
5145
2768006
-40
9
-85
-532
-1126
4549
2769031
-873
-204
-219
-976
-1573
3801
2770056
-946
-622
-223
-141
-2378
4325
2771081
-425
-730
-186
316
-2061
4783
2772106
222
-681
-230
1972
-3278
5097
2773131
758
-532
533
2131
-4196
3657
2774156
1634
361
192
-1072
-1148
2276
2775181
-319
586
373
-74
-752
2449
2776206
-1295
576
220
40
-1527
2423
2777231
-553
473
38
-405
-1308
3026
2770153
145
143
-257
85
-1697
3724
2771178
795
27
-394
24
-1586
4465
2772203
784
-59
-340
-92
-1320
4885
2773228
12
-193
-196
-17
-1387
4590
2774253
-697
-217
-204
-59
-1502
4075
2775278
-920
-225
-217
177
-2042
3865
2776303
-701
-146
-249
534
-2428
4018
2777328
-395
-28
-250
565
-2397
3902
2778353
-220
56
-150
405
-2335
3828
2779378
-115
89
-34
411
-2521
3805
2780403
43
98
61
282
-2301
3638
2781428
169
82
108
137
-2060
3634
2782453
229
34
115
110
-2037
3604
2783478
269
-19
109
39
-1885
3660
2784503
262
-30
79
89
-1816
3895
2785528
197
-37
68
134
-1817
3933
2778241
101
-37
47
119
-1734
3887
2779266
5
-45
24
175
-1772
3847
2780291
-43
-49
5
225
-1864
3835
2781316
-56
-37
-12
273
-1896
3880
2782341
-71
-18
-17
242
-1905
3843
2783366
-71
-7
-18
246
-1959
3834
2784391
-51
4
2
233
-2029
3834
2785416
-31
3
10
183
-1970
3787
2786441
-28
-8
15
194
-1978
3803
2787466
-11
-13
20
170
-1982
3769
2788491
10
-19
15
146
-1978
3749
2789516
39
-21
15
197
-1946
3860
2790541
21
-23
19
198
-1910
3811
2791566
10
-19
12
220
-1942
3818
2792591
24
-13
14
238
-1896
3839
2793616
3
-15
11
203
-1913
3763
2786432
11
-13
-4
224
-1957
3786
2787457
31
-9
-3
242
-1956
3874
2788482
20
-4
2
216
-1887
3867
2789507
-18
-3
1
203
-1904
3816
2790532
-16
-2
3
208
-1937
3813
2791557
0
1
0
198
-1888
3799
2792582
-7
6
-4
204
-1913
3843
2793607
-21
1
0
199
-1933
3828
2794632
-21
-2
0
194
-1942
3792
2795657
-4
-4
-2
196
-1934
3789
2796682
-9
-14
-5
182
-1928
3805
2797707
-14
-19
-6
203
-1971
3822
2798732
-6
-12
-8
228
-1961
3818
2799757
0
-7
-12
282
-1963
3822
2800782
9
0
-6
301
-1931
3808
2801807
27
13
9
282
-1906
3834
2794624
35
20
31
200
-1887
3837
2795649
8
16
35
117
-1860
3839
2796674
-37
2
21
75
-1884
3787
2797699
-38
-4
-11
96
-1937
3798
2798724
-12
-3
-32
183
-1975
3834
2799749
-15
1
-35
263
-1963
3850
2800774
-31
10
-18
303
-1991
3830
2801799
-4
20
6
269
-1948
3778
2802824
14
18
24
220
-1946
3753
2803849
30
7
24
190
-1944
3779
2804874
34
0
17
174
-1929
3817
2805899
32
12
17
197
-1929
3882
2806924
9
21
13
182
-1953
3772
2807949
8
29
5
248
-1983
3853
2808974
39
75
25
243
-1888
4023
2809999
-16
86
35
191
-1927
3822
2802815
-28
68
22
205
-1920
3674
2803840
5
60
15
161
-1916
3792
2804865
25
51
8
131
-1962
3812
2805890
36
38
6
114
-1970
3803
2806915
68
48
6
118
-1893
3917
2807940
58
50
9
89
-1869
3845
2808965
29
28
-7
107
-1819
3773
2809990
-6
-1
-24
132
-1849
3760
2811015
-18
-30
-32
115
-1822
3862
2812040
-77
-110
15
52
-2168
4323
2813065
88
-279
129
-257
-2341
4213
2814090
615
-451
16
-299
-1284
3715
2815115
382
-719
17
1467
-2873
4326
2816140
1286
-235
593
2614
-4113
6305
2817165
1568
283
485
-1349
-263
1868
2818190
-925
438
478
-396
-730
2371
2811008
-1574
308
311
237
-1848
2159
2812033
-111
387
56
-165
-1356
2889
2813058
824
261
-222
64
-1416
3886
2814083
917
121
-269
258
-1468
5132
2815108
447
57
-132
112
-1219
5263
2816133
-252
127
-20
-223
-1136
4890
2817158
-940
-51
-15
-872
-1482
3867
2818183
-902
-429
-77
-305
-1999
4175
2819208
-107
-552
-202
854
-2176
4620
2820233
520
-657
197
2449
-3032
4682
2821258
464
-445
336
-76
-2726
1651
2822283
45
330
242
-768
-806
2487
2823308
-971
430
103
227
-1278
2809
2824333
-447
609
-115
-23
-1818
3951
2825358
352
391
-353
-45
-1816
4336
2826383
660
143
-333
2
-1648
4472
2819200
449
21
-210
-231
-1162
4376
2820225
-284
-138
-137
-277
-1037
3885
2821250
-748
-248
-136
31
-1703
3912
2822275
-503
-212
-207
530
-2428
4188
2823300
-166
-97
-219
603
-2146
4089
2824325
-246
-11
-177
356
-2037
3830
2825350
-361
9
-128
249
-2161
3628
2826375
-188
47
-73
271
-2227
3835
2827400
-35
40
-1
228
-2140
3829
2828425
3
7
40
138
-1985
3753
2829450
20
-29
63
147
-1976
3778
2830475
53
-30
56
116
-1826
3803
2831500
43
-30
28
90
-1772
3806
2832525
23
-44
19
188
-1935
3836
2833550
22
-44
12
222
-1874
3846
2834575
-17
-31
9
258
-1905
3910
2827392
-16
-4
16
263
-1907
3893
2828417
-52
7
17
206
-1939
3805
2829442
-55
17
4
233
-2003
3853
2830467
-41
11
8
218
-1972
3805
2831492
-27
8
12
204
-1969
3769
2832517
-7
-3
19
205
-1948
3770
2833542
-1
-16
20
206
-1913
3788
2834567
-8
-22
19
219
-1937
3806
2835592
17
-14
20
215
-1996
3835
2836617
56
11
20
220
-1907
3906
2837642
21
28
24
206
-1909
3859
2838667
-7
29
23
200
-1989
3792
2839692
22
27
14
191
-1898
3792
2840717
12
17
8
199
-1910
3790
2841742
7
5
2
180
-1927
3795
2842767
9
-8
-2
182
-1906
3782
2835584
17
-10
-6
192
-1933
3863
2836609
24
-5
1
180
-1899
3847
2837634
6
1
2
176
-1895
3836
2838659
-6
1
0
180
-1903
3817
2839684
-8
1
-5
178
-1902
3830
2840709
-8
-2
-6
193
-1917
3817
2841734
-11
-4
-5
196
-1937
3806
2842759
-4
-5
-8
195
-1920
3795
2843784
1
-7
-6
210
-1981
3839
2844809
29
3
-3
222
-1933
3884
2845834
18
17
7
190
-1866
3863
2846859
-16
18
7
182
-1892
3787
2847884
-12
5
-3
176
-1915
3746
2848909
11
-3
-10
188
-1918
3818
2849934
14
6
-7
193
-1916
3875
2850959
-6
10
-8
156
-1962
3769
2843777
-27
-16
-17
192
-2063
3715
2844802
21
39
10
294
-2144
4224
2845827
36
120
68
177
-1890
4111
2846852
-70
149
79
119
-1799
3761
2847877
-75
128
62
179
-1863
3659
2848902
1
91
32
155
-1740
3663
2849927
-28
18
-9
99
-1709
3597
2850952
-71
-56
-35
73
-1798
3680
2851977
-98
-100
-47
88
-1930
3790
2853002
-121
-127
-43
109
-2182
3935
2854027
-2
-102
-11
175
-2310
4067
2855052
175
-64
30
206
-2175
4106
2856077
270
-33
68
206
-1954
4353
2857102
169
-130
96
-106
-1990
3961
2858127
170
-353
84
-46
-2338
3134
2859152
936
-277
146
1738
-2633
5919
2851969
1235
-40
667
750
-1934
4268
2852994
188
279
371
-932
-1007
1771
2854019
-994
434
442
334
-1748
3041
2855044
-670
575
323
179
-1884
2774
2856069
329
477
1
-637
-1008
2808
2857094
572
28
-206
-11
-1635
3927
2858119
888
-37
-204
199
-1272
4825
2859144
473
-7
-135
-259
-871
4900
2860169
-541
-107
-112
-563
-1056
4048
2861194
-1014
-288
-293
-279
-1484
3821
2862219
-915
-542
-269
-65
-2126
4454
2863244
-389
-668
-324
93
-2272
4568
2864269
470
-658
-361
1751
-2875
4801
2865294
1052
-372
420
2503
-3631
5090
2866319
734
247
278
-1135
-825
1903
2867344
-1377
651
397
-145
-1172
2842
2860160
-1621
720
228
342
-2267
2535
2861185
6
676
-69
-508
-1616
2936
2862210
787
192
-337
-302
-1538
3375
2863235
920
-129
-332
-178
-1362
4218
2864260
401
-296
-264
-250
-1237
4660
2865285
-415
-417
-199
-122
-1359
4280
2866310
-756
-385
-218
240
-1976
4255
2867335
-606
-231
-225
725
-2467
4403
2868360
-386
-2
-184
691
-2296
4243
2869385
-405
120
-89
458
-2263
3813
2870410
-288
159
-16
434
-2437
3651
2871435
-11
150
36
316
-2226
3520
2872460
102
87
63
186
-1987
3524
2873485
71
-4
80
116
-2032
3549
2874510
114
-37
71
115
-2023
3801
2875535
131
-37
60
93
-1951
3897
2868352
114
-11
50
34
-1870
3951
2869377
48
-10
43
73
-1838
3852
2870402
-23
-11
33
171
-1916
3848
2871427
-24
5
20
246
-1922
3854
2872452
-29
12
12
223
-1935
3778
2873477
-43
-5
0
189
-1932
3680
2874502
-63
-38
-14
185
-2003
3706
2875527
-8
-33
-13
249
-2057
3884
2876552
7
-25
1
216
-1964
3860
2877577
-17
-16
14
226
-2012
3828
2878602
5
-2
24
191
-1939
3796
2879627
-10
-3
23
189
-1964
3760
2880652
6
-1
16
206
-1992
3810
2881677
24
-1
13
207
-1972
3813
2882702
28
2
11
182
-1976
3781
2883727
37
-8
4
176
-1978
3752
2876545
70
-6
-9
198
-2017
3790
2877570
107
8
-11
209
-1997
3859
2878595
81
10
3
179
-1940
3845
2879620
28
5
10
211
-1952
3816
2880645
19
1
6
256
-1923
3797
2881670
21
4
6
239
-1891
3806
2882695
12
10
17
169
-1884
3842
2883720
-4
10
11
140
-1905
3828
2884745
-16
7
5
119
-1925
3796
2885770
-10
5
3
85
-1940
3794
2886795
-7
-6
2
74
-1954
3819
2887820
-17
-24
1
122
-1968
3823
2888845
-23
-28
9
164
-2008
3819
2889870
-5
-15
16
181
-2011
3808
2890895
14
-5
25
218
-2024
3813
2891920
22
-9
36
253
-2013
3811
2884737
31
-11
44
237
-2005
3794
2885762
63
3
55
244
-1960
3861
2886787
69
32
71
208
-1886
3895
2887812
42
39
65
172
-1856
3774
2888837
30
22
41
189
-1857
3717
2889862
36
3
26
186
-1834
3792
2890887
22
-4
17
194
-1848
3848
2891912
13
-7
16
167
-1832
3828
2892937
-3
-7
13
164
-1889
3836
2893962
5
9
16
135
-1874
3903
2894987
-17
6
16
114
-1870
3851
2896012
-40
-8
14
148
-1915
3796
2897037
-27
-16
8
155
-1881
3767
2898062
-33
-16
-4
187
-1923
3828
2899087
-42
-14
-7
196
-1927
3857
2900112
-38
-11
0
207
-1915
3837
2892928
-19
-4
7
223
-1894
3825
2893953
-18
-2
4
219
-1874
3816
2894978
-50
-3
-9
222
-1906
3847
2896003
-69
6
-21
217
-1954
3866
2897028
-75
15
-24
192
-1958
3888
2898053
-69
13
-3
198
-2243
4280
2899078
84
-59
89
-52
-2564
4243
2900103
601
-225
167
-36
-2368
4024
2901128
930
-337
155
611
-1981
4296
2902153
888
-254
393
1694
-1795
5873
2903178
-179
-143
630
-492
-2048
1571
2904203
-642
327
330
-397
-1424
2424
2905228
-577
464
316
518
-1822
3054
2906253
263
554
79
-107
-1621
3214
2907278
677
325
-95
-228
-1228
3427
2908303
515
115
-203
-125
-1221
4169
2901120
329
5
-251
16
-1418
4574
2902145
42
-20
-192
-56
-1339
4521
2903170
-460
-35
-170
-234
-1434
4213
2904195
-782
-148
-253
-384
-1854
3826
2905220
-701
-436
-265
-549
-2006
4044
2906245
-342
-702
-250
105
-2750
4847
2907270
749
-585
-281
1925
-2555
5600
2908295
666
-511
470
1839
-2820
3530
2909320
272
118
168
-1217
-1888
1575
2910345
-774
442
339
-10
-1043
2797
2911370
-1057
542
179
475
-2029
3184
2912395
160
581
-35
-129
-1744
3559
2913420
643
289
-226
-143
-1400
3981
2914445
476
-16
-258
-225
-1298
3999
2915470
219
-231
-258
-237
-1224
3897
2916495
-134
-340
-234
73
-1550
4349
2909312
-242
-275
-242
463
-2066
4560
2910337
-232
-111
-205
519
-1965
4345
2911362
-459
32
-162
465
-2153
4079
2912387
-441
112
-90
396
-2430
3880
2913412
-100
142
-13
297
-2229
3661
2914437
110
109
30
259
-2014
3567
2915462
59
39
67
124
-1996
3594
2916487
79
-20
72
95
-1973
3655
2917512
185
-46
70
74
-1854
3801
2918537
224
-44
71
152
-1781
3917
2919562
130
-34
66
136
-1842
3911
2920587
120
-8
48
178
-1774
3986
2921612
103
19
49
219
-1678
3928
2922637
-17
20
27
157
-1767
3914
2923662
-25
7
14
247
-1801
3903
2924687
-19
15
11
263
-1822
3810
2917503
-82
14
-8
187
-1872
3766
2918528
-76
-4
-4
202
-1900
3792
2919553
-39
0
-4
156
-1865
3828
2920578
-30
-5
-9
154
-1877
3900
2921603
-12
-11
5
213
-1974
3907
2922628
33
8
24
186
-1882
3873
2923653
-14
25
21
143
-1852
3861
2924678
-34
25
18
189
-1902
3841
2925703
-6
28
14
154
-1864
3806
2926728
-7
13
7
153
-1835
3800
2927753
-24
-4
4
161
-1828
3805
2928778
-43
-11
-9
160
-1819
3827
2929803
-70
-17
-18
163
-1857
3846
2930828
-87
-15
-23
120
-1887
3891
2931853
-101
-17
-20
162
-1919
3864
2932878
-105
-22
-29
208
-1985
3773
2925697
-86
-30
-41
261
-2007
3787
2926722
-70
0
-27
269
-1942
3922
2927747
-109
26
-3
208
-1962
3881
2928772
-98
25
7
217
-1958
3769
2929797
-36
19
10
201
-1907
3751
2930822
11
5
-1
184
-1882
3805
2931847
16
0
-6
173
-1823
3882
2932872
-28
-7
-15
162
-1792
3889
2933897
-92
-18
-23
162
-1842
3833
2934922
-113
-5
-31
202
-1936
3836
2935947
-94
18
-31
210
-2017
3829
2936972
-62
25
-19
200
-2032
3790
2937997
-35
24
-6
208
-1997
3764
2939022
-14
21
2
183
-1978
3734
2940047
3
11
-4
154
-1998
3727
2941072
29
0
-6
169
-2001
3808
2933888
51
12
0
175
-1921
3879
2934913
9
14
3
158
-1935
3824
2935938
-15
2
-8
168
-1986
3748
2936963
25
26
-8
194
-1939
3907
2937988
5
55
1
184
-1920
3927
2939013
-51
45
1
170
-1917
3772
2940038
-65
29
-9
117
-1963
3702
2941063
-25
-2
-32
71
-1906
3672
2942088
-29
-47
-47
88
-1882
3741
2943113
-69
-60
-46
202
-2055
3897
2944138
-47
-22
-26
287
-2114
3952
2945163
-20
24
7
199
-2036
3843
2946188
-7
29
19
176
-2048
3737
2947213
37
27
19
177
-1986
3767
2948238
52
5
31
164
-2100
4075
2949263
99
-79
100
2
-2328
4327
2942080
384
-193
151
-231
-1956
4320
2943105
717
-366
96
262
-2000
3237
2944130
688
-545
383
2122
-2985
4681
2945155
615
36
452
-408
-1705
3151
2946180
119
337
242
-608
-829
2787
2947205
-610
446
261
697
-1924
3649
2948230
-78
557
130
138
-1889
3801
2949255
356
358
-13
-48
-1464
3765
2950280
320
210
10
-132
-1156
4061
2951305
-57
106
3
-447
-934
3900
2952330
-488
-131
-84
-563
-1309
3477
2953355
-456
-408
-269
-417
-1464
4094
2954380
-388
-721
-290
-161
-2021
4584
2955405
34
-791
-313
348
-2410
4618
2956430
651
-774
-41
3054
-3343
5449
2957455
596
-310
344
59
-2589
2603
2950272
-119
294
223
-802
-1019
2666
2951297
-1432
452
261
776
-2072
3216
2952322
-667
661
145
304
-2183
3516
2953347
449
618
-21
-91
-1605
3650
2954372
665
293
-182
-308
-1209
3569
2955397
376
-80
-230
-401
-1011
3612
2956422
36
-319
-242
-134
-1338
4271
2957447
-171
-363
-220
325
-1893
4588
2958472
-237
-206
-240
542
-1861
4441
2959497
-454
-47
-237
416
-2100
4111
2960522
-569
58
-186
448
-2266
3940
2961547
-493
169
-126
392
-2260
3840
2962572
-297
206
-82
249
-2258
3650
2963597
-100
155
-15
208
-2239
3538
2964622
-46
44
29
41
-1998
3370
2965647
-42
-62
38
64
-2099
3605
2958464
74
-103
36
183
-2191
3754
2959489
125
-102
29
83
-2042
3852
2960514
115
-62
20
200
-1956
4097
2961539
55
-15
44
259
-1908
3997
2962564
-13
23
36
225
-1850
3815
2963589
-48
25
20
256
-1881
3736
2964614
-78
-3
0
192
-1874
3616
2965639
-85
-24
-32
225
-1974
3738
2966664
-59
-31
-29
274
-2105
3826
2967689
-42
-20
-17
204
-2094
3836
2968714
-39
-12
-2
223
-2088
3814
2969739
-26
-4
9
193
-2035
3769
2970764
-19
-13
18
197
-2036
3738
2971789
3
-20
17
193
-2030
3722
2972814
11
-38
8
187
-2053
3698
2973839
47
-39
-5
266
-2059
3844
2966656
33
-31
1
251
-2018
3826
2967681
19
-5
9
262
-2045
3858
2968706
25
14
16
239
-1961
3797
2969731
5
13
13
238
-1976
3739
2970756
20
9
2
234
-1975
3724
2971781
36
1
-1
210
-1972
3773
2972806
35
-5
-5
199
-1979
3790
2973831
20
-22
-11
198
-2018
3765
2974856
33
-10
-7
245
-2018
3854
2975881
37
14
0
233
-1961
3836
2976906
2
20
6
235
-2014
3779
2977931
8
18
6
234
-1983
3756
2978956
23
14
4
231
-1937
3768
2979981
16
10
-3
229
-1932
3813
2981006
2
17
-2
222
-1934
3845
2982031
-15
25
-6
206
-1953
3794
2974848
-26
34
-10
203
-1985
3803
2975873
-28
32
-16
158
-1992
3785
2976898
-31
27
-12
188
-1983
3800
2977923
-37
25
-18
203
-1970
3775
2978948
-49
14
-24
227
-2027
3743
2979973
-34
4
-23
215
-2058
3734
2980998
-1
3
-12
212
-1990
3817
2982023
-17
3
-7
238
-1946
3832
2983048
-48
7
-3
249
-2038
3814
2984073
-31
14
10
226
-2000
3813
2985098
-52
5
16
195
-1950
3716
2986123
-93
-25
15
152
-2024
3658
2987148
-58
-34
1
236
-2121
3806
2988173
-3
-6
1
253
-2065
3882
2989198
-8
9
17
197
-2043
3772
2990223
-19
5
23
182
-2031
3746
2983041
4
-5
33
188
-2106
3915
2984066
59
-44
83
153
-2219
4101
2985091
218
-69
127
87
-2203
4343
2986116
387
-232
124
-205
-2108
3468
2987141
894
-491
105
1032
-3423
4216
2988166
1698
-224
564
1855
-2421
5861
2989191
818
90
488
-1135
-259
1669
2990216
-1082
248
321
-344
-1243
2228
2991241
-1134
260
259
603
-2223
2960
2992266
306
348
-39
-2
-1575
3202
2993291
999
258
-211
1
-1300
4081
2994316
703
113
-206
102
-1192
4763
2995341
37
33
-143
78
-1304
4843
2996366
-439
86
-84
4
-1346
4535
2997391
-705
59
-106
-248
-1641
3894
2998416
-702
-204
-197
-464
-1850
3668
2991235
-445
-529
-200
-31
-2263
4303
2992260
276
-563
-280
712
-2584
4730
2993285
923
-581
150
2605
-2602
5027
2994310
403
-275
381
-392
-2742
1763
2995335
-80
349
245
-644
-896
2301
2996360
-952
455
193
486
-1834
3271
2997385
-207
522
80
160
-2139
3804
2998410
521
366
-71
-65
-1488
4032
2999435
427
152
-142
-167
-1314
4096
3000460
191
-6
-174
-109
-1308
4178
3001485
21
-99
-184
-22
-1222
4148
3002510
-337
-180
-165
168
-1340
4107
3003535
-611
-160
-238
303
-1846
4084
3004560
-638
-97
-279
403
-2057
4065
3005585
-601
-13
-245
416
-2188
4024
3006610
-535
46
-187
384
-2321
3781
2999425
-358
88
-107
333
-2370
3773
3000450
-172
98
-21
330
-2431
3711
3001475
-29
76
42
175
-2206
3521
3002500
5
28
83
127
-2219
3594
3003525
94
-11
96
116
-2156
3683
3004550
154
-42
90
33
-1948
3704
3005575
142
-60
62
162
-1997
3859
3006600
124
-51
63
223
-1938
3909
3007625
65
-33
51
210
-1837
3850
3008650
-3
-26
32
252
-1904
3798
3009675
-10
-15
10
267
-1915
3801
3010700
-34
-15
0
256
-1943
3748
3011725
-42
-7
-3
275
-2060
3808
3012750
-7
6
17
261
-2078
3838
3013775
7
27
28
185
-2028
3803
3014800
2
24
34
175
-2046
3771
3007615
15
16
36
157
-2040
3721
3008640
40
7
27
165
-2041
3747
3009665
61
-5
25
186
-2027
3773
3010690
63
-7
21
188
-1954
3808
3011715
45
-9
19
182
-1933
3791
3012740
36
-13
16
204
-1960
3812
3013765
36
-5
9
205
-1922
3833
3014790
12
-1
4
199
-1931
3798
3015815
-1
-1
1
217
-1950
3810
3016840
-9
0
-2
186
-1914
3789
3017865
-28
-7
-5
198
-1981
3778
3018890
-12
-6
-3
222
-1997
3815
3019915
-10
-6
-2
194
-1980
3803
3020940
-12
-7
1
207
-2019
3807
3021965
-4
-5
7
177
-1970
3777
3022990
-13
-11
3
181
-1984
3775
3015808
4
-9
7
218
-1989
3804
3016833
5
-6
6
186
-1955
3799
3017858
-12
-12
3
195
-1958
3785
3018883
-20
-14
-1
202
-1973
3796
3019908
-19
-11
-5
210
-1998
3786
3020933
0
3
-10
229
-2032
3827
3021958
4
12
1
219
-1986
3839
3022983
-11
16
9
196
-1982
3798
3024008
6
23
11
176
-1983
3762
3025033
9
13
2
163
-1964
3758
3026058
-11
-6
-6
173
-1983
3774
3027083
-14
-15
-5
181
-1999
3819
3028108
-4
-8
2
212
-2016
3832
3029133
-3
1
13
190
-1998
3786
3030158
-4
1
15
209
-1994
3781
3031183
10
3
20
216
-1976
3806
3024001
11
2
19
179
-1954
3765
3025026
5
-4
9
172
-1958
3761
3026051
3
-8
-4
183
-1983
3798
3027076
10
2
-7
201
-1989
3881
3028101
-6
14
-4
184
-1999
3788
3029126
-5
12
-16
201
-2088
3739
3030151
61
26
-13
222
-1945
3842
3031176
24
42
10
170
-1948
3786
3032201
-3
41
23
216
-2110
3825
3033226
67
81
42
183
-1905
3932
3034251
-15
73
33
137
-1898
3701
3035276
-53
44
10
163
-1989
3692
3036301
8
41
5
156
-1930
3887
3037326
22
46
-2
176
-1895
3875
3038351
-36
22
-12
123
-1892
3719
3039376
-73
-29
-21
74
-1912
3728
3032192
-85
-87
-24
123
-1963
3865
3033217
-63
-152
8
142
-2274
4030
3034242
102
-184
69
122
-2300
4281
3035267
311
-210
109
182
-2194
4082
3036292
499
-357
106
446
-2203
3072
3037317
512
-400
267
793
-2105
4021
3038342
327
-177
302
-175
-1901
4200
3039367
125
-54
253
187
-1595
3409
3040392
-268
125
226
243
-1738
3359
3041417
-223
205
119
171
-1768
3361
3042442
76
243
26
205
-1613
3437
3043467
300
265
-90
170
-1490
3710
3044492
274
232
-141
227
-1485
4258
3045517
12
173
-155
229
-1579
4324
3046542
-254
137
-131
107
-1692
4228
3047567
-443
116
-121
-119
-1575
3982
3040384
-595
24
-182
-188
-1927
3690
3041409
-467
-138
-242
-83
-2098
3794
3042434
-346
-362
-190
-115
-1974
4039
3043459
-228
-535
-171
67
-2451
4243
3044484
403
-648
-120
1333
-3713
4363
3045509
1271
-425
424
1998
-2890
5259
3046534
937
-42
471
-957
-1238
1845
3047559
-776
285
486
-36
-1459
2585
3048584
-1333
391
444
522
-2169
2761
3049609
-185
578
189
34
-1738
3300
3050634
707
507
-74
-3
-1458
3976
3051659
920
238
-169
-74
-1430
4301
3052684
768
43
-210
-100
-1077
4425
3053709
169
-137
-164
-232
-862
4032
3054734
-588
-262
-225
-48
-1297
3932
3055759
-809
-221
-347
397
-2089
4180
3048576
-696
-118
-343
474
-2250
4166
3049601
-639
-22
-291
376
-2354
3973
3050626
-524
25
-207
346
-2461
3686
3051651
-313
64
-95
411
-2640
3755
3052676
-53
105
8
387
-2586
3718
3053701
130
104
85
173
-2214
3535
3054726
156
63
113
102
-2135
3552
3055751
214
13
116
84
-2089
3644
3056776
258
-37
90
23
-1889
3692
3057801
221
-71
50
73
-1814
3808
3058826
144
-87
30
174
-1843
3888
3059851
48
-72
9
238
-1861
3908
3060876
-5
-34
-7
295
-1899
3927
3061901
-40
3
-7
288
-1914
3869
3062926
-76
26
-9
290
-1959
3808
3063951
-88
24
-8
252
-1981
3733
3056768
-61
17
-1
226
-2033
3756
3057793
-36
7
8
186
-2058
3718
3058818
-27
-3
2
158
-2070
3773
3059843
-18
-8
9
194
-2089
3829
3060868
-10
-3
15
160
-2056
3758
3061893
13
0
13
181
-2049
3747
3062918
41
4
15
218
-1998
3808
3063943
16
-7
17
204
-1966
3748
3064968
9
-16
9
206
-1961
3752
3065993
23
-14
4
227
-1956
3839
3067018
4
-10
0
199
-1956
3809
3068043
-19
-8
-11
193
-1987
3771
3069068
-16
-5
-14
223
-2046
3820
3070093
-7
7
-9
208
-1989
3825
3071118
-27
5
-1
208
-2013
3763
3072143
-17
2
-3
197
-2026
3750
3064961
-1
-5
2
202
-2018
3779
3065986
6
-13
5
180
-2013
3746
3067011
14
-17
-4
186
-2060
3741
3068036
62
2
-10
222
-2033
3902
3069061
54
21
3
214
-1874
3884
3070086
-40
21
11
194
-1937
3764
3071111
-34
10
-1
198
-1952
3702
3072136
-28
-7
-12
206
-1982
3726
3073161
-23
-13
-19
227
-2036
3823
3074186
-12
-3
-11
197
-2000
3835
3075211
-33
4
-2
194
-2024
3805
3076236
-34
8
3
197
-2019
3770
3077261
-25
8
2
206
-2002
3754
3078286
-26
1
-1
202
-2011
3758
3079311
-27
-11
-5
190
-2005
3758
3080336
-23
-11
-6
232
-2048
3790
3073153
-3
5
2
227
-2033
3819
3074178
-7
12
12
207
-2022
3788
3075203
-15
9
16
210
-2007
3743
3076228
-10
10
9
203
-2015
3763
3077253
6
11
5
198
-2005
3773
3078278
-6
5
-1
183
-2011
3794
3079303
-25
-1
-1
187
-2032
3771
3080328
-17
-1
-3
190
-2062
3750
3081353
10
1
2
206
-2059
3779
3082378
15
0
4
216
-2036
3769
3083403
17
6
8
217
-1989
3777
3084428
8
16
8
205
-1944
3818
3085453
-12
33
13
205
-2022
3819
3086478
-14
38
15
164
-2009
3741
3087503
-32
20
9
159
-2007
3698
3088528
-22
1
-1
172
-2012
3725
3081344
-5
-5
-6
203
-2040
3796
3082369
-14
-5
1
195
-2049
3791
3083394
-13
-5
7
181
-2051
3750
3084419
4
-6
6
190
-2035
3763
3085444
13
-1
5
190
-2004
3799
3086469
6
2
6
185
-2003
3766
3087494
-2
-4
5
187
-2013
3776
3088519
0
-10
6
189
-2075
3829
3089544
44
-25
17
175
-2283
4074
3090569
171
-79
106
28
-2343
4155
3091594
446
-208
122
-33
-2519
3841
3092619
1010
-360
60
583
-2555
3748
3093644
1662
47
176
1536
-1498
5567
3094669
548
200
497
-296
-1044
3161
3095694
-897
245
237
-512
-1631
2208
3096719
-683
253
224
449
-2051
3101
3089536
132
234
51
-18
-1537
3139
3090561
497
98
-140
-138
-1233
3503
3091586
317
-26
-153
152
-1441
4453
3092611
-17
-4
-84
36
-1393
4786
3093636
-380
-15
-78
-240
-1480
4232
3094661
-641
-183
-180
-488
-1795
3852
3095686
-552
-474
-161
-249
-1992
4246
3096711
-166
-581
-180
415
-2322
4876
3097736
860
-478
-74
2367
-3212
5459
3098761
898
-357
527
851
-2893
2568
3099786
187
305
244
-1077
-961
2009
3100811
-1259
434
362
430
-1716
2901
3101836
-733
608
197
394
-2192
3450
3102861
532
564
-9
-64
-1639
3818
3103886
814
283
-139
-243
-1186
3911
3104911
476
-34
-184
-424
-929
3928
3097728
-49
-289
-143
-378
-1081
4173
3098753
-333
-379
-170
135
-1699
4314
3099778
-309
-222
-261
459
-1809
4359
3100803
-507
-90
-302
331
-1827
4090
3101828
-736
-21
-262
422
-2261
4090
3102853
-637
54
-183
515
-2487
3876
3103878
-348
110
-106
337
-2312
3696
3104903
-124
112
-27
298
-2294
3653
3105928
-19
57
36
161
-2136
3497
3106953
20
-5
62
126
-2133
3634
3107978
101
-32
72
107
-2078
3763
3109003
122
-57
61
18
-1908
3734
3110028
96
-60
31
126
-1941
3899
3111053
78
-44
33
197
-1936
3915
3112078
32
-33
17
194
-1882
3819
3113103
6
-7
3
299
-1915
3916
3105920
-34
15
2
265
-1842
3839
3106945
-103
5
-16
252
-1934
3731
3107970
-88
-4
-14
275
-2021
3767
3108995
-49
-3
-11
213
-1967
3759
3110020
-63
-13
-9
199
-2014
3765
3111045
-59
-15
-3
199
-2054
3811
3112070
-52
-16
4
167
-2047
3749
3113095
-45
-20
4
189
-2107
3773
3114120
-3
-11
9
245
-2060
3830
3115145
1
2
22
226
-1995
3795
3116170
2
8
20
206
-2000
3754
3117195
3
-2
7
204
-1986
3743
3118220
-11
-17
-7
196
-1974
3739
3119245
-31
-31
-19
199
-2015
3737
3120270
-16
-29
-24
257
-2127
3809
3121295
38
5
-15
270
-2018
3908
3114112
16
32
11
262
-1975
3845
3115137
-14
35
23
195
-1979
3706
3116162
2
20
12
188
-1998
3683
3117187
29
10
2
206
-2004
3774
3118212
25
6
-7
178
-1973
3793
3119237
1
2
-5
187
-2006
3794
3120262
-7
-5
-6
184
-1993
3775
3121287
-25
-22
-5
210
-2003
3741
3122312
-17
-19
2
245
-2052
3824
3123337
27
20
17
304
-2052
3926
3124362
19
62
43
232
-2019
3862
3125387
-1
69
53
172
-1970
3741
3126412
-6
56
40
163
-1928
3707
3127437
-12
36
21
138
-1921
3710
3128462
-24
1
-3
139
-1941
3725
3129487
-36
-21
-13
146
-2026
3757
3122500
-22
-23
-18
181
-2047
3844
3123525
-20
-9
-8
198
-2045
3837
3124550
-26
-4
2
186
-2016
3770
3125575
-31
-6
6
206
-2019
3771
3126600
-22
-9
8
202
-2018
3758
3127625
-7
-7
6
204
-2019
3788
3128650
-9
-10
3
208
-2015
3789
3129675
-18
-9
3
199
-2037
3778
3130700
-9
3
3
186
-2011
3774
3131725
-17
3
4
182
-1994
3772
3132750
-22
1
4
197
-2023
3791
3133775
-15
6
7
175
-2033
3758
3134800
-8
8
4
176
-2068
3758
3135825
11
9
1
187
-2025
3808
3136850
-6
3
2
169
-2010
3767
3137875
-21
-4
-2
172
-2051
3748
3130496
-3
-4
4
213
-2063
3759
3131521
19
-2
7
204
-2076
3806
3132546
35
-11
21
213
-2122
3975
3133571
42
-13
59
194
-2188
4133
3134596
160
-40
121
95
-2193
4032
3135621
371
-127
129
40
-2064
3418
3136646
637
-118
85
502
-2455
3957
3137671
911
27
241
834
-2268
4847
3138696
478
152
333
58
-1174
3747
3139721
-298
165
264
-282
-1710
2493
3140746
-293
220
137
111
-1804
2985
3141771
90
209
51
132
-1598
3492
3142796
293
149
-90
-6
-1403
3772
3143821
189
43
-132
-29
-1364
4141
3144846
-94
-46
-122
-104
-1460
4274
3145871
-347
-88
-161
-153
-1549
4187
3138689
-487
-148
-235
-213
-2060
4239
3139714
-437
-374
-190
-324
-1974
3876
3140739
-202
-529
-190
198
-2029
4225
3141764
391
-463
-179
1488
-3449
4412
3142789
1138
-258
234
1551
-2871
4158
3143814
641
192
235
-895
-1088
2401
3144839
-681
346
205
149
-1573
2885
3145864
-714
542
123
759
-2054
3875
3146889
42
595
61
326
-1617
4600
3147914
268
419
103
-53
-1718
4038
3148939
-195
134
140
-1035
-838
3002
3149964
-802
-298
14
-818
-1235
3306
3150989
-380
-396
-176
670
-2458
4187
3152014
196
-214
-217
392
-1830
4231
3153039
-167
-131
-235
108
-2003
4145
3154064
-402
-70
-189
397
-2388
4074
3146879
-295
27
-107
339
-2186
3937
3147904
-193
65
-59
286
-2245
3693
3148929
-29
63
-22
270
-2228
3599
3149954
63
42
16
175
-2043
3655
3150979
45
11
21
98
-1960
3700
3152004
30
-15
28
89
-2093
3744
3153029
72
-28
19
39
-2005
3794
3154054
76
-28
7
127
-1959
3868
3155079
28
-25
-1
146
-1948
3804
3156104
-17
-20
-3
179
-1973
3840
3157129
-43
-10
-3
217
-2017
3815
3158154
-57
-6
-8
182
-1991
3715
3159179
-48
-12
-12
229
-2064
3736
3160204
-22
-22
-3
206
-2025
3750
3161229
-20
-30
-2
195
-2039
3787
3162254
3
-19
4
196
-2044
3823
3155072
0
-8
10
147
-1980
3801
3156097
-31
-10
7
168
-2028
3782
3157122
-21
-12
6
167
-2028
3724
3158147
-17
-17
-10
148
-2051
3652
3159172
15
-15
-18
240
-2194
3846
3160197
76
14
2
206
-1965
3916
3161222
-10
19
19
186
-2013
3781
3162247
-28
16
18
164
-2037
3707
3163272
12
4
0
176
-1940
3723
3164297
3
-10
-7
190
-2019
3745
3165322
7
-13
-12
173
-1992
3780
3166347
-9
-18
-14
172
-2039
3757
3167372
1
-14
-16
193
-2093
3815
3168397
26
3
-8
201
-2000
3840
3169422
-1
14
-1
193
-2019
3789
3170447
-10
14
6
183
-2033
3734
3163264
11
9
2
142
-1975
3707
3164289
19
1
-10
170
-2035
3781
3165314
18
-6
-11
179
-1993
3809
3166339
-21
-14
-11
171
-2007
3781
3167364
-29
-21
-8
183
-2061
3746
3168389
5
-14
-7
198
-2040
3784
3169414
14
-7
2
201
-2016
3796
3170439
2
-4
11
205
-1993
3776
3171464
-3
-3
13
188
-2003
3752
3172489
7
-2
5
169
-1986
3755
3173514
-2
-4
-1
180
-2008
3793
3174539
-8
-1
0
171
-1990
3796
3175564
-26
0
2
174
-2031
3769
3176589
-25
-3
1
190
-2058
3742
3177614
-6
-4
1
200
-2031
3784
3178639
-5
0
7
189
-2010
3780
3171456
-14
1
12
171
-2022
3746
3172481
-4
-2
11
165
-2021
3750
3173506
0
-4
7
170
-2023
3786
3174531
-5
1
7
183
-2017
3800
3175556
-17
7
11
186
-2012
3773
3176581
-21
4
10
173
-2040
3739
3177606
-23
-6
10
174
-2020
3742
3178631
-23
-10
7
190
-2037
3767
3179656
-17
-6
4
200
-2060
3796
3180681
-11
4
5
193
-2026
3798
3181706
-20
10
12
183
-2050
3747
3182731
-12
9
11
179
-2039
3754
3183756
-2
5
8
182
-2093
3839
3184781
46
-7
23
135
-2191
3960
3185806
137
-73
69
74
-2279
4051
3186831
351
-141
106
33
-2452
4444
3179648
701
-247
114
132
-2178
4148
3180673
1062
-306
273
1685
-2452
4611
3181698
691
-61
500
-137
-1568
2669
3182723
56
265
206
-659
-1277
2181
3183748
-429
286
234
477
-1685
3343
3184773
-88
309
105
106
-1660
3419
3185798
328
226
-102
-66
-1549
3713
3186823
315
99
-127
188
-1634
4597
3187848
111
147
-39
57
-1291
4844
3188873
-408
148
-12
-401
-1205
4113
3189898
-652
-48
-155
-486
-1763
3842
3190923
-516
-413
-139
-306
-1834
3935
3191948
-336
-689
-212
-71
-2033
4245
3192973
558
-752
-255
1986
-2990
5042
3193998
1034
-618
351
1555
-3345
3242
3195023
855
229
142
-993
-1341
2397
3187839
-778
464
353
336
-1418
3172
3188864
-1007
655
277
322
-2017
3520
3189889
-102
573
77
-187
-1776
3702
3190914
444
293
-123
-75
-1602
3783
3191939
564
101
-176
-307
-1042
3984
3192964
162
-125
-147
-319
-903
4098
3193989
-377
-294
-154
-192
-1266
4057
3195014
-579
-311
-274
236
-1847
4187
3196039
-527
-203
-354
476
-2115
4203
3197064
-601
-97
-341
377
-1996
4043
3198089
-730
-39
-290
396
-2264
3862
3199114
-577
21
-193
473
-2625
3790
3200139
-240
60
-98
358
-2498
3596
3201164
-50
38
-14
272
-2371
3539
3202189
47
32
53
254
-2297
3711
3203214
90
15
95
156
-2180
3673
3196033
120
-10
98
83
-2070
3657
3197058
171
-18
77
90
-1960
3735
3198083
154
-43
55
132
-1917
3779
3199108
98
-48
33
215
-1894
3845
3200133
31
-37
11
269
-1880
3848
3201158
-42
-37
-1
262
-1934
3770
3202183
-58
-22
-14
277
-1984
3805
3203208
-63
-8
-15
282
-2021
3797
3204233
-79
-3
-16
252
-2069
3792
3205258
-73
-2
-10
243
-2086
3755
3206283
-66
-6
-5
201
-2087
3694
3207308
-44
-5
-5
210
-2100
3751
3208333
-30
-8
6
235
-2120
3761
3209358
-16
-4
12
235
-2129
3753
3210383
20
5
19
236
-2072
3735
3211408
32
6
21
215
-2027
3724
3204224
19
-8
10
205
-2025
3703
3205249
18
-17
-4
222
-2030
3759
3206274
13
-14
-6
262
-2057
3819
3207299
-4
-5
-9
243
-2038
3778
3208324
-8
2
-5
266
-2080
3768
3209349
2
1
1
235
-2019
3730
3210374
-2
-4
4
246
-2066
3757
3211399
13
-2
6
209
-2013
3756
3212424
3
-5
3
202
-2029
3747
3213449
-4
-14
0
208
-2026
3735
3214474
-8
-15
-6
210
-2040
3750
3215499
0
-9
-9
253
-2088
3783
3216524
14
2
-3
240
-2029
3780
3217549
-3
2
2
232
-2045
3734
3218574
0
-2
1
230
-2050
3737
3219599
10
-4
-4
237
-2039
3770
3212416
11
-5
-4
234
-2021
3769
3213441
8
-1
-2
238
-2037
3784
3214466
3
10
-1
233
-2004
3794
3215491
-19
9
5
220
-2045
3746
3216516
-12
6
5
234
-2061
3735
3217541
2
4
4
231
-2034
3751
3218566
-12
-3
7
227
-2037
3757
3219591
-17
-8
11
226
-2048
3760
3220616
-2
-4
15
219
-2041
3759
3221641
0
-4
13
220
-2043
3760
3222666
-21
-11
6
213
-2035
3758
3223691
-30
-15
1
224
-2057
3749
3224716
-14
-11
-1
227
-2060
3757
3225741
-10
-8
0
230
-2081
3739
3226766
11
12
5
254
-2082
3771
3227791
22
27
9
245
-2033
3748
3220608
28
38
-4
206
-2029
3744
3221633
31
27
7
235
-2100
3766
3222658
47
42
10
195
-1984
3762
3223683
44
57
8
225
-2014
3758
3224708
26
48
27
222
-2223
3732
3225733
76
61
34
209
-2102
3846
3226758
75
84
56
242
-2082
3916
3227783
66
92
59
163
-1943
3763
3228808
36
46
25
99
-1853
3576
3229833
0
-35
-8
118
-1967
3582
3230858
13
-64
-31
165
-1952
3863
3231883
-10
-59
-28
206
-2002
4165
3232908
-68
-92
59
163
-2309
4101
3233933
53
-147
122
141
-2518
4143
3234958
468
-144
115
204
-2397
4255
3235983
815
-150
73
446
-1785
3522
3228800
665
-216
320
1295
-2155
4060
3229825
42
-2
338
-570
-1380
2882
3230850
-343
119
169
-148
-1486
2847
3231875
-373
168
94
379
-2042
3472
3232900
172
146
-76
-26
-1807
3354
3233925
425
129
-202
80
-1410
4102
3234950
145
106
-195
174
-1281
4503
3235975
-257
75
-114
236
-1784
4380
3237000
-395
121
-55
77
-1835
4213
3238025
-512
64
-102
-101
-1858
3671
3239050
-450
-81
-186
2
-2092
3770
3240075
-278
-316
-128
-52
-2166
4040
3241100
-62
-552
-122
-228
-2177
4036
3242125
695
-626
-54
1554
-3580
4546
3243150
1433
-343
597
2190
-3726
3911
3244175
1277
366
253
-1376
-515
2201
3236991
-627
513
417
67
-1207
3495
3238016
-1224
540
328
647
-2185
3546
3239041
-242
552
126
178
-1917
3921
3240066
538
479
42
-20
-1439
3899
3241091
373
234
55
-704
-663
3495
3242116
-249
-182
-19
-791
-561
3341
3243141
-528
-445
-197
-207
-1488
3756
3244166
-326
-430
-385
469
-2130
4415
3245191
-326
-264
-434
493
-2102
4588
3246216
-663
-136
-383
398
-2171
4143
3247241
-826
-29
-269
429
-2420
3961
3248266
-576
86
-162
584
-2791
3851
3249291
-125
161
-61
393
-2556
3563
3250316
104
139
21
239
-2252
3486
3251341
90
65
71
130
-2180
3415
3252366
64
-16
66
-23
-2139
3443
3245184
162
-54
39
69
-2162
3767
3246209
225
-58
39
71
-2072
3842
3247234
171
-61
29
100
-1980
3816
3248259
111
-46
23
254
-2031
3887
3249284
82
-14
26
256
-1933
3847
3250309
1
-6
15
260
-1933
3749
3251334
-24
-4
-1
283
-1968
3738
3252359
-28
-8
-12
234
-1909
3708
3253384
-68
-17
-27
254
-2033
3747
3254409
-61
-18
-17
240
-2160
3761
3255434
-23
-6
-9
202
-2079
3812
3256459
-40
0
5
194
-2118
3762
3257484
-37
2
12
175
-2119
3730
3258509
-10
1
17
197
-2091
3721
3259534
14
-7
14
171
-2067
3679
3260559
25
-23
4
194
-2052
3717
3253376
13
-32
-3
203
-2013
3758
3254401
-12
-35
-8
231
-2089
3792
3255426
4
-22
0
239
-2089
3799
3256451
13
-9
5
232
-2032
3749
3257476
0
-7
7
256
-2053
3732
3258501
4
-11
11
239
-2030
3727
3259526
14
-10
9
231
-2021
3770
3260551
11
-5
6
200
-2004
3746
3261576
-8
4
-6
184
-2025
3757
3262601
-26
4
-9
199
-2063
3778
3263626
-32
1
-12
211
-2072
3749
3264651
-26
2
-6
237
-2104
3741
3265676
-3
5
-1
217
-2074
3744
3266701
5
0
3
218
-2055
3712
3267726
9
-8
7
201
-2059
3726
3268751
25
-9
6
216
-2051
3761
3261652
25
-1
7
224
-2036
3796
3262677
5
6
10
225
-2034
3802
3263702
-12
9
8
221
-2032
3760
3264727
-13
10
1
210
-2024
3721
3265752
-15
7
-3
205
-2049
3732
3266777
-19
2
-5
199
-2067
3746
3267802
-17
2
-3
209
-2075
3772
3268827
-10
8
-1
221
-2088
3797
3269852
2
29
1
224
-2043
3870
3270877
-4
64
5
208
-2011
3888
3271902
-16
98
5
198
-2004
3839
3272927
21
119
-16
228
-2037
3811
3273952
151
162
-54
178
-2027
3807
3274977
258
188
-86
118
-1914
3831
3276002
203
189
-96
141
-1862
3896
3277027
105
195
-113
81
-1843
3912
3269760
101
203
-134
38
-1859
3827
3270785
121
197
-168
21
-1907
3752
3271810
54
184
-202
-17
-1934
3752
3272835
-80
154
-223
14
-1946
3719
3273860
-181
104
-220
118
-2072
3625
3274885
-173
71
-192
198
-2187
3604
3275910
-142
36
-151
212
-2171
3590
3276935
-130
5
-102
272
-2239
3640
3277960
-51
-12
-55
291
-2287
3674
3278985
39
-16
3
245
-2220
3743
3280010
103
-11
41
167
-2103
3797
3281035
118
-13
55
101
-1992
3805
3282060
108
-22
58
48
-2115
4046
3283085
180
-95
114
-158
-2245
4129
3284110
273
-311
132
-422
-2274
3282
3285135
558
-396
6
779
-2945
4638
3277952
1160
233
360
2326
-1849
7474
3278977
-5
543
647
-352
-1923
2729
3280002
-547
669
440
-558
-1375
1920
3281027
-578
643
374
164
-1733
2682
3282052
57
510
147
-360
-1371
2350
3283077
713
186
-111
-613
-658
2762
3284102
634
-182
-192
-279
-1122
3759
3285127
429
-369
-229
-197
-1632
4095
3286152
135
-390
-279
-239
-1307
4540
3287177
-463
-452
-293
-653
-1529
4547
3288202
-873
-672
-230
-322
-2845
4814
3289227
-462
-619
-173
509
-3185
5370
3290252
752
-309
-29
1968
-2558
5776
3291277
402
-241
657
1109
-2398
3052
3292302
-511
368
326
-939
-2118
1877
3293327
-730
516
423
284
-1654
2666
3286144
-235
695
201
216
-1726
3083
3287169
641
557
30
-339
-1331
3382
3288194
729
96
-91
-528
-1065
3323
3289219
633
-182
-261
-419
-1031
3670
3290244
457
-296
-321
-143
-1334
4347
3291269
90
-353
-294
-152
-1336
4298
3292294
-420
-361
-321
-183
-1452
4341
3293319
-765
-288
-361
442
-2566
4637
3294344
-480
-97
-275
693
-2663
4417
3295369
-199
79
-126
388
-2157
4074
3296394
-138
133
5
259
-2191
3755
3297419
24
124
75
226
-2126
3630
3298444
126
75
111
96
-1901
3580
3299469
156
24
92
-5
-1751
3663
3300494
162
-28
64
-37
-1681
3770
3301519
84
-69
31
-55
-1723
3888
3294336
26
-59
-5
-24
-1712
4035
3295361
-28
-39
-14
25
-1712
4033
3296386
-103
-23
-17
92
-1827
3917
3297411
-119
-12
-28
125
-1845
3839
3298436
-110
-10
-22
187
-1917
3817
3299461
-88
-11
-11
143
-1946
3769
3300486
-64
-28
-12
150
-1933
3773
3301511
-39
-34
2
172
-1984
3862
3302536
-5
-27
16
161
-1914
3915
3303561
-25
-18
28
144
-1901
3894
3304586
-41
-12
29
138
-1895
3854
3305611
-37
0
23
163
-1908
3860
3306636
-34
1
20
154
-1904
3854
3307661
-40
1
16
142
-1898
3841
3308686
-51
-3
13
137
-1920
3827
3309711
-33
4
11
147
-1981
3845
3302528
4
16
19
147
-1990
3846
3303553
24
29
31
153
-2008
3857
3304578
28
31
39
120
-1943
3822
3305603
23
24
37
117
-1919
3801
3306628
43
21
27
97
-1880
3799
3307653
49
5
10
105
-1862
3795
3308678
25
-15
0
117
-1870
3825
3309703
11
-24
-7
101
-1857
3851
3310728
14
-18
-6
118
-1889
3876
3311753
17
-8
-3
94
-1884
3862
3312778
0
-2
-5
108
-1892
3856
3313803
-2
-1
-8
126
-1906
3861
3314828
7
-2
-9
116
-1886
3839
3315853
-8
-13
-11
101
-1866
3790
3316878
-7
-14
-8
161
-1960
3876
3317903
28
-2
4
153
-1898
3883
3310720
21
8
7
109
-1860
3854
3311745
8
6
9
104
-1848
3826
3312770
-3
-1
1
82
-1844
3824
3313795
-9
-9
-11
99
-1878
3835
3314820
-11
-16
-16
110
-1879
3838
3315845
-20
-14
-20
139
-1927
3857
3316870
-9
-9
-14
136
-1918
3864
3317895
-7
-6
-7
123
-1919
3846
3318920
0
-5
-1
136
-1906
3845
3319945
7
-3
5
124
-1873
3848
3320970
2
-6
0
106
-1855
3828
3321995
-13
-17
-9
103
-1868
3831
3323020
-10
-9
-9
155
-1944
3912
3324045
-10
7
-2
133
-1911
3889
3325070
-15
19
2
117
-1905
3857
3326095
-15
16
6
110
-1905
3810
3318912
-17
0
-3
101
-1921
3738
3319937
14
-9
-11
126
-1959
3793
3320962
49
-2
-5
141
-1928
3932
3321987
32
19
7
127
-1859
3940
3323012
-22
16
6
95
-1841
3797
3324037
-28
5
-6
130
-1859
3806
3325062
-11
2
-4
142
-1907
3843
3326087
-16
4
-5
111
-1868
3838
3327112
-31
4
-10
142
-1932
3857
3328137
-12
14
1
126
-1964
3872
3329162
9
18
6
114
-1904
3859
3330187
6
12
6
107
-1901
3845
3331212
8
-6
8
156
-2013
3880
3332237
26
4
30
95
-1873
3910
3333262
-11
-8
27
41
-1929
4054
3334287
26
-52
67
87
-2259
4353
3327103
302
-114
131
-121
-2465
4387
3328128
560
-288
131
-150
-1759
3760
3329153
752
-312
78
1210
-2084
4390
3330178
544
-151
560
919
-1671
4226
3331203
-578
105
343
-955
-1557
1927
3332228
-691
247
245
191
-1754
2727
3333253
-28
380
79
261
-1968
3433
3334278
758
394
-74
97
-1176
4145
3335303
544
255
14
60
-1117
4630
3336328
-215
154
64
-312
-1190
4253
3337353
-593
17
-2
-731
-1436
3779
3338378
-524
-333
-91
-804
-1535
3754
3339403
-335
-675
-179
25
-1912
4510
3340428
190
-617
-246
805
-2836
5001
3341453
794
-685
249
2600
-3144
4971
3342478
14
-75
364
-689
-1790
2157
3335440
-872
388
274
-464
-1475
2534
3336465
-747
626
195
644
-2217
3539
3337490
328
718
78
-94
-1748
3615
3338515
675
401
-49
-322
-1337
3553
3339540
511
89
-141
-340
-1053
3757
3340565
185
-119
-192
-318
-1055
3968
3341590
-150
-259
-188
-322
-1142
4028
3342615
-414
-324
-266
-183
-1491
4147
3343640
-548
-308
-366
321
-2254
4295
3344665
-441
-157
-366
501
-2371
4449
3345690
-459
-16
-252
439
-2305
4211
3346715
-448
76
-136
341
-2344
3857
3347740
-226
113
-43
270
-2382
3653
3348765
20
79
9
164
-2110
3459
3349790
57
20
38
83
-2030
3616
3350815
74
-29
44
62
-2055
3735
3343488
112
-59
32
-4
-1877
3803
3344513
77
-66
0
27
-1861
3879
3345538
22
-60
-1
132
-1954
3943
3346563
10
-17
4
196
-1938
3989
3347588
-16
14
23
216
-1912
3882
3348613
-48
23
21
199
-1928
3772
3349638
-46
9
14
190
-1959
3699
3350663
-4
-2
2
180
-1949
3755
3351688
2
-14
-2
145
-1948
3775
3352713
-11
-19
-10
124
-1974
3844
3353738
-7
-9
1
157
-2014
3889
3354763
-13
4
8
146
-1990
3874
3355788
-18
21
12
169
-1996
3844
3356813
-10
24
14
142
-1943
3764
3357838
-21
14
12
136
-1990
3742
3358863
2
1
8
116
-1935
3768
3351679
2
-10
1
125
-1945
3793
3352704
3
-14
-10
136
-1967
3827
3353729
-4
-12
-9
132
-1964
3825
3354754
-5
-9
-5
157
-1987
3816
3355779
9
-2
-2
168
-1985
3836
3356804
11
1
3
163
-1960
3822
3357829
1
5
5
157
-1959
3814
3358854
9
8
4
140
-1953
3804
3359879
5
3
-2
118
-1933
3777
3360904
-2
-5
-10
121
-1937
3793
3361929
-4
-17
-15
131
-1970
3808
3362954
-4
-26
-21
134
-1955
3798
3363979
-17
-29
-19
164
-1977
3817
3365004
-8
-18
-16
198
-2003
3847
3366029
10
1
1
178
-1992
3861
3367054
12
13
12
149
-1933
3819
3359873
5
14
12
138
-1941
3814
3360898
4
11
4
111
-1901
3790
3361923
-13
-4
-13
117
-1935
3770
3362948
-19
-14
-14
141
-1967
3822
3363973
-29
-18
-13
125
-1988
3784
3364998
-10
-14
-11
169
-2047
3832
3366023
19
-2
8
170
-2012
3842
3367048
20
6
18
167
-1964
3829
3368073
18
7
23
156
-1960
3787
3369098
28
9
13
131
-1909
3798
3370123
11
4
5
138
-1928
3820
3371148
-8
-1
-3
139
-1960
3819
3372173
-4
1
-5
147
-1949
3817
3373198
-11
4
-2
152
-1972
3813
3374223
-10
6
0
142
-1978
3808
3375248
0
1
7
142
-1957
3791
3368064
-7
-8
13
139
-1963
3792
3369089
2
-12
13
141
-1979
3812
3370114
12
-12
11
133
-1961
3816
3371139
10
-14
6
140
-1954
3819
3372164
9
-10
7
151
-1949
3852
3373189
4
-1
10
145
-1934
3826
3374214
-10
3
8
158
-1947
3793
3375239
-9
-2
0
151
-1974
3790
3376264
7
0
-5
160
-1951
3838
3377289
-1
7
1
156
-1961
3842
3378314
-2
11
5
126
-1955
3807
3379339
-3
-6
-1
117
-1966
3745
3380364
3
-12
-10
151
-1995
3822
3381389
14
15
-6
167
-1954
3947
3382414
2
33
17
102
-2013
4175
3383439
38
-13
86
18
-2490
4505
3376256
344
-170
170
-172
-2605
3491
3377281
877
-290
50
400
-1971
3543
3378306
1079
95
216
1417
-1840
6095
3379331
625
235
429
175
-2066
3764
3380356
-154
329
329
-559
-935
1807
3381381
-901
284
186
-223
-1496
2482
3382406
-217
188
101
277
-2042
3338
3383431
746
185
-49
-31
-1140
3641
3384456
541
61
-24
-52
-1125
4513
3385481
-192
-4
46
-252
-1289
4512
3386506
-567
-54
-63
-625
-1587
3892
3387531
-399
-259
-181
-565
-1591
3981
3388556
-280
-578
-202
-147
-1805
4378
3389581
-200
-637
-227
274
-2169
4987
3390606
634
-526
-177
2279
-3582
5466
3391631
509
-249
516
1115
-2556
3417
3384448
-597
380
311
-1296
-1114
1637
3385473
-1195
499
317
314
-1923
2596
3386498
-140
682
106
337
-2137
3500
3387523
898
485
-36
-258
-1491
3672
3388548
781
114
-101
-417
-822
3732
3389573
144
-187
-179
-563
-698
3887
3390598
-369
-375
-191
-294
-1186
4307
3391623
-457
-364
-257
119
-1996
4459
3392648
-328
-214
-344
340
-1983
4451
3393673
-499
-115
-326
406
-2032
4180
3394698
-730
-54
-245
430
-2383
3832
3395723
-539
56
-158
474
-2659
3890
3396748
-111
130
-49
340
-2490
3737
3397773
85
118
36
168
-2144
3595
3398798
65
69
90
116
-2100
3651
3399823
106
20
104
61
-2024
3650
3392640
150
-28
82
-27
-1867
3645
3393665
149
-50
42
8
-1901
3846
3394690
130
-61
18
50
-1808
3948
3395715
31
-64
7
126
-1822
3921
3396740
-15
-35
-3
250
-1971
3929
3397765
15
8
-3
289
-1963
3915
3398790
-20
23
14
246
-1991
3804
3399815
-37
6
15
146
-1961
3638
3400840
-5
-27
-1
106
-1912
3662
3401865
40
-46
2
191
-2151
3767
3402890
103
-26
20
196
-2091
3943
3403915
126
32
49
162
-1929
4084
3404940
88
71
70
116
-1835
3930
3405965
38
81
65
104
-1851
3765
3406990
27
67
39
98
-1846
3730
3408015
8
29
11
91
-1849
3706
3400832
-5
0
-23
90
-1881
3782
3401857
1
-21
-32
105
-1901
3839
3402882
-37
-33
-27
95
-1925
3816
3403907
-42
-22
-29
167
-2064
3875
3404932
20
6
-11
172
-1987
3930
3405957
18
24
11
148
-1910
3872
3406982
-8
23
15
138
-1894
3781
3408007
-4
15
8
142
-1900
3779
3409032
13
11
-1
119
-1901
3823
3410057
19
9
-10
129
-1896
3856
3411082
-8
8
-6
119
-1918
3847
3412107
-22
2
-7
97
-1925
3805
3413132
-8
-6
-15
110
-1912
3803
3414157
-4
-12
-20
137
-1932
3839
3415182
-16
-9
-17
170
-1975
3856
3416207
5
5
-5
146
-1928
3860
3409024
8
11
6
131
-1934
3821
3410049
11
16
5
116
-1890
3841
3411074
1
19
2
88
-1862
3854
3412099
-19
11
4
69
-1904
3827
3413124
-14
-2
-14
58
-1918
3785
3414149
-18
-12
-24
108
-1947
3825
3415174
-39
-9
-20
107
-1968
3873
3416199
-29
-12
-26
156
-1988
3826
3417224
-10
-9
-22
160
-1974
3830
3418249
-12
-8
-15
170
-1995
3833
3419274
2
-15
-3
158
-1954
3777
3420299
22
-12
2
149
-1923
3826
3421324
39
-4
5
147
-1908
3850
3422349
34
-4
6
137
-1908
3818
3423374
8
-11
3
136
-1919
3841
3424399
10
-22
-9
129
-1925
3850
3417216
5
-39
-1
135
-2107
4294
3418241
6
-135
117
-147
-2566
4488
3419266
345
-285
150
-401
-2327
3928
3420291
1021
-307
3
1104
-1966
4020
3421316
1236
21
390
1703
-1921
5341
3422341
92
275
351
-1014
-1150
2050
3423366
-899
399
188
-265
-1314
2612
3424391
-588
392
136
449
-2027
3390
3425416
468
333
-37
-246
-1258
3222
3426441
597
64
-121
-171
-1346
3849
3427466
143
-73
-87
65
-1457
4474
3428491
-274
-67
-65
-160
-1425
4411
3429516
-437
-99
-115
-572
-1774
4511
3430541
-470
-439
-98
-782
-2011
4306
3431566
-301
-718
-153
61
-1780
4953
3432591
360
-728
-9
2957
-2646
5412
3425408
264
-476
526
617
-3521
1938
3426433
7
367
267
-931
-929
2205
3427458
-1001
616
283
528
-1780
3067
3428483
-242
800
86
134
-1956
3589
3429508
534
542
-56
-312
-1490
3797
3430533
589
178
-189
-312
-1136
3671
3431558
354
-84
-215
-398
-1189
3962
3432583
16
-250
-190
-282
-1206
4321
3433608
-231
-296
-259
-138
-1421
4326
3434633
-554
-293
-309
287
-1934
4337
3435658
-590
-133
-321
567
-2287
4386
3436683
-535
17
-229
423
-2207
4070
3437708
-476
97
-141
370
-2335
3804
3438733
-235
123
-70
271
-2349
3595
3439758
-38
62
-30
99
-2023
3440
3440783
-56
-4
5
167
-2217
3719
3433600
-2
-31
32
130
-2201
3698
3434625
72
-30
41
36
-2062
3794
3435650
107
-13
59
107
-2107
3938
3436675
116
-2
73
78
-1914
3853
3437700
48
-9
62
103
-1896
3763
3438725
68
-7
39
147
-1906
3797
3439750
92
-2
17
180
-1822
3854
3440775
8
1
16
184
-1877
3895
3441800
-38
6
6
168
-1880
3836
3442825
-63
8
-7
172
-1963
3811
3443850
-39
18
-17
151
-1899
3819
3444875
-79
8
-17
134
-1933
3786
3445900
-100
1
-22
130
-1999
3784
3446925
-79
-5
-26
104
-2007
3741
3447950
-56
-15
-25
129
-2063
3790
3448975
-35
-7
-16
167
-2064
3879
3441791
-23
9
0
149
-2044
3819
3442816
-14
14
5
143
-2000
3753
3443841
-12
1
10
137
-1990
3726
3444866
11
1
6
151
-1979
3818
3445891
7
-4
10
123
-1953
3795
3446916
-15
-8
-2
123
-1947
3794
3447941
-33
-19
-11
146
-1955
3765
3448966
-40
-30
-22
150
-2014
3770
3449991
-14
-14
-23
186
-2025
3880
3451016
-11
14
-6
173
-2007
3874
3452041
-15
26
12
164
-2006
3800
3453066
-8
19
20
146
-1973
3725
3454091
-11
0
11
152
-1989
3690
3455116
1
-12
-1
168
-2049
3771
3456141
31
-13
-4
164
-2007
3843
3457166
17
-5
7
134
-2007
3855
3449985
5
1
11
121
-2009
3813
3451010
5
7
11
118
-2002
3777
3452035
7
8
6
132
-1997
3775
3453060
8
6
4
138
-1996
3772
3454085
20
4
5
139
-1980
3810
3455110
15
2
7
144
-1968
3819
3456135
-3
0
4
95
-1971
3750
3457160
13
-3
-9
118
-1993
3786
3458185
21
4
-13
119
-1977
3811
3459210
-1
12
-11
108
-1989
3805
3460235
-1
13
-11
126
-2008
3792
3461260
21
3
-9
131
-2000
3756
3462285
26
3
-16
177
-1989
3830
3463310
21
16
-9
187
-1965
3893
3464335
-1
22
-1
145
-1864
3800
3465360
-42
11
-3
132
-1975
3739
3458176
-8
1
-10
146
-1958
3806
3459201
-21
-14
-2
113
-2026
4117
3460226
5
-76
79
-25
-2479
4338
3461251
363
-160
107
-163
-2463
4395
3462276
788
-315
66
-9
-2046
3586
3463301
1180
-330
96
1917
-2292
5329
3464326
805
-200
636
230
-1862
3128
3465351
-397
163
257
-1014
-838
1652
3466376
-962
307
202
430
-1899
2995
3467401
-21
454
48
264
-1856
3451
3468426
757
392
-147
-141
-1272
3948
3469451
446
120
-118
142
-1600
4426
3470476
64
106
-73
16
-1451
4517
3471501
-338
109
4
-291
-1272
4266
3472526
-517
12
-94
-519
-1738
3961
3473551
-400
-329
-134
-502
-1702
4147
3466368
-370
-759
-169
-541
-1792
4378
3467393
211
-964
-259
1743
-3022
5062
3468418
871
-858
485
2614
-3550
3606
3469443
536
161
329
-1141
-1155
2541
3470468
-979
648
413
265
-1667
3020
3471493
-663
977
231
249
-2073
3443
3472518
396
792
17
-489
-1687
3420
3473543
681
312
-191
-342
-1031
3152
3474568
492
-16
-216
-496
-657
3689
3475593
58
-308
-186
-120
-1400
4385
3476618
-102
-362
-199
198
-1839
4563
3477643
-97
-249
-231
330
-1697
4621
3478668
-312
-132
-189
378
-1941
4284
3479693
-442
-45
-190
235
-1903
3730
3480718
-462
0
-195
285
-2086
3840
3481743
-259
76
-115
422
-2539
4137
3474591
-35
123
-36
153
-2086
3857
3475616
-64
104
19
41
-1894
3699
3476641
-39
74
61
91
-2021
3739
3477666
39
28
67
-2
-1879
3645
3478691
23
-39
32
-31
-1761
3666
3479716
20
-57
7
101
-1886
3928
3480741
39
-48
8
98
-1857
3945
3481766
-1
-19
2
101
-1795
3969
3482791
-41
3
2
162
-1894
3931
3483816
-45
-5
-6
161
-1885
3741
3484841
-29
-2
-26
228
-1885
3849
3485866
-25
20
-7
232
-1948
3941
3486891
-29
27
8
183
-1879
3861
3487916
-49
18
22
123
-1866
3764
3488941
-52
-12
16
104
-1910
3725
3489966
-16
-4
2
179
-1999
3935
3482753
9
27
16
162
-1984
3998
3483778
-14
47
33
109
-1962
3886
3484803
1
48
43
84
-1914
3762
3485828
17
27
40
78
-1865
3702
3486853
15
9
25
98
-1889
3779
3487878
19
-7
9
117
-1932
3842
3488903
16
-14
8
126
-1941
3838
3489928
6
-16
3
105
-1922
3819
3490953
17
-23
-1
127
-1941
3812
3491978
52
-16
-2
165
-1959
3900
3493003
54
-4
7
163
-1870
3897
3494028
25
4
7
160
-1883
3852
3495053
32
11
12
178
-1897
3879
3496078
34
25
9
138
-1834
3861
3497103
15
28
-3
154
-1886
3827
3498128
46
28
-9
149
-1860
3857
3490944
29
23
-11
113
-1840
3840
3491969
9
23
-21
91
-1874
3852
3492994
35
35
-16
95
-1863
3919
3494019
21
39
-8
64
-1868
3855
3495044
-11
31
-16
101
-1920
3834
3496069
6
28
-17
73
-1878
3834
3497094
3
8
-18
19
-1783
3774
3498119
-27
-17
-26
52
-1828
3785
3499144
-16
-11
-28
144
-1963
3934
3500169
17
16
-6
85
-1887
3961
3501194
-5
33
12
39
-1873
3883
3502219
-13
25
9
39
-1883
3777
3503244
8
20
-4
54
-1843
3844
3504269
20
22
-10
42
-1827
3889
3505294
-13
6
-17
38
-1832
3809
3506319
-59
-28
-28
-27
-1742
3707
3499137
-102
-60
-41
27
-1857
3813
3500162
-43
-44
-50
210
-2013
4013
3501187
-12
-12
-13
129
-1904
3958
3502212
-69
-8
5
84
-1888
3779
3503237
-72
-22
3
95
-1922
3791
3504262
-1
-27
8
101
-2159
4391
3505287
113
-134
113
-337
-2367
4277
3506312
472
-253
83
-224
-1702
4748
3507337
510
-386
41
704
-1764
4275
3508362
216
-679
638
2142
-3306
4817
3509387
168
-101
485
-752
-1558
1475
3510412
-304
380
351
-172
-1321
2519
3511437
-510
626
217
627
-2075
3406
3512462
366
848
122
16
-1459
4179
3513487
545
557
13
-198
-1369
3912
3514512
297
214
-19
-337
-1122
3865
3507328
-134
89
-10
-567
-952
4154
3508353
-424
-191
-112
-1052
-1373
4087
3509378
-487
-685
-173
-1139
-1279
4472
3510403
-304
-933
-325
1055
-2269
5218
3511428
377
-1012
283
3595
-5319
4336
3512453
1252
28
181
-665
-1426
2753
3513478
-479
672
365
-317
-1331
2717
3514503
-883
878
172
7
-1505
2696
3515528
-67
668
-67
-870
-1227
3023
3516553
526
157
-329
-26
-1591
3737
3517578
961
-19
-318
-112
-1183
4315
3518603
477
-200
-230
-372
-1030
4609
3519628
-281
-300
-185
4
-1531
4470
3520653
-479
-261
-187
68
-1858
3971
3521678
-418
-216
-196
231
-1985
3988
3522703
-250
-45
-198
475
-2343
4429
3515521
-45
114
-121
342
-2349
4262
3516546
19
160
-10
43
-2056
3756
3517571
14
154
42
36
-1925
3792
3518596
84
137
94
117
-1931
3910
3519621
154
96
112
-5
-1747
3719
3520646
140
13
91
-71
-1638
3613
3521671
73
-71
48
-111
-1543
3663
3522696
-3
-128
-14
-130
-1476
3777
3523721
-26
-105
-62
58
-1738
4167
3524746
8
-48
-27
149
-1913
4298
3525771
2
8
-16
88
-1842
4070
3526796
-48
47
-9
81
-1823
3932
3527821
-67
47
-3
39
-1821
3796
3528846
-41
18
-10
87
-1812
3764
3529871
-16
-12
-5
88
-1780
3768
3530896
-55
-72
-16
-9
-1654
3662
3523712
-99
-111
-47
116
-1869
3908
3524737
-9
-59
-29
200
-1922
4202
3525762
-2
2
3
101
-1829
4101
3526787
-64
35
23
100
-1888
3910
3527812
-30
53
27
95
-1808
3843
3528837
16
46
20
101
-1800
3797
3529862
43
19
17
86
-1774
3772
3530887
32
-6
5
60
-1787
3831
3531912
25
-21
-8
69
-1833
3889
3532937
40
-12
-14
37
-1811
3953
3533962
15
-5
-19
6
-1732
3913
3534987
-42
-3
-20
31
-1802
3910
3536012
-14
7
-17
63
-1882
3920
3537037
26
9
-12
82
-1829
3896
3538062
24
12
-6
94
-1809
3898
3539087
23
6
1
88
-1789
3867
3531903
24
-5
-4
84
-1758
3856
3532928
28
-21
-15
55
-1763
3825
3533953
29
-29
-29
77
-1800
3891
3534978
29
-24
-29
118
-1791
3985
3536003
6
-15
-14
127
-1799
3954
3537028
4
-7
1
109
-1780
3883
3538053
14
-10
7
86
-1774
3845
3539078
30
-9
-5
80
-1767
3924
3540103
9
-16
-8
36
-1734
3887
3541128
-19
-26
-19
52
-1787
3889
3542153
-2
-24
-16
50
-1780
3911
3543178
9
-21
-10
69
-1779
3941
3544203
10
-14
-3
97
-1758
3947
3545228
9
-5
6
66
-1738
3909
3546253
0
-14
-5
40
-1707
3864
3547278
-24
-26
-21
47
-1742
3862
3540098
-29
-27
-36
65
-1788
3915
3541123
-15
-17
-41
86
-1760
3986
3542148
-48
-7
-40
101
-1793
3968
3543173
-78
-7
-28
59
-1773
3841
3544198
-91
-30
-30
17
-1768
3774
3545223
-69
-49
-43
145
-1857
3901
3546248
-35
-38
-38
178
-1863
3979
3547273
-49
-10
-25
161
-1837
4022
3548298
-44
26
-6
159
-1791
4103
3549323
-77
-9
59
40
-2041
4376
3550348
-25
-174
176
-424
-2193
4169
3551373
406
-342
89
-320
-1665
3952
3552398
606
-312
53
1769
-2328
5096
3553423
615
-48
609
1852
-2715
5265
3554448
-96
155
424
-1360
-1116
1003
3555473
-749
392
356
-136
-1595
2657
3548289
-129
428
186
261
-1950
2854
3549314
835
442
-32
-425
-847
3477
3550339
621
137
-136
-63
-944
4386
3551364
95
17
-141
155
-1490
4824
3552389
-166
68
-104
-100
-1208
4702
3553414
-491
-7
-48
-555
-1504
4671
3554439
-685
-332
-26
-1009
-1688
4217
3555464
-462
-632
-168
-174
-1284
4381
3556489
-81
-865
148
2891
-3337
5611
3557514
96
-639
427
513
-3729
1396
3558539
185
374
326
-869
-1235
2546
3559564
-621
519
228
371
-1795
2804
3560589
57
727
123
-161
-1690
3761
3561614
561
524
-6
-371
-1247
4095
3562639
561
192
-124
-255
-1303
3956
3563664
539
33
-210
-327
-954
4156
3556479
223
-105
-251
-278
-949
4139
3557504
-252
-244
-248
-199
-1147
3999
3558529
-500
-270
-315
105
-1646
4277
3559554
-458
-195
-346
346
-2062
4245
3560579
-382
-73
-351
275
-2024
4147
3561604
-419
2
-255
395
-2344
4128
3562629
-336
65
-126
329
-2427
3930
3563654
-141
109
-20
163
-2231
3838
3564679
19
102
65
126
-2167
3740
3565704
107
62
106
34
-1946
3608
3566729
104
7
106
-16
-1853
3666
3567754
128
-42
92
-11
-1818
3767
3568779
152
-70
62
7
-1732
3868
3569804
124
-60
36
72
-1723
4041
3570829
68
-43
26
121
-1722
4070
3571854
7
-11
22
140
-1747
4005
3564673
-27
15
12
141
-1763
3938
3565698
-47
22
0
118
-1774
3867
3566723
-52
20
-16
119
-1840
3870
3567748
-35
20
-23
135
-1863
3898
3568773
-24
23
-24
97
-1818
3868
3569798
-25
23
-21
82
-1844
3834
3570823
-20
19
-19
53
-1845
3865
3571848
-14
15
-8
66
-1896
3897
3572873
14
15
-4
5
-1876
3834
3573898
17
7
-4
13
-1854
3856
3574923
-3
-8
-6
17
-1861
3834
3575948
12
-17
-13
30
-1852
3854
3576973
32
-19
-6
60
-1840
3890
3577998
31
-21
-5
48
-1796
3832
3579023
36
-25
-18
86
-1839
3860
3580048
80
-15
-15
116
-1784
3994
3572865
49
-6
2
77
-1703
3945
3573890
-21
-11
4
59
-1736
3838
3574915
-23
-22
-10
70
-1761
3808
3575940
-7
-32
-40
99
-1814
3860
3576965
2
-16
-44
126
-1781
4016
3577990
-43
2
-22
111
-1791
3969
3579015
-81
2
-16
89
-1855
3824
3580040
-54
-19
-25
104
-1887
3725
3581065
-5
-30
-35
104
-1882
3763
3582090
13
-36
-44
139
-1901
3870
3583115
39
5
-33
145
-1861
4106
3584140
12
38
8
139
-1837
4106
3585165
-72
53
23
145
-1835
3871
3586190
-50
74
26
128
-1764
3866
3587215
-27
69
9
168
-1743
3877
3588240
-44
46
0
118
-1779
3797
3581056
-77
4
-10
40
-1796
3723
3582081
-108
-33
-21
51
-1828
3873
3583106
-96
-37
-19
121
-1924
4024
3584131
-49
-34
9
50
-2106
4076
3585156
110
-79
73
21
-2337
4095
3586181
384
-167
139
184
-2383
4011
3587206
511
-120
200
339
-1952
4817
3588231
320
24
203
-109
-1297
4819
3589256
-356
-123
172
-332
-674
3305
3590281
-1032
-552
229
486
-2535
3223
3591306
107
-401
376
818
-3228
3602
3592331
612
90
357
60
-1279
3101
3593356
-416
244
324
35
-1672
3197
3594381
-632
384
304
179
-2081
3239
3595406
50
618
150
-300
-1563
3159
3596431
531
511
-63
-213
-1289
4394
3589248
715
256
-126
240
-1370
4514
3590273
377
172
-58
-347
-956
4103
3591298
-489
-31
-74
-965
-875
3427
3592323
-734
-299
-360
-473
-1629
3658
3593348
-417
-509
-443
-189
-1846
4481
3594373
-593
-894
-505
-858
-1481
4221
3595398
-550
-1207
-673
859
-2419
4222
3596423
176
-780
264
4412
-6503
6763
3597448
2145
268
203
-348
-2158
1974
3598473
142
949
473
-931
-301
3054
3599498
-1686
761
471
565
-2040
2117
3600523
-534
791
214
-588
-1645
2484
3601548
607
361
-148
-247
-1632
3272
3602573
1179
95
-277
45
-1219
4107
3603598
942
-94
-264
-369
-868
4481
3604623
58
-322
-191
-155
-1094
4520
3597440
-438
-359
-199
-23
-1345
4361
3598465
-558
-360
-251
111
-1550
3896
3599490
-588
-285
-312
375
-1936
4103
3600515
-522
-121
-304
659
-2611
4368
3601540
-308
57
-172
555
-2622
4186
3602565
-131
173
-1
258
-2303
3991
3603590
-60
190
104
94
-2297
3704
3604615
82
155
140
-1
-2123
3523
3605640
196
102
138
-48
-1924
3566
3606665
181
10
121
-90
-1868
3551
3607690
120
-81
87
-99
-1810
3612
3608715
114
-116
55
15
-1840
3892
3609740
121
-109
55
86
-1874
4013
3610765
102
-88
52
140
-1812
3993
3611790
49
-63
55
177
-1816
3945
3612815
16
-50
54
165
-1827
3854
3605632
-7
-37
38
196
-1842
3893
3606657
-19
-16
22
183
-1876
3933
3607682
-32
-9
13
172
-1877
3869
3608707
-53
-4
6
190
-1863
3840
3609732
-75
-4
-3
185
-1861
3782
3610757
-72
-10
-14
223
-1964
3817
3611782
-25
-13
-1
234
-2027
3856
3612807
5
-14
10
220
-1955
3847
3613832
11
-10
22
175
-1961
3849
3614857
47
0
35
177
-1937
3845
3615882
71
19
36
148
-1880
3864
3616907
52
16
37
140
-1900
3852
3617932
55
15
29
139
-1872
3858
3618957
52
3
26
144
-1872
3816
3619982
46
-12
20
154
-1859
3804
3621007
54
-12
14
224
-1853
3901
3613824
49
-8
11
245
-1839
3919
3614849
30
5
19
173
-1841
3883
3615874
29
10
18
150
-1788
3891
3616899
-2
9
18
118
-1835
3890
3617924
-5
13
12
101
-1820
3866
3618949
6
25
6
110
-1852
3895
3619974
0
23
6
87
-1851
3863
3620999
-9
19
0
71
-1843
3838
3622024
0
14
-2
82
-1858
3854
3623049
9
8
-6
100
-1831
3833
3624074
3
-1
-8
116
-1864
3847
3625099
6
-11
-8
125
-1858
3837
3626124
6
-12
-9
114
-1806
3863
3627149
-4
-11
-9
125
-1825
3879
3628174
-5
-7
-13
118
-1832
3894
3629199
-17
-8
-15
113
-1843
3861
3622016
-30
-9
-21
107
-1828
3850
3623041
-35
-14
-26
118
-1847
3847
3624066
-32
-15
-27
124
-1870
3858
3625091
-28
-15
-24
136
-1869
3864
3626116
-27
-16
-14
157
-1899
3879
3627141
-16
-15
-8
158
-1897
3866
3628166
-10
-16
-5
140
-1864
3830
3629191
-13
-18
-6
144
-1899
3850
3630216
0
-15
-5
155
-1871
3896
3631241
-8
-7
1
151
-1881
3878
3632266
-12
-5
1
145
-1887
3842
3633291
-3
-4
2
159
-1884
3858
3634316
1
-5
6
153
-1869
3857
3635341
-9
-6
10
141
-1880
3852
3636366
-6
-6
11
147
-1869
3860
3637391
1
-3
12
142
-1884
3852
3630208
13
0
8
144
-1893
3863
3631233
13
-3
12
158
-1886
3871
3632258
9
0
18
145
-1875
3864
3633283
18
3
21
142
-1865
3846
3634308
29
0
18
123
-1843
3847
3635333
15
-9
12
134
-1847
3862
3636358
4
-2
10
162
-1871
3901
3637383
5
5
15
160
-1852
3892
3638408
-3
9
14
164
-1854
3844
3639433
-5
7
10
172
-1849
3827
3640458
-3
4
10
145
-1838
3849
3641483
2
2
9
138
-1875
3882
3642508
8
3
7
122
-1867
3858
3643533
0
5
4
127
-1875
3875
3644558
-4
9
7
134
-1871
3873
3645583
-1
6
9
129
-1859
3835
3638400
8
2
8
142
-1865
3839
3639425
8
-3
10
124
-1842
3838
3640450
-1
-9
7
115
-1844
3862
3641475
4
-10
3
101
-1842
3881
3642500
1
-5
-3
128
-1840
3894
3643525
-23
-4
-6
140
-1850
3859
3644550
-30
-6
-10
148
-1870
3847
3645575
-10
-7
-10
132
-1861
3834
3646600
-7
-10
-8
119
-1878
3860
3647625
-16
-13
-7
129
-1880
3883
3648650
-14
-9
-4
118
-1860
3884
3649675
-9
-6
-2
123
-1867
3851
3650700
-6
-6
-2
123
-1859
3849
3651725
-19
-15
-5
129
-1854
3842
3652750
-18
-16
-7
163
-1893
3870
3653775
-6
-12
-6
161
-1889
3861
3646593
-11
-11
-4
160
-1884
3883
3647618
-11
-8
3
159
-1867
3879
3648643
-10
-4
6
140
-1877
3833
3649668
-9
-5
2
141
-1889
3848
3650693
-13
-9
1
132
-1892
3857
3651718
-9
-11
1
138
-1904
3861
3652743
-2
-12
5
144
-1890
3855
3653768
3
-10
8
156
-1894
3856
3654793
11
-9
11
162
-1872
3857
3655818
14
-7
13
165
-1853
3866
3656843
10
-1
15
150
-1858
3868
3657868
4
0
10
145
-1845
3864
3658893
-5
-1
4
134
-1862
3857
3659918
-6
-2
-1
132
-1868
3865
3660943
-14
-3
-1
142
-1888
3849
3661968
-10
-5
0
153
-1903
3848
3654784
6
-2
6
139
-1882
3875
3655809
4
-3
12
128
-1874
3861
3656834
1
-5
12
130
-1849
3846
3657859
5
-8
8
140
-1842
3855
3658884
-1
-12
1
133
-1842
3850
3659909
-10
-12
-6
152
-1861
3863
3660934
-11
-7
-3
166
-1876
3888
3661959
-13
-3
-1
147
-1870
3863
3662984
-13
1
1
150
-1885
3858
3664009
-8
2
4
151
-1875
3857
3665034
-9
-1
3
140
-1873
3842
3666059
-10
-7
3
141
-1865
3832
3667084
-6
-9
-2
158
-1878
3837
3668109
0
-7
-13
206
-1906
3866
3669134
1
-2
-16
206
-1870
3884
3670159
8
3
0
146
-1856
3866
3662976
22
9
16
129
-1822
3874
3664001
9
13
14
119
-1787
3857
3665026
-22
7
-3
82
-1793
3854
3666051
-57
-5
-17
73
-1845
3849
3667076
-67
-14
-24
80
-1917
3834
3668101
-63
-20
-26
126
-1977
3835
3669126
-46
-20
-19
172
-2037
3836
3670151
-12
-17
-3
220
-2035
3833
3671176
23
-15
20
190
-1943
3829
3672201
53
-13
39
191
-1931
3839
3673226
73
-11
43
164
-1838
3861
3674251
49
-7
35
166
-1811
3891
3675276
27
2
27
135
-1792
3907
3676301
1
6
19
106
-1798
3886
3677326
-31
5
4
111
-1857
3840
3678351
-41
1
-9
126
-1907
3818
3671168
-34
-8
-13
142
-1956
3822
3672193
-8
-16
-4
134
-1971
3834
3673218
34
-16
14
129
-1932
3866
3674243
55
-10
27
147
-1869
3880
3675268
45
-6
28
164
-1795
3889
3676293
19
-3
22
167
-1772
3852
3677318
-5
-4
8
174
-1790
3818
3678343
-14
-7
-11
165
-1810
3821
3679368
-36
-17
-23
161
-1845
3843
3680393
-58
-24
-32
189
-1913
3868
3681418
-43
-19
-27
176
-1927
3861
3682443
-23
-12
-19
137
-1928
3852
3683468
-10
-12
-15
144
-1905
3849
3684493
-12
-15
-14
165
-1887
3843
3685518
-9
-14
-18
175
-1881
3836
3686543
5
-15
-16
171
-1867
3854
3679360
0
-14
-19
172
-1864
3866
3680385
-17
-17
-25
208
-1893
3872
3681410
-24
-13
-28
227
-1916
3868
3682435
-15
-4
-27
217
-1937
3855
3683460
-5
7
-22
186
-1927
3839
3684485
7
17
-15
167
-1910
3849
3685510
23
21
-8
139
-1879
3824
3686535
31
16
1
108
-1856
3831
3687560
27
3
6
97
-1852
3837
3688585
19
-9
0
126
-1873
3846
3689610
13
-15
-10
169
-1879
3849
3690635
7
-16
-10
180
-1892
3857
3691660
20
-12
4
178
-1877
3871
3692685
26
-9
16
160
-1840
3876
3693710
7
-10
17
157
-1825
3857
3694735
-16
-13
7
156
-1834
3829
3687787
-18
-12
-1
154
-1863
3841
3688812
-12
-10
-4
152
-1871
3869
3689837
-21
-13
-5
164
-1896
3854
3690862
-13
-11
-3
188
-1902
3829
3691887
7
-8
4
187
-1884
3851
3692912
15
-8
7
158
-1864
3850
3693937
13
-15
10
163
-1851
3856
3694962
0
-15
12
188
-1856
3860
3695987
-2
-11
16
216
-1845
3874
3697012
-1
-4
17
235
-1858
3874
3698037
-13
1
8
230
-1854
3855
3699062
-39
-1
-4
209
-1900
3844
3700087
-23
1
-11
165
-1903
3860
3701112
4
10
-13
128
-1886
3854
3702137
-2
14
-15
118
-1870
3877
3703162
-31
4
-17
139
-1925
3852
3695743
-12
-4
-19
167
-1941
3844
3696768
12
-7
-17
201
-1926
3847
3697793
21
-2
-7
210
-1905
3849
3698818
30
5
3
193
-1885
3859
3699843
39
8
12
174
-1837
3860
3700868
25
5
12
165
-1814
3826
3701893
4
-3
-3
145
-1813
3827
3702918
-14
-10
-26
98
-1840
3864
3703943
-23
-13
-47
110
-1905
3870
3704968
-14
-5
-53
184
-1966
3876
3705993
-8
3
-42
212
-1953
3866
3707018
-3
3
-24
229
-1940
3868
3708043
28
9
-12
267
-1904
3842
3709068
71
17
8
272
-1843
3840
3710093
78
20
27
227
-1754
3860
3711118
46
15
36
170
-1731
3866
3703936
27
14
25
141
-1731
3859
3704961
6
8
1
133
-1764
3866
3705986
-28
2
-22
133
-1791
3879
3707011
-65
-2
-38
156
-1868
3855
3708036
-62
-4
-41
186
-1959
3826
3709061
-28
-7
-33
191
-1972
3820
3710086
6
-17
-20
177
-1952
3810
3711111
35
-23
-13
175
-1916
3827
3712136
52
-25
-6
153
-1875
3856
3713161
61
-26
-2
148
-1818
3892
3714186
46
-22
9
155
-1800
3908
3715211
27
-20
10
169
-1809
3891
3716236
10
-19
6
221
-1834
3889
3717261
8
-14
8
231
-1844
3885
3718286
15
-2
8
226
-1818
3899
3719311
2
8
9
196
-1821
3880
3712128
-12
12
7
152
-1809
3877
3713153
-20
9
5
123
-1813
3850
3714178
-21
2
2
120
-1814
3838
3715203
-25
-8
-5
152
-1852
3832
3716228
-21
-17
-5
177
-1869
3837
3717253
-10
-24
-1
178
-1892
3857
3718278
1
-25
4
202
-1867
3869
3719303
-6
-25
9
215
-1877
3875
3720328
3
-21
13
217
-1861
3882
3721353
7
-18
17
219
-1844
3875
3722378
1
-16
18
219
-1842
3857
3723403
-2
-15
14
221
-1830
3863
3724428
-2
-11
12
210
-1828
3879
3725453
-10
-7
12
191
-1843
3866
3726478
-10
-8
10
186
-1864
3848
3727503
-2
-12
8
191
-1873
3869
3720320
8
-10
7
222
-1886
3874
3721345
10
-5
11
224
-1885
3879
3722370
5
-2
14
211
-1866
3874
3723395
6
1
15
192
-1848
3855
3724420
10
-2
10
190
-1825
3849
3725445
2
-6
7
176
-1820
3851
3726470
3
-8
4
171
-1829
3861
3727495
10
-8
1
164
-1820
3871
3728520
-4
-11
-3
184
-1840
3870
3729545
-15
-13
-7
212
-1868
3878
3730570
-10
-9
-4
212
-1895
3872
3731595
-1
-5
0
206
-1867
3861
3732620
3
-5
3
202
-1852
3849
3733645
5
-9
7
195
-1846
3852
3734670
10
-14
4
189
-1827
3856
3735695
10
-13
0
186
-1824
3865
3728513
2
-14
-6
189
-1820
3876
3729538
-9
-14
-7
199
-1852
3883
3730563
-12
-15
-5
208
-1855
3861
3731588
-13
-14
-3
220
-1870
3860
3732613
-7
-11
-1
216
-1863
3875
3733638
-4
-10
1
202
-1854
3869
3734663
-6
-12
3
204
-1849
3871
3735688
-5
-12
5
203
-1838
3860
3736713
-5
-10
3
210
-1850
3867
3737738
-5
-8
0
195
-1833
3874
3738763
-17
-7
0
206
-1852
3872
3739788
-16
-6
0
216
-1868
3860
3740813
-10
-5
2
211
-1862
3861
3741838
-10
-3
3
217
-1870
3872
3742863
-9
-2
6
213
-1863
3863
3743888
-10
-4
7
215
-1867
3849
3736704
-4
-7
7
215
-1855
3846
3737729
-2
-7
6
215
-1854
3850
3738754
3
-3
8
214
-1839
3883
3739779
0
0
10
183
-1835
3878
3740804
-10
1
8
182
-1845
3850
3741829
-16
-3
0
202
-1869
3852
3742854
-16
-8
-3
223
-1892
3864
3743879
-8
-10
1
208
-1879
3868
3744904
-2
-9
9
218
-1877
3855
3745929
6
-4
11
207
-1860
3850
3746954
12
-5
10
200
-1848
3853
3747979
11
-7
7
192
-1839
3850
3749004
4
-10
2
197
-1848
3858
3750029
0
-13
-2
201
-1847
3856
3751054
-5
-15
-4
208
-1862
3872
3752079
-4
-17
-1
213
-1876
3863
3744896
-3
-16
-1
221
-1869
3847
3745921
-2
-15
1
227
-1874
3856
3746946
10
-12
5
224
-1861
3884
3747971
9
-10
7
203
-1829
3861
3748996
-5
-11
6
205
-1843
3856
3750021
-5
-9
-1
212
-1837
3855
3751046
-8
-10
-7
211
-1848
3856
3752071
-9
-14
-6
217
-1856
3862
3753096
-12
-16
-3
229
-1871
3852
3754121
-10
-16
-3
223
-1873
3856
3755146
-1
-15
0
230
-1877
3856
3756171
5
-12
-1
229
-1849
3864
3757196
-2
-11
-2
236
-1865
3859
3758221
8
-7
-1
243
-1884
3873
3759246
27
0
0
250
-1864
3866
3760271
23
4
7
231
-1833
3867
3753088
10
5
10
208
-1831
3857
3754113
7
4
7
197
-1836
3845
3755138
-4
-3
-2
213
-1830
3862
3756163
-23
-9
-7
239
-1863
3862
3757188
-19
-7
-6
239
-1890
3857
3758213
-6
-2
0
236
-1876
3869
3759238
-4
-2
7
239
-1870
3854
3760263
5
0
11
234
-1864
3858
3761288
19
2
13
211
-1832
3850
3762313
13
-2
10
206
-1822
3852
3763338
0
-6
3
217
-1824
3876
3764363
-10
-7
-1
222
-1840
3866
3765388
-11
-7
-3
237
-1869
3864
3766413
-6
-5
-2
240
-1871
3868
3767438
-8
-3
3
229
-1885
3858
3768463
-2
-2
7
218
-1864
3856
3761279
4
-5
9
205
-1842
3851
3762304
8
-4
9
215
-1842
3865
3763329
6
-3
6
211
-1836
3865
3764354
1
-3
2
221
-1836
3872
3765379
-6
-4
1
227
-1836
3861
3766404
-13
-3
-1
225
-1848
3864
3767429
-10
-3
-1
219
-1852
3858
3768454
-10
-4
-1
222
-1861
3862
3769479
-14
-6
0
232
-1860
3855
3770504
-10
-6
1
233
-1874
3844
3771529
3
-5
4
234
-1861
3853
3772554
4
-7
7
225
-1840
3861
3773579
2
-7
8
224
-1841
3870
3774604
5
-2
8
213
-1828
3875
3775629
-7
1
3
203
-1832
3879
3776654
-27
-3
-4
229
-1858
3859
3769472
-28
-6
-5
241
-1886
3852
3770497
-11
-5
-1
233
-1894
3861
3771522
4
-3
7
243
-1882
3866
3772547
7
-1
13
235
-1860
3853
3773572
9
1
15
229
-1844
3843
3774597
13
1
14
211
-1822
3856
3775622
2
-1
7
213
-1818
3861
3776647
-13
-2
0
209
-1837
3859
3777672
-17
-3
-4
215
-1862
3862
3778697
-17
-3
-6
222
-1875
3855
3779722
-15
-4
-3
237
-1904
3853
3780747
-2
-4
2
222
-1899
3848
3781772
14
-6
9
212
-1880
3853
3782797
19
-8
12
219
-1854
3857
3783822
18
-7
11
217
-1829
3866
3784847
