Device = VHR-0009
time_stamp = 1777449228853
sample_rate = 50
Data format = INT16
TYPE = 6-AXIS IMU RAW DATA
243
-27
91
-1220
3647
18
14831744
337
-21
117
-1187
3692
27
14832769
369
-23
145
-1172
3719
47
14833794
375
7
161
-1123
3711
-6
14834819
455
36
165
-1143
3738
-45
14835844
503
40
181
-1136
3757
44
14836869
447
96
202
-982
3699
118
14837894
402
217
244
-841
3869
43
14838919
305
317
223
-1131
4200
22
14839944
98
401
143
-1062
4057
-15
14840969
95
471
108
-1141
4187
88
14841994
-147
510
37
-1091
4053
-195
14843019
-153
487
14
-1132
3506
-312
14844044
264
475
87
-1061
3557
-182
14845069
318
488
134
-1160
3880
-472
14846094
243
443
86
-1118
3646
-622
14847119
394
386
108
-1024
3687
-706
14839936
472
312
137
-1104
3776
-637
14840961
499
269
159
-945
3394
-424
14841986
721
286
242
-974
3566
-553
14843011
704
267
259
-1128
3854
-988
14844036
532
168
226
-1094
3721
-1007
14845061
594
115
245
-859
3526
-557
14846086
704
170
319
-881
3480
-357
14847111
719
235
389
-987
3439
-620
14848136
643
266
398
-992
3848
-1253
14849161
527
219
345
-786
3823
-982
14850186
468
223
374
-696
3645
-609
14851211
440
305
419
-754
3574
-647
14852236
446
380
421
-799
3808
-1187
14853261
318
343
332
-777
4190
-1406
14854286
174
255
257
-654
3913
-1136
14855311
181
224
278
-685
3704
-977
14848129
199
241
292
-681
3875
-1087
14849154
89
237
229
-598
4232
-1386
14850179
-136
166
141
-562
4069
-1346
14851204
-237
121
100
-615
3846
-1241
14852229
-183
99
61
-597
3741
-1376
14853254
-52
76
65
-586
3776
-1067
14854279
-142
104
13
-504
4051
-880
14855304
-398
128
-39
-446
4017
-960
14856329
-518
149
-90
-485
4148
-963
14857354
-630
129
-149
-556
3770
-1353
14858379
-397
42
-129
-545
3753
-1141
14859404
-432
5
-108
-596
3830
-949
14860429
-657
18
-80
-476
3527
-1050
14861454
-563
3
-40
-509
3522
-1042
14862479
-331
8
-6
-460
3850
-827
14863504
-379
38
-57
-384
4313
-631
14856320
-811
66
-143
-374
3795
-645
14857345
-848
56
-93
-482
3204
-765
14858370
-401
-7
15
-598
3231
-900
14859395
39
-76
71
-667
3424
-794
14860420
315
-98
94
-597
3906
-689
14861445
203
-131
87
-857
4266
-740
14862470
-137
-152
24
-657
3600
-892
14863495
163
-187
82
-631
3828
-796
14864520
212
-203
43
-653
4030
-573
14865545
82
-199
12
-511
4027
-631
14866570
-42
-204
-1
-657
4102
-691
14867595
-140
-249
-54
-620
3964
-632
14868620
-156
-274
-65
-589
3910
-534
14869645
-190
-272
-69
-600
3975
-493
14870670
-249
-264
-111
-547
3963
-404
14871695
-317
-232
-133
-559
3891
-422
14864513
-378
-222
-124
-642
3892
-537
14865538
-362
-245
-137
-586
3844
-589
14866563
-308
-299
-129
-667
3936
-541
14867588
-435
-368
-87
-704
3703
-555
14868613
-306
-404
-75
-652
3667
-596
14869638
-53
-436
-79
-676
3969
-588
14870663
7
-446
-127
-692
4040
-388
14871688
-91
-410
-170
-760
4011
-183
14872713
-240
-339
-169
-813
3681
-65
14873738
-206
-261
-136
-753
3728
-117
14874763
-162
-209
-134
-718
3863
-130
14875788
-154
-172
-132
-680
3934
-41
14876813
-208
-152
-120
-687
3986
95
14877838
-436
-122
-63
-707
3738
226
14878863
-667
-92
44
-733
3478
346
14879888
-1000
-77
226
-597
3128
440
14872704
-1173
83
444
-445
2527
328
14873729
-608
201
675
-417
2144
194
14874754
312
222
931
-191
2567
209
14875779
512
264
1168
28
3691
508
14876804
-284
355
1291
148
3777
617
14877829
-874
450
1429
293
3568
200
14878854
-584
401
1471
626
3609
-202
14879879
-42
337
1487
787
3679
-264
14880904
186
340
1524
614
3858
-213
14881929
6
319
1531
462
4051
-97
14882954
-285
268
1543
491
4023
-178
14883979
-267
152
1560
600
3800
-189
14885004
-171
96
1647
649
3723
-166
14886029
-90
62
1675
731
3513
23
14887054
-271
54
1818
839
3121
187
14888079
-390
67
1968
1046
3104
188
14880896
-362
25
1999
1433
3160
272
14881921
-489
33
2133
1632
2980
375
14882946
-718
46
2343
1746
2628
497
14883971
-865
42
2570
1885
2417
535
14884996
-883
-10
2820
2076
2211
558
14886021
-733
-100
3100
2452
2082
539
14887046
-500
-173
3354
2939
2165
524
14888071
-375
-230
3599
3442
2166
473
14889096
-216
-314
3810
4076
2185
422
14890121
-72
-364
3941
4629
2292
443
14891146
-72
-367
3978
5021
2330
459
14892171
-158
-344
3868
5317
2203
448
14893196
-229
-307
3575
5462
2108
455
14894221
-259
-261
3112
5066
1971
424
14895246
-233
-260
2474
4489
1621
372
14896271
-128
-293
1757
4250
1198
380
14889088
82
-294
1154
4092
1004
432
14890113
198
-273
658
4004
1042
523
14891138
186
-235
270
3931
1161
506
14892163
251
-237
-20
3810
1288
400
14893188
312
-244
-240
3760
1539
329
14894213
183
-235
-380
3633
1729
264
14895238
-47
-255
-463
3531
1709
244
14896263
-164
-288
-467
3539
1650
252
14897288
-332
-294
-426
3430
1679
390
14898313
-577
-293
-367
3500
1473
504
14899338
-647
-261
-290
3476
1156
500
14900363
-515
-222
-214
3419
941
529
14901388
-365
-186
-146
3560
915
529
14902413
-256
-132
-101
3658
967
543
14903438
-256
-90
-97
3752
964
575
14904463
-330
-50
-119
3853
763
637
14897280
-368
-4
-142
3979
530
693
14898305
-299
43
-149
3959
334
704
14899330
-133
77
-157
3955
281
643
14900355
28
102
-160
3952
430
565
14901380
59
123
-163
3884
587
470
14902405
60
135
-173
3807
695
360
14903430
99
134
-197
3752
798
307
14904455
142
139
-210
3683
827
299
14905480
157
129
-218
3638
1108
272
14906505
-2
100
-227
3582
1188
232
14907530
-188
69
-220
3553
1020
178
14908555
-214
46
-188
3576
887
197
14909580
-157
41
-144
3578
944
233
14910605
-122
30
-117
3563
990
231
14911630
-118
11
-101
3580
971
250
14912655
-119
1
-89
3579
948
269
14905473
-107
-3
-106
3600
969
263
14906498
-105
-18
-137
3693
1017
293
14907523
-139
-20
-157
3692
979
325
14908548
-137
-26
-179
3698
976
322
14909573
-125
-40
-194
3701
1037
326
14910598
-176
-56
-192
3690
1061
368
14911623
-251
-71
-168
3679
986
408
14912648
-277
-77
-138
3685
954
450
14913673
-282
-68
-116
3690
952
468
14914698
-268
-51
-95
3689
932
482
14915723
-240
-37
-80
3680
949
493
14916748
-218
-19
-76
3667
942
484
14917773
-178
-6
-78
3683
987
466
14918798
-157
2
-81
3717
1043
439
14919823
-161
9
-81
3732
1054
401
14920848
-162
11
-78
3737
1083
381
14913663
-188
6
-74
3693
1083
381
14914688
-226
2
-75
3680
1060
368
14915713
-232
-8
-78
3697
1021
353
14916738
-203
-16
-70
3682
1040
361
14917763
-214
-23
-51
3648
1061
368
14918788
-234
-39
-30
3630
1030
384
14919813
-246
-51
0
3606
1046
416
14920838
-274
-60
21
3605
1033
412
14921863
-283
-57
37
3625
989
408
14922888
-254
-50
42
3648
989
400
14923913
-217
-41
43
3662
992
400
14924938
-186
-35
40
3669
982
405
14925963
-156
-33
37
3690
973
419
14926988
-131
-34
38
3692
996
411
14928013
-116
-38
41
3679
1010
417
14929038
-120
-41
44
3659
1021
422
14921857
-132
-47
44
3655
992
414
14922882
-124
-49
51
3626
1001
427
14923907
-124
-53
61
3609
1010
433
14924932
-127
-53
70
3601
992
425
14925957
-104
-51
80
3592
999
415
14926982
-86
-50
90
3599
1013
400
14928007
-80
-53
97
3620
1015
400
14929032
-73
-56
103
3639
1018
394
14930057
-71
-59
107
3639
1026
390
14931082
-69
-66
110
3640
1028
391
14932107
-68
-71
107
3636
1036
397
14933132
-78
-75
99
3624
1009
406
14934157
-75
-77
88
3633
994
400
14935182
-60
-77
78
3637
993
395
14936207
-50
-78
71
3640
995
409
14937232
-38
-76
64
3647
994
419
14930048
-31
-72
57
3633
988
401
14931073
-21
-73
50
3626
983
395
14932098
-14
-75
42
3633
988
402
14933123
-16
-75
35
3654
968
409
14934148
-2
-71
33
3642
957
395
14935173
17
-69
25
3652
971
391
14936198
28
-65
15
3643
946
386
14937223
40
-60
2
3639
935
370
14938248
42
-59
-12
3654
945
360
14939273
35
-57
-12
3673
939
355
14940298
37
-57
-2
3669
947
346
14941323
25
-64
11
3665
963
328
14942348
3
-75
26
3681
963
338
14943373
-12
-89
42
3695
972
349
14944398
-24
-97
61
3697
1020
378
14945423
-55
-99
73
3701
1054
389
14938239
-81
-93
73
3700
1056
385
14939264
-89
-83
62
3690
1064
412
14940289
-99
-70
42
3685
1077
429
14941314
-123
-54
19
3683
1066
414
14942339
-143
-40
1
3687
1038
403
14943364
-131
-26
-13
3694
1025
383
14944389
-104
-9
-29
3687
1013
352
14945414
-84
2
-45
3714
1027
337
14946439
-90
9
-55
3727
1012
334
14947464
-96
12
-60
3727
995
355
14948489
-112
20
-61
3702
1001
359
14949514
-119
33
-71
3674
970
325
14950539
-89
46
-92
3657
967
317
14951564
-60
59
-111
3670
981
309
14952589
-55
68
-120
3676
974
293
14953614
-47
69
-118
3679
981
299
14946432
-47
67
-113
3665
982
292
14947457
-59
62
-109
3648
953
278
14948482
-49
55
-105
3653
953
275
14949507
-45
48
-101
3658
967
279
14950532
-57
42
-91
3672
957
286
14951557
-52
39
-78
3679
946
291
14952582
-33
35
-65
3669
939
294
14953607
-20
29
-56
3668
947
294
14954632
-13
21
-46
3659
926
314
14955657
7
15
-34
3645
945
344
14956682
19
14
-25
3651
949
329
14957707
47
12
-9
3649
940
323
14958732
93
12
7
3631
979
334
14959757
115
14
17
3625
1002
344
14960782
118
14
22
3633
1025
357
14961807
112
12
26
3651
1046
360
14954787
105
12
26
3649
1060
352
14955812
93
13
24
3651
1057
344
14956837
97
14
19
3655
1056
346
14957862
108
14
15
3645
1071
362
14958887
107
14
11
3624
1069
372
14959912
105
14
7
3630
1070
368
14960937
109
15
1
3628
1060
375
14961962
109
16
-2
3622
1055
370
14962987
108
17
-1
3625
1056
371
14964012
110
16
1
3627
1059
369
14965037
116
13
5
3634
1067
376
14966062
123
12
5
3630
1078
375
14967087
122
11
1
3626
1092
368
14968112
107
7
-6
3632
1089
383
14969137
87
4
-12
3622
1087
384
14970162
84
2
-14
3617
1079
387
14962815
84
-2
-14
3621
1092
385
14963840
77
-3
-13
3626
1101
381
14964865
70
-4
-12
3634
1101
384
14965890
69
-3
-12
3631
1107
389
14966915
60
-2
-17
3630
1119
392
14967940
42
-2
-26
3638
1113
383
14968965
35
-2
-35
3639
1112
396
14969990
27
0
-42
3657
1120
392
14971015
13
1
-44
3661
1105
397
14972040
7
0
-43
3655
1109
389
14973065
6
-1
-44
3641
1119
401
14974090
-2
1
-47
3612
1120
417
14975115
-4
4
-60
3614
1112
400
14976140
12
9
-71
3607
1130
400
14977165
8
21
-84
3613
1145
399
14978190
-6
29
-106
3627
1141
367
14971009
-12
25
-125
3637
1144
389
14972034
-32
20
-132
3657
1159
408
14973059
-75
24
-132
3645
1143
402
14974084
-131
29
-143
3618
1061
351
14975109
-125
23
-165
3657
997
304
14976134
-77
3
-152
3711
1018
342
14977159
-64
-14
-97
3698
1027
366
14978184
-61
-35
-28
3676
1031
346
14979209
-51
-55
32
3620
1018
334
14980234
-23
-66
77
3587
1045
367
14981259
-18
-69
111
3572
1107
387
14982284
-54
-71
140
3577
1125
377
14983309
-82
-75
162
3587
1131
382
14984334
-90
-71
173
3600
1140
372
14985359
-73
-62
175
3620
1161
366
14986384
-57
-53
162
3638
1183
376
14979200
-52
-41
136
3645
1190
352
14980225
-44
-36
104
3659
1196
352
14981250
-47
-38
72
3679
1216
368
14982275
-56
-39
53
3670
1207
380
14983300
-74
-40
42
3652
1215
386
14984325
-100
-37
31
3638
1196
409
14985350
-117
-27
18
3633
1153
419
14986375
-110
-15
0
3630
1123
424
14987400
-94
-3
-18
3635
1096
421
14988425
-92
5
-28
3631
1091
417
14989450
-100
7
-29
3646
1085
414
14990475
-114
11
-24
3666
1067
407
14991500
-105
16
-18
3657
1056
403
14992525
-81
20
-15
3663
1057
392
14993550
-71
23
-14
3645
1073
405
14994575
-81
26
-19
3629
1060
406
14987393
-82
28
-21
3623
1058
388
14988418
-71
31
-19
3623
1064
378
14989443
-59
35
-15
3629
1067
370
14990468
-46
36
-13
3638
1069
378
14991493
-44
36
-13
3646
1075
377
14992518
-46
34
-14
3659
1082
368
14993543
-46
28
-10
3646
1082
384
14994568
-44
27
-7
3623
1076
391
14995593
-40
27
-13
3634
1075
385
14996618
-37
27
-20
3632
1064
383
14997643
-38
24
-25
3630
1060
391
14998668
-37
19
-21
3630
1066
404
14999693
-35
14
-4
3617
1054
399
15000718
-20
9
10
3606
1059
425
15001743
1
11
17
3616
1054
466
15002768
23
22
17
3645
1062
453
14995584
42
33
17
3673
1084
443
14996609
53
35
19
3687
1080
462
14997634
56
31
26
3686
1082
497
14998659
37
23
37
3674
1078
494
14999684
0
12
42
3667
1079
504
15000709
-48
7
49
3656
1057
515
15001734
-79
12
56
3645
1012
489
15002759
-71
24
64
3639
993
464
15003784
-33
35
75
3647
981
457
15004809
18
44
99
3636
984
445
15005834
60
48
122
3633
1011
433
15006859
71
44
142
3623
1039
431
15007884
62
40
155
3622
1057
416
15008909
50
36
153
3633
1066
422
15009934
40
34
146
3639
1074
414
15010959
33
32
134
3652
1081
404
15003775
30
28
122
3656
1085
395
15004800
36
21
106
3665
1077
403
15005825
42
18
90
3646
1065
425
15006850
52
17
68
3644
1050
416
15007875
72
21
47
3655
1033
414
15008900
94
23
31
3671
1024
426
15009925
98
22
28
3655
1029
435
15010950
80
18
28
3637
999
438
15011975
79
10
34
3640
988
446
15013000
78
0
43
3650
993
483
15014025
62
-5
55
3645
986
493
15015050
53
-2
63
3649
983
493
15016075
53
1
63
3671
975
506
15017100
57
6
60
3675
965
526
15018125
59
10
57
3695
972
531
15019150
52
12
55
3709
970
531
15011969
39
10
55
3714
957
543
15012994
21
6
57
3708
963
554
15014019
-11
2
66
3695
972
566
15015044
-46
-1
74
3678
958
566
15016069
-65
-3
84
3671
949
571
15017094
-76
0
94
3675
949
576
15018119
-73
5
102
3679
950
580
15019144
-66
13
105
3689
961
589
15020169
-71
22
103
3678
952
576
15021194
-71
26
92
3670
943
561
15022219
-75
27
77
3667
936
566
15023244
-89
26
65
3663
924
570
15024269
-95
26
60
3658
921
559
15025294
-99
25
57
3653
916
545
15026319
-102
28
51
3645
893
528
15027344
-82
31
41
3642
882
517
15020160
-63
31
31
3653
891
509
15021185
-56
27
27
3659
885
500
15022210
-48
21
27
3693
907
495
15023235
-57
17
30
3695
893
481
15024260
-54
9
28
3683
887
486
15025285
-48
2
21
3679
878
507
15026310
-50
2
10
3653
858
517
15027335
-34
9
-8
3635
852
492
15028360
-13
15
-28
3664
864
491
15029385
9
29
-44
3691
827
489
15030410
49
45
-57
3696
814
463
15031435
107
51
-79
3746
829
457
15032460
144
57
-94
3803
843
456
15033485
159
63
-99
3801
840
426
15034510
182
61
-109
3724
827
412
15035535
194
49
-128
3656
836
421
15028352
184
34
-138
3615
846
435
15029377
158
21
-135
3529
827
449
15030402
149
12
-134
3478
812
442
15031427
166
6
-134
3489
824
423
15032452
184
9
-132
3536
817
419
15033477
218
14
-127
3565
823
410
15034502
247
9
-124
3588
847
416
15035527
246
-6
-126
3628
860
429
15036552
228
-23
-130
3646
855
444
15037577
223
-42
-137
3659
858
452
15038602
224
-56
-139
3683
875
459
15039627
240
-66
-131
3714
876
465
15040652
275
-69
-114
3737
901
514
15041677
288
-65
-99
3727
935
587
15042702
262
-53
-90
3690
902
615
15043727
278
-46
-87
3672
914
615
15036544
303
-38
-91
3680
993
637
15037569
239
-22
-89
3678
1018
636
15038594
187
-3
-90
3700
1006
619
15039619
161
17
-81
3688
1044
589
15040644
118
36
-66
3653
1071
558
15041669
77
45
-50
3624
1039
525
15042694
92
47
-34
3609
1021
489
15043719
120
50
-19
3598
1073
477
15044744
114
50
-18
3602
1065
452
15045769
119
49
-31
3577
1028
411
15046794
133
36
-58
3626
1048
398
15047819
125
18
-70
3683
1070
403
15048844
108
-5
-47
3692
1087
378
15049869
92
-33
-2
3685
1126
393
15050894
65
-56
43
3664
1120
398
15051919
51
-73
85
3663
1127
412
15044736
35
-82
126
3640
1160
437
15045761
31
-84
158
3595
1153
462
15046786
36
-83
180
3566
1175
484
15047811
18
-81
187
3568
1175
497
15048836
1
-76
187
3578
1167
488
15049861
24
-74
185
3671
1238
514
15050886
-4
-59
192
3757
1300
539
15051911
-72
-45
208
3757
1249
507
15052936
-51
-46
206
3737
1225
496
15053961
-34
-48
184
3685
1270
507
15054986
-74
-54
149
3636
1275
499
15056011
-135
-59
107
3591
1305
507
15057036
-250
-60
70
3589
1282
505
15058061
-359
-54
50
3598
1171
471
15059086
-368
-44
41
3619
1083
435
15060111
-312
-29
43
3646
1060
406
15052927
-250
-11
46
3678
1025
366
15053952
-180
3
50
3682
1028
363
15054977
-132
14
51
3683
1028
352
15056002
-95
25
52
3650
1022
337
15057027
-71
32
51
3625
1046
332
15058052
-82
39
49
3618
1045
336
15059077
-100
54
51
3595
998
323
15060102
-81
74
52
3602
983
296
15061127
-38
95
57
3663
984
293
15062152
14
127
69
3724
952
279
15063177
97
164
83
3749
930
245
15064202
206
199
90
3779
923
215
15065227
317
223
84
3845
925
214
15066252
408
244
80
3816
921
203
15067277
480
248
75
3745
923
189
15068302
524
226
74
3703
948
185
15061121
540
201
95
3758
936
167
15062146
563
189
138
3687
925
172
15063171
566
149
201
3619
937
195
15064196
525
136
267
3575
870
238
15065221
518
145
349
3569
780
231
15066246
547
141
455
3576
777
228
15067271
543
121
553
3581
794
272
15068296
501
108
623
3635
682
260
15069321
519
100
669
3746
475
228
15070346
624
101
727
3856
448
210
15071371
740
79
756
3997
544
221
15072396
791
50
758
4035
559
292
15073421
798
20
736
3921
485
372
15074446
787
-16
722
3775
466
391
15075471
781
-62
710
3667
577
447
15076496
718
-105
702
3729
626
493
15069313
672
-130
722
3905
681
488
15070338
688
-140
760
4034
739
495
15071363
752
-136
819
4043
760
494
15072388
881
-144
872
4097
866
493
15073413
981
-153
922
3964
939
535
15074438
1030
-191
933
3839
989
577
15075463
1023
-251
912
3771
1037
598
15076488
921
-331
882
3736
1108
614
15077513
753
-387
840
3730
1149
676
15078538
562
-476
807
3855
1185
703
15079563
362
-533
822
4001
1125
755
15080588
266
-519
837
3966
1151
892
15081613
281
-506
835
3823
1187
1007
15082638
345
-457
805
3628
1262
1031
15083663
409
-454
769
3438
1480
1190
15084688
250
-440
751
3221
1734
1362
15077504
-152
-385
732
2898
1846
1351
15078529
-614
-367
692
2649
1913
1259
15079554
-1124
-350
650
2385
1840
1155
15080579
-1521
-330
575
2230
1580
1056
15081604
-1643
-323
487
2154
1488
1040
15082629
-1705
-291
374
1977
1547
1060
15083654
-1921
-227
235
2150
1590
962
15084679
-2240
-114
108
2973
1719
880
15085704
-2569
80
47
4526
2039
1007
15086729
-3026
478
28
6076
2275
745
15087754
-3389
949
-18
7029
2149
80
15088779
-3338
1327
-205
8161
1752
-487
15089804
-2744
1708
-641
9009
943
-1441
15090829
-1520
1986
-1246
9259
152
-2282
15091854
-15
2103
-2002
9305
-170
-1980
15092879
807
2113
-2793
9276
-37
-1667
15085697
837
2000
-3334
8566
-282
-2132
15086722
934
1655
-3598
7579
599
-2036
15087747
396
1176
-3731
7050
1491
-1708
15088772
-680
842
-3603
6364
448
-1921
15089797
-957
692
-3296
5031
-846
-2144
15090822
-842
564
-2811
3433
-2036
-2137
15091847
-1160
417
-1987
2107
-2297
-1894
15092872
-1599
162
-1544
1797
-1881
-1944
15093897
-1751
-21
-1242
1262
-4535
-2662
15094922
-1319
35
-233
21
-6957
-3112
15095947
-162
-74
915
82
-5067
-3162
15096972
642
-532
1392
744
-3222
-2705
15097997
760
-794
1789
432
-3662
-1770
15099022
816
-900
2306
809
-3087
-1090
15100047
932
-1008
2995
2665
-1131
-867
15101072
981
-1437
3428
5902
1230
-374
15093947
576
-1784
3422
10527
1814
153
15094972
-239
-1581
4054
12570
1335
-923
15095997
106
-1799
4392
10879
645
-419
15097022
2583
-2046
2648
9880
1955
2058
15098047
3101
-1528
1209
7622
2802
3023
15099072
1562
-1106
112
6686
1837
2927
15100097
444
-750
88
5083
2186
2444
15101122
-38
-607
26
3362
2803
2314
15102147
-645
-415
-97
1884
1930
2636
15103172
-501
-161
-40
404
1329
3097
15104197
405
22
-79
-293
1604
3211
15105222
1172
284
-174
-569
2174
2782
15106247
1397
451
-264
-748
3194
2342
15107272
798
477
-442
-812
3608
2176
15108297
-245
528
-685
-723
3176
1797
15109322
-853
504
-980
-334
2763
1311
15102079
-1020
399
-1271
71
2667
930
15103104
-1241
321
-1527
467
2983
533
15104129
-1650
194
-1818
1986
3672
559
15105154
-2119
-103
-2060
7842
5331
1082
15106179
-3366
193
-2097
15761
7258
657
15107204
-5227
1345
-283
11270
4799
-2518
15108229
-4012
858
-1551
12291
1715
-3059
15109254
-1411
1115
-2370
12446
524
-351
15110279
-978
1837
-2759
10691
-321
-463
15111304
-126
2003
-2983
8208
-741
-1443
15112329
1092
1594
-3153
6592
452
-645
15113354
205
1353
-3036
5700
288
-902
15114379
-525
1246
-2603
4849
-727
-1899
15115404
-696
1006
-2117
3504
-657
-2408
15116429
-1746
667
-1681
2175
-1970
-2615
15117454
-2744
416
-1111
1198
-4335
-2457
15110273
-1839
359
-341
559
-5070
-2845
15111298
-248
-17
444
68
-5371
-4175
15112323
351
-623
1530
-327
-4872
-3908
15113348
516
-1262
2226
521
-3329
-3283
15114373
193
-1685
2663
1636
-2416
-2758
15115398
-274
-1864
3031
2255
-2373
-2386
15116423
-197
-2014
3687
3868
-1919
-2352
15117448
644
-2858
3966
8680
545
-2298
15118473
1064
-3186
3822
13545
2310
-816
15119498
810
-2718
5149
11953
1090
-50
15120523
1705
-2645
4316
11456
-397
587
15121548
2946
-2021
2886
10492
2046
1252
15122573
3137
-1524
1702
7642
4262
1745
15123598
2260
-1344
51
6332
3334
2752
15124623
1218
-965
-477
5070
2396
3078
15125648
804
-588
-572
3455
2307
2955
15118464
568
-330
-802
2125
1868
2691
15119489
461
-79
-938
929
1797
1855
15120514
700
-33
-1021
12
2105
1879
15121539
726
-10
-1062
-494
1546
2536
15122564
594
101
-933
-593
1122
2726
15123589
619
251
-997
-476
1531
2624
15124614
520
255
-821
-368
1832
2418
15125639
-171
273
-771
-221
1570
2013
15126664
-566
266
-759
-232
1551
1880
15127689
-871
228
-892
463
1940
1456
15128714
-1531
292
-985
2079
2275
1096
15129739
-2397
131
-933
7244
3215
1251
15130764
-3653
20
-399
16544
4486
-54
15131789
-4364
785
2195
11307
2109
-1253
15132814
-2360
250
1072
11320
1745
-1063
15133839
-1541
1006
54
11116
404
-1785
15126656
-1854
1740
-401
8130
-2051
-3054
15127681
-640
1566
-1381
6569
-1466
-2439
15128706
-325
1510
-1729
5479
757
-1280
15129731
-1169
1466
-2105
4989
1275
-1324
15130756
-1778
1343
-2078
4455
-1343
-2697
15131781
-1028
1371
-1378
2795
-3198
-3014
15132806
396
1082
-1036
1368
-1757
-3170
15133831
1106
587
-740
296
-1824
-3268
15134856
777
296
-289
-357
-2880
-2680
15135881
333
182
215
-662
-2914
-2475
15136906
608
-104
684
-222
-2927
-2624
15137931
981
-328
1091
178
-2543
-2475
15138956
1128
-447
1467
345
-2013
-1908
15139981
1179
-575
1886
1605
-1538
-1700
15141006
1525
-861
2281
4303
-995
-1907
15142031
1934
-1304
2447
8637
-515
-1215
15134850
2103
-1169
2483
12803
850
-590
15135875
2391
-754
3213
10111
1330
-696
15136900
2831
-1275
2171
8390
1477
327
15137925
2486
-1553
807
7339
877
2613
15138950
1613
-1251
-144
6012
696
3029
15139975
953
-804
-682
4822
1801
2617
15141000
212
-459
-750
3696
2469
2171
15142025
-302
-296
-750
2863
2770
1510
15143050
91
-326
-544
1816
2511
1552
15144075
518
-466
-386
972
2323
2421
15145100
409
-372
-467
532
1764
2808
15146125
159
-83
-572
-15
1714
2536
15147150
85
27
-774
-455
2509
2444
15148175
-145
-2
-1105
-397
2662
2582
15149200
-469
185
-1538
871
682
1858
15150225
704
353
-1319
-557
1773
1566
15143039
669
-252
-1487
-1223
3765
1542
15144064
-1425
-458
-2532
2635
3965
632
15145089
-3170
-382
-3616
7018
6505
823
15146114
-5392
-487
-2919
12099
7471
-639
15147139
-5687
-22
-222
11251
5795
-2369
15148164
-2627
336
144
12918
4706
-2096
15149189
-2051
880
-897
11699
2510
-1784
15150214
-3186
1312
-876
8607
550
-2041
15151239
-2445
1385
-962
6813
-802
-1599
15152264
-1272
1313
-1092
4556
-1511
-1256
15153289
-824
858
-1343
2854
-449
-969
15154314
-1200
464
-907
2781
-1826
-2035
15155339
-968
649
-295
1462
-3360
-2815
15156364
-119
530
220
276
-3110
-2789
15157389
389
175
438
599
-2225
-2468
15158414
647
-2
330
895
-2102
-2296
15151232
767
137
801
320
-3054
-2638
15152257
1312
48
1151
601
-3174
-2834
15153282
1774
-103
1478
854
-1677
-2413
15154307
1552
-297
1804
1075
-675
-1652
15155332
1148
-635
2229
2956
2
-1610
15156357
1073
-1497
2508
7119
835
-1285
15157382
733
-1889
2681
12064
1322
-565
15158407
750
-1371
3875
10604
497
-444
15159432
1768
-1521
3453
9835
388
-640
15160457
3160
-1439
2108
9607
1611
971
15161482
3636
-946
1387
7551
2831
1883
15162507
2946
-670
660
6009
2879
1950
15163532
2231
-547
518
4521
2551
2014
15164557
1691
-534
641
2900
2731
2307
15165582
955
-494
584
1468
2298
2773
15166607
447
-375
341
569
1835
2680
15159424
291
-293
149
80
1773
2134
15160449
274
-278
-24
-72
1861
1987
15161474
162
-229
-220
-145
2142
2019
15162499
-264
-118
-413
-351
2127
1939
15163524
-854
-11
-555
-376
1795
1662
15164549
-939
-19
-777
-230
1647
1516
15165574
-958
25
-1091
414
1498
1438
15166599
-1176
76
-1285
1341
1499
1074
15167624
-1504
-1
-1238
3715
2058
898
15168649
-1949
-217
-1705
10085
3625
778
15169674
-3314
448
-902
12613
3469
-190
15170699
-3874
864
875
9271
2042
-1360
15171724
-2304
816
15
10815
1263
-1205
15172749
-2023
1250
-263
9593
340
-966
15173774
-1543
1426
-616
8251
-507
-1746
15174799
-225
1412
-1362
7642
-232
-1682
15167742
126
1222
-1508
6038
437
-1244
15168767
-567
1047
-1761
4837
-171
-1207
15169792
-1340
1061
-1363
3565
-1369
-1712
15170817
-1401
908
-949
2312
-1711
-2288
15171842
-688
440
-937
1484
-1295
-2213
15172867
-550
271
-792
470
-1606
-2297
15173892
-742
289
-399
-339
-3123
-2666
15174917
142
251
12
-225
-2958
-2769
15175942
1186
183
253
145
-1583
-2583
15176967
1358
96
412
466
-1428
-2271
15177992
1235
31
575
704
-1984
-1776
15179017
1408
-26
810
985
-1533
-1236
15180042
1640
-244
1123
2931
-337
-1158
15181067
1879
-974
1207
7738
880
-812
15182092
1703
-1178
1298
12468
1437
-419
15183117
1614
-650
3062
9452
800
-132
15175808
2467
-1154
2693
8800
1173
252
15176833
2910
-1321
1914
7974
1240
1270
15177858
2959
-1312
1282
6121
1221
2248
15178883
2653
-1251
489
5107
1788
2307
15179908
1492
-1038
259
4038
2438
1867
15180933
198
-919
224
2986
2398
2162
15181958
-666
-746
105
2181
1696
2217
15182983
-749
-606
-34
1536
1287
2049
15184008
-351
-535
-111
887
1425
1976
15185033
53
-507
-300
506
1375
2146
15186058
275
-479
-478
511
1285
2409
15187083
185
-364
-548
298
1367
2473
15188108
-107
-291
-625
250
1457
2379
15189133
-644
-189
-806
517
1269
2208
15190158
-1115
-75
-884
258
1866
1886
15191183
-1668
-186
-613
350
1924
1328
15184000
-2464
-251
-613
2764
2612
879
15185025
-3319
-285
-288
8515
4576
971
15186050
-5190
146
765
13935
5144
-1015
15187075
-5228
826
3162
9729
2460
-1945
15188100
-2606
19
1580
11249
2356
-1697
15189125
-2182
926
358
9660
398
-1665
15190150
-1665
1265
-521
7041
-2519
-1807
15191175
181
998
-1737
5386
-1392
-826
15192200
236
759
-2243
4613
117
-461
15193225
-331
1085
-2162
4175
837
-775
15194250
-20
1931
-1100
4171
719
-1149
15195275
-594
1800
-784
856
1
-2208
15196300
-797
1174
-1830
3356
-2457
-3092
15197325
285
1792
-586
1447
-2713
-2831
15198350
1283
1454
-479
-297
-1648
-2580
15199375
1325
1190
-396
722
-1590
-2648
15192192
1462
1173
-166
1291
-2157
-3019
15193217
1953
1044
218
501
-2755
-2786
15194242
2065
755
725
211
-2188
-2349
15195267
1753
372
1178
1209
-1216
-1868
15196292
1577
-92
1645
3510
-330
-1320
15197317
1789
-653
1929
7336
576
-352
15198342
1757
-747
2297
11692
1114
-115
15199367
2078
-298
3389
10779
807
-995
15200392
4094
-769
2946
9828
2047
343
15201417
6074
-1090
1633
8347
3705
3293
15202442
5332
-749
680
5864
3486
4327
15203467
3001
-303
46
4194
2848
3858
15204492
1141
85
164
2676
3570
3232
15205517
-183
288
233
1381
4397
2560
15206542
-1296
257
52
915
3252
2196
15207567
-1241
349
70
271
1784
2221
15200384
-137
451
-33
-483
1882
1856
15201409
778
398
-307
-559
2780
1535
15202434
844
323
-630
-549
3411
1316
15203459
162
235
-928
-575
3252
1148
15204484
-503
139
-1188
-630
2815
940
15205509
-944
-2
-1499
-610
2459
722
15206534
-1329
-153
-1766
-643
2110
428
15207559
-1948
-388
-1793
21
2531
174
15208584
-3014
-620
-1898
2478
3521
82
15209609
-3647
-1101
-1830
7617
5937
445
15210634
-4285
-1427
-1298
16082
9290
218
15211659
-5577
-334
507
11086
5949
-1366
15212684
-3956
-398
-1207
11494
2639
-1291
15213709
-2247
372
-1880
10344
515
-100
15214734
-1454
786
-1855
7586
118
162
15215759
-755
734
-2138
6383
230
114
15208577
-922
782
-1793
5058
259
-487
15209602
-1229
760
-1430
3972
-652
-1601
15210627
-1106
639
-997
2926
-2279
-2240
15211652
-718
574
-466
1706
-3085
-2250
15212677
69
366
-224
1037
-2608
-2293
15213702
711
76
35
1163
-2238
-2194
15214727
857
-24
435
996
-2383
-2138
15215752
959
-63
897
480
-2610
-1957
15216777
1200
-207
1210
423
-1806
-1729
15217802
1169
-382
1370
625
-1496
-1265
15218827
1001
-433
1575
663
-1687
-687
15219852
1342
-496
1906
1870
-1422
-322
15220877
2194
-734
2291
4870
131
-277
15221902
2548
-992
2328
10065
1733
-330
15222927
2001
-717
3104
13714
2925
-528
15223952
2411
-317
4334
10656
3650
-55
15216768
4708
-800
2533
8726
3068
955
15217793
5622
-717
670
7145
2895
2169
15218818
4259
-474
-81
5783
2869
2976
15219843
2444
-296
-18
4155
3383
2463
15220868
998
-251
52
2408
4399
1892
15221893
-542
-196
-186
1545
3391
1722
15222918
-1330
5
-239
888
1612
1829
15223943
-365
116
-310
368
883
2237
15224968
1079
269
-386
-35
1170
2247
15225993
1946
352
-391
-299
1591
1931
15227018
1987
293
-502
-256
2222
1494
15228043
957
148
-555
-343
3015
1338
15229068
-802
-15
-687
-378
2911
1194
15230093
-2282
-115
-880
-160
2046
973
15231118
-2945
-216
-937
342
1402
541
15232143
-3092
-355
-859
1901
1587
237
15224960
-3074
-848
-626
7419
2909
588
15225985
-3684
-935
80
16317
5584
835
15227010
-5066
322
3026
10384
5372
-520
15228035
-4712
-277
1465
9578
4369
-1470
15229060
-5159
-311
316
9383
659
-1134
15230085
-5031
461
-154
7085
-1752
-876
15231110
-2678
945
-1176
6009
-2267
-638
15232135
-221
1206
-1419
4666
-726
-417
15233160
1003
1154
-1622
4035
806
-449
15234185
264
1008
-1348
3285
900
-925
15235210
-1078
994
-946
2273
-1404
-1963
15236235
-865
936
-510
1558
-2803
-2535
15237260
260
873
-241
937
-1956
-2768
15238285
705
887
-189
211
-1665
-3060
15239310
724
764
-37
-91
-2383
-3258
15240335
1271
543
211
193
-2880
-3075
15233151
1969
268
538
307
-2210
-2344
15234176
1925
-10
890
470
-1537
-1394
15235201
1647
-283
1299
1909
-772
-756
15236226
1813
-776
1658
5309
618
-747
15237251
1652
-1327
1674
10920
1913
-886
15238276
784
-1127
2761
11829
2114
-763
15239301
1124
-1346
3362
9238
863
266
15240326
2803
-1789
1596
8892
1137
2162
15241351
3217
-1431
730
6905
1493
2838
15242376
2340
-1141
-10
5572
2010
2189
15243401
1353
-1066
-184
4565
2479
2190
15244426
497
-957
-88
3259
2509
2519
15245451
-243
-855
-23
2294
1646
2837
15246476
-388
-649
126
1345
704
3028
15247501
113
-431
210
368
1098
2937
15248526
284
-360
211
-365
1931
2652
15241345
-128
-394
140
-779
2137
2231
15242370
-547
-447
38
-975
2214
2117
15243395
-875
-434
-134
-1126
2254
2080
15244420
-1163
-376
-352
-929
1944
1860
15245445
-1198
-300
-554
-539
1719
1532
15246470
-1165
-210
-769
200
1992
1063
15247495
-1282
-246
-1021
2603
3218
1153
15248520
-1765
-381
-1574
9444
5260
1399
15249545
-3529
417
-1114
14311
6254
137
15250570
-4104
1328
879
10075
3812
-1964
15251595
-1052
914
-921
12085
3523
-1364
15252620
-307
1345
-1204
11075
1614
-1085
15253645
104
1749
-1688
9105
-618
-1369
15254670
1262
1766
-2092
7172
-685
-1049
15255695
910
1488
-1978
4949
233
-812
15256720
-719
1131
-1733
3902
11
-999
15249536
-1948
845
-1569
3357
-1268
-1540
15250561
-1803
731
-1354
2214
-2442
-1963
15251586
-1273
614
-968
1172
-3504
-1907
15252611
-611
423
-553
1016
-2989
-2026
15253636
354
288
-355
1209
-2629
-2326
15254661
810
276
-103
865
-3106
-2232
15255686
602
347
501
228
-3012
-1861
15256711
739
212
729
584
-2290
-1692
15257736
862
83
938
1038
-1528
-1403
15258761
869
-69
1153
1913
-1119
-763
15259786
1100
-289
1468
4194
-135
-684
15260811
1392
-805
1664
8099
1033
-700
15261836
1318
-873
2239
10744
1784
-687
15262861
1455
-780
3370
9371
2347
-470
15263886
2549
-1218
2776
9005
2505
564
15264911
2784
-1180
2045
7920
2829
1458
15257728
1922
-1087
1504
6607
2546
1741
15258753
1285
-1049
1072
5685
2319
1891
15259778
923
-909
1042
4149
2523
2121
15260803
495
-754
915
2758
2515
2252
15261828
230
-636
734
1736
1957
2349
15262853
430
-549
585
1007
1513
2772
15263878
717
-337
454
231
1612
2950
15264903
732
-117
309
-326
1710
2654
15265928
575
-12
154
-460
1864
2329
15266953
328
-7
-4
-468
2068
2280
15267978
-313
-34
-147
-303
2110
2089
15269003
-1106
8
-332
-281
2069
1632
15270028
-1786
42
-429
91
1952
1016
15271053
-1860
-47
-515
2367
1991
816
15272078
-1728
-290
-724
9019
3687
1433
15273103
-3048
241
-296
14518
4922
431
15265920
-4316
1443
1408
9261
2803
-2284
15266945
-1839
1000
-314
10624
1945
-1879
15267970
-317
1180
-1119
10466
-294
-226
15268995
740
1606
-1809
8195
-1141
450
15270020
1677
1769
-2630
6840
-642
510
15271045
1684
1632
-2869
5364
-3
114
15272070
841
1282
-2888
4208
1054
-122
15273095
-1009
1030
-2742
3786
1588
-575
15274120
-2463
926
-2658
3226
-176
-1618
15275145
-2837
695
-2197
2954
-2625
-2339
15276170
-2852
558
-1430
2295
-2858
-2058
15277195
-2910
623
-840
1250
-1984
-2319
15278220
-2383
496
-773
905
-1557
-3601
15279245
-1919
-34
-647
1539
-2553
-4220
15280270
-1632
-216
34
1169
-3397
-3687
15281295
-445
-435
560
317
-2601
-2916
15274112
671
-881
913
506
-1415
-2218
15275137
780
-1213
1322
1472
-552
-1969
15276162
1036
-1791
1808
3194
94
-1248
15277187
1530
-2442
2375
6292
703
311
15278212
1981
-2598
2998
11163
1353
1127
15279237
2192
-2026
3879
12982
2602
-101
15280262
3735
-1717
3531
11723
3417
-192
15281287
6546
-1494
1446
9852
4067
2065
15282312
7029
-1048
-162
7353
4460
4719
15283337
4500
-430
-858
5419
3229
5378
15284362
1488
325
-593
3027
2787
3459
15285387
429
414
-443
1336
3217
2507
15286412
-83
392
-401
125
2662
2574
15287437
-308
382
-360
-731
1807
2476
15288462
351
360
-391
-1052
1315
2113
15289487
1338
299
-474
-1214
1940
1761
15282304
1035
79
-579
-1151
3294
1506
15283329
-867
-183
-762
-939
3640
1403
15284354
-2597
-305
-1018
-645
2079
1080
15285379
-2986
-430
-1185
-317
961
814
15286404
-2639
-563
-1228
-78
1011
676
15287429
-2541
-668
-1219
635
1328
635
15288454
-2780
-908
-869
2871
2184
859
15289479
-3004
-1396
-490
10271
4674
1451
15290504
-3935
-845
581
16060
7385
-89
15291529
-4971
149
3247
10620
5428
-2307
15292554
-3609
-213
827
12436
3055
-2528
15293579
-2243
684
288
9708
-14
-1728
15294604
-644
1457
-1101
7155
-1806
-1328
15295629
447
1690
-2140
6022
-1504
-827
15296654
773
1844
-2173
4602
-289
-714
15297679
1091
1863
-2341
3382
1697
-596
15290496
731
1607
-2421
2957
1485
-954
15291521
-249
1512
-2028
2614
-1383
-1584
15292546
-76
1429
-1470
1633
-2523
-1604
15293571
690
1302
-1143
307
-2046
-1430
15294596
588
1134
-693
-739
-1658
-1334
15295621
311
822
-268
-704
-1594
-1508
15296646
333
504
54
158
-2650
-1960
15297671
570
363
571
196
-3033
-2011
15298696
811
160
959
-127
-2306
-1742
15299721
631
-63
1454
256
-1681
-1608
15300746
702
-379
1987
1971
-1019
-1993
15301771
1292
-1186
2419
6472
423
-2020
15302796
1570
-2275
1957
17086
2396
-1938
15303821
1456
-1633
4231
15207
2707
-651
15304846
1884
-2063
4660
10837
867
-328
15305871
2956
-2525
2958
8241
-608
1274
15298688
2812
-2047
1753
6470
-267
2077
15299713
1173
-1538
968
5388
646
1318
15300738
103
-1235
604
4020
1644
1183
15301763
-130
-1175
-58
3243
2457
904
15302788
-560
-1194
-412
3148
1723
783
15303813
-835
-1101
-172
2564
540
935
15304838
-200
-1048
-34
1928
176
1276
15305863
688
-942
85
1585
316
1583
15306888
1209
-723
351
1139
624
1551
15307913
1483
-592
584
705
907
1324
15308938
1560
-596
753
488
1148
1127
15309963
1461
-704
900
753
1404
1208
15310988
1164
-770
1056
1267
1614
1456
15312013
677
-758
1238
1864
1862
1749
15313038
94
-724
1365
2700
2064
1826
15314063
-501
-657
1421
3946
2243
1854
15306905
-1048
-543
1303
6791
2736
2081
15307930
-1733
-25
898
11056
3668
2172
15308955
-3075
1218
1217
8158
2268
-853
15309980
-2682
1652
249
5350
-39
-3355
15311005
-307
1490
-1783
6322
-1624
-1620
15312030
483
1692
-2632
7778
-2011
-562
15313055
488
2340
-2477
7289
-2695
-1080
15314080
1950
2620
-2689
6329
-998
-1711
15315105
2773
2335
-3309
5807
17
-1962
15316130
1980
2088
-3327
5029
-1732
-2118
15317155
1553
1844
-3104
4409
-2004
-1878
15318180
1474
1608
-3065
4043
-1102
-1393
15319205
994
1449
-2997
3687
-1914
-1246
15320230
476
1452
-2388
2870
-2610
-1050
15321255
404
1341
-1758
2690
-1348
-895
15322280
301
1149
-1475
3477
-580
-903
15315072
411
1117
-1328
3913
-299
-959
15316097
818
1135
-1309
4032
63
-846
15317122
1035
1180
-1258
4446
25
-814
15318147
1247
1317
-1048
4329
-307
-832
15319172
1626
1482
-718
3590
-93
-654
15320197
1869
1569
-422
3428
516
-363
15321222
1805
1729
-109
3887
844
-431
15322247
1732
2004
316
3654
707
-808
15323272
1924
2168
711
3005
760
-984
15324297
2203
2217
1004
2655
939
-929
15325322
2439
2280
1238
2556
862
-824
15326347
2719
2358
1469
2868
758
-886
15327372
3098
2445
1791
3152
724
-894
15328397
3476
2545
2117
3720
1077
-659
15329422
3765
2631
2426
5453
1499
-602
15330447
4021
2750
2891
7837
1694
-1080
15323264
4481
2812
3511
8824
1993
-2190
15324289
5497
2566
3948
6374
2056
-2709
15325314
6644
1771
3518
4210
2521
-1485
15326339
6318
1094
2823
2848
2573
449
15327364
4776
688
2354
2982
1555
1625
15328389
2939
615
2520
3995
1107
1711
15329414
1133
685
2942
4034
1686
1338
15330439
-660
594
3054
3934
1976
728
15331464
-2030
370
2918
4390
1705
-302
15332489
-2486
156
2743
4686
1439
-1297
15333514
-1924
-135
2521
4639
1161
-1722
15334539
-814
-507
2271
4410
1143
-1397
15335564
282
-715
2020
3866
823
-716
15336589
1428
-720
1709
3530
306
-191
15337614
2589
-589
1436
3416
446
-14
15338639
3354
-446
1237
3396
827
-34
15331457
3746
-362
1060
3481
1063
-179
15332482
3954
-366
885
3671
1344
-309
15333507
3906
-443
743
3777
1601
-321
15334532
3575
-565
631
3699
1622
-281
15335557
3127
-745
540
3520
1540
-155
15336582
2639
-934
477
3343
1511
81
15337607
2133
-1108
408
3429
1470
255
15338632
1704
-1244
332
3670
1336
270
15339657
1445
-1337
286
3793
1236
261
15340682
1296
-1428
245
3914
1281
299
15341707
1167
-1508
220
3979
1270
379
15342732
1125
-1591
174
4084
1235
459
15343757
1141
-1649
153
4002
1255
573
15344782
1102
-1737
127
4015
1366
775
15345807
943
-1829
102
4259
1467
1174
15346832
664
-1835
63
4510
1438
1409
15339648
326
-1779
13
4533
1294
1278
15340673
82
-1785
-95
4535
1419
1479
15341698
-228
-1756
-264
4478
1727
2084
15342723
-800
-1638
-512
4368
1430
2429
15343748
-1084
-1486
-828
4606
596
2565
15344773
-817
-1315
-973
4615
176
2690
15345798
-970
-1051
-856
4317
40
2756
15346823
-2154
-604
-496
4014
-203
2550
15347848
-3091
-155
-20
3280
-1049
2037
15348873
-2033
-97
-163
3105
-1932
1875
15349898
-150
-23
-174
3399
-1313
2361
15350923
329
367
283
3629
-614
2384
15351948
38
753
630
3939
-170
1764
15352973
-82
1078
681
4008
232
1400
15353998
198
1381
527
3671
484
1208
15355023
907
1510
316
4777
838
703
15347839
1773
1636
-19
7199
1843
827
15348864
1975
2046
-309
9684
2449
807
15349889
1632
2724
-272
9014
1806
-836
15350914
2109
2848
-810
7796
1246
-1845
15351939
2745
2426
-1816
7636
1558
-1318
15352964
1976
2061
-2597
7638
1527
-941
15353989
998
1810
-3138
7703
726
-1273
15355014
958
1585
-3367
7007
530
-1604
15356039
955
1326
-3464
6064
861
-1865
15357064
364
987
-3367
5480
639
-2197
15358089
-478
617
-3030
5092
-256
-2334
15359114
-980
367
-2567
4553
-1278
-2266
15360139
-1304
302
-1881
3524
-2944
-2516
15361164
-1381
380
-867
1782
-4212
-3052
15362189
-611
91
-102
843
-3822
-3229
15363214
139
-370
442
585
-3650
-3033
15356031
215
-609
1123
-297
-4156
-2612
15357056
334
-803
1731
-729
-3977
-2115
15358081
756
-1058
2176
201
-2633
-1474
15359106
1047
-1242
2542
1942
-1224
-853
15360131
1297
-1326
3000
4390
-193
-485
15361156
1955
-1545
3146
9481
329
-602
15362181
2369
-1159
3533
14019
2493
-867
15363206
1360
-854
5215
11532
2475
-1359
15364231
2237
-1921
4468
9651
381
257
15365256
4719
-2559
2986
9340
-10
3661
15366281
6345
-2141
1824
8652
1519
5831
15367306
3907
-912
1782
5219
4014
3932
15368331
-191
-246
1491
2869
4474
1388
15369356
-2216
-378
380
3161
3386
1595
15370381
-1966
-114
-354
2169
1778
2226
15371406
-367
-42
-385
1014
1352
2515
15364224
828
-103
-253
503
2554
2618
15365249
849
-68
-230
126
3170
2807
15366274
72
297
-308
-861
2970
2107
15367299
-419
373
-521
-1434
2523
1247
15368324
-629
240
-814
-1163
2077
872
15369349
-805
254
-1121
-523
1936
953
15370374
-947
404
-1436
-90
1748
908
15371399
-895
535
-1705
542
1552
632
15372424
-722
449
-1917
2793
2149
667
15373449
-999
181
-2157
9379
3928
962
15374474
-2727
584
-2219
15629
4340
427
15375499
-4184
1290
-351
12220
1841
-1485
15376524
-2332
868
-470
12023
1429
-984
15377549
-1813
609
-1282
10860
-54
-238
15378574
-2086
866
-1708
9192
-1145
-453
15379599
-1307
1035
-2264
8116
-884
-412
15372416
-1019
1087
-2442
6892
-29
-1024
15373441
-854
1207
-2692
5192
-636
-1186
15374466
-1136
1217
-2724
4022
3
-1482
15375491
-1724
1032
-2613
3258
-588
-1958
15376516
-1910
804
-2220
3107
-3032
-2326
15377541
-1264
893
-1469
1929
-3469
-2571
15378566
-405
700
-1142
549
-2293
-2784
15379591
-26
246
-611
264
-2992
-3214
15380616
155
-99
132
771
-4359
-3286
15381641
432
-186
936
358
-3670
-2728
15382666
732
-475
1472
397
-2029
-2152
15383691
605
-762
1766
835
-1973
-1827
15384716
436
-817
2180
1244
-2653
-1701
15385741
1172
-1090
2804
3214
-1335
-1548
15386766
2440
-1713
2852
7209
397
-842
15387791
3133
-1787
2819
13015
1428
-562
15380611
3140
-1355
4238
13500
2042
-1082
15381636
3447
-1565
4651
11802
1585
-249
15382661
4073
-1852
3424
10241
2100
2334
15383686
3149
-1663
2355
6732
2507
3899
15384711
660
-1424
1048
4905
2158
3761
15385736
-1479
-1080
461
3705
1798
2814
15386761
-2179
-866
119
2604
1810
2918
15387786
-2387
-625
-238
1798
1303
3245
15388811
-2179
-235
-285
1098
-170
2985
15389836
-1168
-83
-63
608
-390
2792
15390861
-25
35
191
537
1266
3289
15391886
515
452
58
194
2650
2686
15392911
765
795
-299
-636
3009
1880
15393936
934
699
-842
-736
3600
2033
15394961
484
796
-1425
-273
3643
2036
15395986
-210
1164
-1785
-31
3036
1430
15388801
-446
1298
-2033
1123
3460
538
15389826
-576
1141
-2231
4544
5335
-241
15390851
-1455
783
-2431
12040
7333
-746
15391876
-2817
1134
-961
12485
5643
-1810
15392901
-1925
1240
-1022
11585
3358
-1886
15393926
-883
1335
-2667
12926
2033
-980
15394951
-47
1743
-2889
11167
829
-725
15395976
1243
1714
-3579
9854
910
-710
15397001
1246
1467
-3649
7609
415
-289
15398026
790
932
-3858
6080
-340
90
15399051
-25
575
-3792
5092
-461
-188
15400076
-979
369
-3261
3857
-1342
-601
15401101
-1951
216
-2503
2587
-2787
-1089
15402126
-2340
-75
-1755
1696
-2619
-1581
15403151
-2378
-411
-1148
1504
-3747
-2372
15404176
-2256
-440
-240
1031
-6498
-2914
15396992
-963
-485
655
657
-6357
-2642
15398017
346
-732
1240
1291
-4499
-2607
15399042
532
-802
1985
1834
-3796
-2690
15400067
408
-966
2574
2154
-3855
-2677
15401092
431
-1062
3183
2422
-3404
-1858
15402117
1242
-1216
3853
4494
-1541
-1364
15403142
2930
-1783
3812
9785
926
-935
15404167
3359
-1728
4088
15085
3306
-737
15405192
2122
-1238
6028
14076
1707
-535
15406217
2795
-1422
5852
13231
662
1033
15407242
4279
-987
4461
10305
4825
2410
15408267
2908
-609
2716
6629
6154
2907
15409292
400
-546
847
5802
3570
2332
15410317
-131
-435
402
4511
2561
2013
15411342
381
-364
202
2452
2956
1938
15412367
23
-122
108
566
3293
1714
15405184
-274
-39
156
-725
3511
1680
15406209
-404
-98
85
-1175
3575
1126
15407234
-500
-124
2
-1097
2996
539
15408259
-445
-171
-95
-952
2698
901
15409284
-726
-120
-262
-1072
3026
1123
15410309
-1317
-137
-652
-656
2697
667
15411334
-1717
-124
-1084
-50
1892
264
15412359
-1613
-51
-1427
443
1824
715
15413384
-1121
-61
-1949
1907
780
1316
15414409
12
247
-2860
4586
1832
1188
15415434
-478
46
-2521
9719
6618
1835
15416459
-4295
-172
-2684
15982
5050
-998
15417484
-3354
1062
-129
9957
239
-2700
15418509
493
554
-1607
11606
1278
-225
15419534
-248
735
-2788
11049
1457
845
15420559
-2021
1095
-2884
9458
281
-203
15413377
-2099
1439
-2866
9253
-836
-1147
15414402
-1320
2007
-3389
6621
1063
-1336
15415427
-1520
1644
-3364
5056
911
-1196
15416452
-2563
1205
-2570
3843
-767
-1920
15417477
-2257
1006
-2138
2776
-2798
-2677
15418502
-1257
794
-1003
1686
-4478
-2847
15419527
425
439
-506
184
-2069
-2149
15420552
194
-17
-299
-125
-2638
-3042
15421577
-317
-181
737
-16
-4892
-3916
15422602
352
-171
1854
128
-4093
-3393
15423627
930
-373
1670
-372
-1120
-2531
15424652
203
-964
1385
899
-1591
-1523
15425677
-584
-918
2246
2152
-3085
-789
15426702
1002
-1317
3061
5641
-1404
-698
15427727
2827
-2221
2932
12665
2215
-956
15428752
3224
-1823
4155
13111
2685
-955
15421568
3814
-1743
5108
10837
553
-1220
15422593
4084
-2250
3497
12064
1183
838
15423618
2820
-1453
2829
9716
3172
2827
15424643
592
-927
1758
6757
3810
2600
15425668
-604
-461
508
5368
2669
1860
15426693
87
-307
-29
4450
2532
1727
15427718
1283
-137
262
2321
2822
2971
15428743
1418
197
633
-569
3373
3174
15429768
1209
192
403
-1271
3790
1973
15430793
1261
-85
-308
-351
3985
1543
15431818
691
-188
-497
-960
4085
2545
15432843
-508
-44
-686
-1233
3415
2602
15433868
-1442
114
-1020
-937
3074
1641
15434893
-1651
43
-1322
-489
2606
1121
15435918
-1940
99
-1775
-202
2420
1073
15436943
-2385
128
-2167
276
1845
600
15429760
-2571
77
-2333
1741
1898
73
15430785
-2474
-26
-2482
4806
3373
251
15431810
-2373
-147
-2263
11552
5799
705
15432835
-2386
545
-400
16673
6337
-209
15433860
-2102
1813
-242
11896
4139
-2034
15434885
573
1599
-2456
13014
1626
-1510
15435910
3208
1879
-2764
10906
85
248
15436935
4562
1952
-3772
9035
1624
720
15437960
3003
1810
-3862
6773
1895
-72
15438985
1186
1400
-3752
4909
984
-867
15440010
-106
981
-3442
3495
761
-1233
15441035
-1389
589
-2976
2741
-481
-984
15442060
-2569
322
-2266
2392
-1682
-1119
15443085
-2667
83
-1826
2030
-3255
-2034
15444110
-2147
10
-1095
1080
-5592
-2623
15445135
-1674
57
-69
-23
-5882
-2890
15437951
-779
-246
616
241
-4537
-3499
15438976
-131
-623
1373
1096
-5284
-3654
15440001
684
-787
2324
1718
-5878
-2968
15441026
978
-775
3130
2061
-3944
-2171
15442051
1078
-976
4248
3975
-1860
-1898
15443076
1930
-1793
4665
8260
1177
-2239
15444101
1494
-2198
4983
12838
3505
-391
15445126
101
-2231
6638
14702
3210
-763
15446151
2001
-2431
5754
15773
3483
624
15447176
3671
-1613
3839
13805
7310
3214
15448201
368
-871
3118
8151
6311
2562
15449226
231
-772
1518
6007
2550
2499
15450251
1692
-170
520
3487
3034
2742
15451276
1760
148
187
1458
3169
2342
15452301
1164
302
-45
39
3449
2149
15453326
702
299
-40
-1077
4159
1950
15446144
123
334
-134
-2450
3997
1447
15447169
-64
143
-358
-2885
3357
1518
15448194
-105
-12
-660
-2041
2939
1633
15449219
-225
127
-980
-1519
2724
1353
15450244
-294
190
-1429
-1176
2507
952
15451269
-380
186
-1832
-870
2056
606
15452294
-472
153
-2152
-303
1800
350
15453319
-496
109
-2348
517
1823
162
15454344
-356
-40
-2275
2074
2907
244
15455369
-192
-579
-2056
7395
6416
661
15456394
-1174
-797
-2418
19414
12003
776
15457419
-3565
824
198
13671
7962
-1951
15458444
-1564
599
-2529
14419
4027
-2073
15459469
-340
821
-3659
13580
1253
506
15460494
-882
1437
-3684
10271
1778
136
15461519
-989
1372
-4163
8361
2621
-968
15454337
-1374
1183
-4152
6292
1827
-1283
15455362
-2303
1104
-3735
4581
-728
-1441
15456387
-2892
1129
-3035
3260
-3358
-2289
15457412
-2600
1070
-2029
1778
-4960
-2451
15458437
-1358
648
-1395
1472
-3846
-2111
15459462
-280
239
-746
2163
-4247
-2967
15460487
-122
139
392
1774
-6536
-3336
15461512
394
-73
1525
1100
-5407
-2462
15462537
681
-585
2307
1746
-3280
-2157
15463562
-25
-826
2966
2046
-2851
-1868
15464587
-302
-1005
3439
1783
-3014
-1430
15465612
315
-1357
4189
2975
-1847
-816
15466637
1788
-2177
4760
6078
661
-171
15467662
1849
-2398
4384
11249
3820
-278
15468687
598
-1858
5102
14099
4364
513
15469712
3035
-1831
4972
15471
4154
162
15462527
6139
23
4240
11047
6382
1514
15463552
5420
388
2044
7476
6136
1678
15464577
3727
908
441
6801
3918
1386
15465602
3489
1284
709
3166
3162
340
15466627
3258
823
96
906
4514
911
15467652
1014
515
21
-389
4645
1106
15468677
-449
489
-127
-1729
2300
623
15469702
132
403
-388
-2322
1074
196
15470727
1386
187
-522
-1929
1648
325
15471752
1731
84
-757
-1427
2371
700
15472777
1045
112
-947
-1603
2280
666
15473802
469
33
-1165
-1647
1907
564
15474827
212
-149
-1412
-1122
1781
604
15475852
-90
-270
-1566
-451
1859
422
15476877
-253
-409
-1690
416
2638
-91
15477902
-321
-800
-1823
2345
4307
-425
15470720
-941
-1703
-1983
8659
8214
-489
15471745
-3070
-2063
-2206
16838
10609
-387
15472770
-5342
-1011
-250
11131
6859
-1509
15473795
-4454
-1286
-2827
12808
4531
-1317
15474820
-4402
-631
-2914
11475
1934
-518
15475845
-3428
-26
-2846
8503
1709
-315
15476870
-1790
-39
-3320
7347
2280
-298
15477895
-1594
6
-3165
6071
1558
-623
15478920
-1883
126
-2738
4725
-232
-1064
15479945
-2005
227
-2161
3388
-2288
-1315
15480970
-1925
377
-1488
2255
-3852
-1545
15481995
-1060
344
-1022
1748
-3120
-1387
15483020
-478
237
-658
1481
-3257
-1466
15484045
-974
439
280
817
-5924
-1915
15485070
-296
527
1247
634
-5682
-1992
15486095
1218
277
1778
1488
-3087
-1841
15478912
1346
265
2244
1917
-1769
-1440
15479937
1085
260
2497
1993
-2159
-1059
15480962
1238
331
2894
2367
-2867
-215
15481987
2094
345
3634
4149
-970
64
15483012
2960
10
3943
7867
1463
-438
15484037
3265
-385
3758
12803
3237
-1499
15485062
4011
-393
4007
13629
4369
-261
15486087
2378
-274
5140
10816
4118
1258
15487112
4536
-941
3802
9916
2597
1659
15488137
3109
57
1937
7413
6106
2348
15489162
-1919
394
1739
5030
5447
315
15490187
-964
-227
428
4085
2815
-15
15491212
895
-369
111
2595
3408
1065
15492237
987
-348
432
649
3476
1884
15493262
404
-192
92
-682
2628
1288
15494287
652
-248
-130
-1129
2259
812
15487104
1268
-450
-402
-978
2917
1492
15488129
1079
-499
-698
-1196
3361
2324
15489154
53
-380
-1035
-1488
2880
2369
15490179
-701
-306
-1383
-1313
2203
1905
15491204
-880
-288
-1660
-865
2025
1641
15492229
-1151
-231
-1857
-509
2078
1342
15493254
-1607
-146
-1986
-90
2054
640
15494279
-2015
-185
-2055
1102
2959
-213
15495304
-2279
-564
-2150
4543
5269
-119
15496329
-2791
-1138
-2781
15909
9222
436
15497354
-4704
33
-500
14044
8105
-1040
15498379
-3419
221
-546
11295
5275
-1800
15499404
-1593
139
-2931
13272
2957
-796
15500429
-1105
864
-2421
9467
1846
-786
15501454
-218
758
-3141
7660
2495
-886
15502479
-865
531
-3230
6153
1897
-725
15495296
-1738
471
-3012
4724
-183
-937
15496321
-1940
549
-2580
3581
-2509
-1446
15497346
-1605
761
-1840
2226
-3637
-1862
15498371
-424
569
-1533
1768
-2230
-1665
15499396
92
215
-1296
1996
-3270
-2085
15500421
-359
524
-262
917
-6247
-2047
15501446
477
616
579
356
-4716
-1493
15502471
1427
358
1030
1165
-2536
-899
15503496
938
434
1671
1087
-1960
-45
15504521
-46
472
2342
395
-2856
111
15505546
75
489
2874
231
-2816
53
15506571
1654
150
3041
1250
-233
34
15507596
2970
-482
2819
4377
1948
56
15508621
4180
-1369
4025
11368
2136
-355
15509646
3776
-89
5660
15434
5767
847
15510671
982
213
7066
12168
9261
916
15503489
1183
-871
3521
9358
7811
2512
15504514
-3277
-883
381
8125
5000
606
15505539
-3354
-674
-971
6243
2294
1588
15506564
-986
-359
-1100
3623
2967
2363
15507589
303
-54
-768
1490
2890
2083
15508614
529
-28
-795
295
1913
1601
15509639
726
-41
-583
-726
981
1278
15510664
1125
-71
-492
-1468
1663
1540
15511689
1274
-221
-509
-1671
2541
1828
15512714
824
-316
-625
-1325
2143
1835
15513739
311
-345
-602
-1119
1564
1701
15514764
40
-394
-641
-1125
1377
1430
15515789
-115
-462
-773
-947
1261
1216
15516814
-366
-532
-888
-428
1403
857
15517839
-930
-610
-897
512
2172
385
15518864
-1671
-832
-850
2762
3956
113
15511680
-2059
-1453
-1290
10075
7145
427
15512705
-3396
-1326
-887
16706
9382
323
15513730
-4425
-44
1743
9387
6381
-1008
15514755
-2447
-319
-1327
10817
4495
-709
15515780
-1964
365
-1680
9521
2215
142
15516805
-1334
992
-1796
6970
1621
-49
15517830
-405
1112
-2131
5660
1955
-534
15518855
-489
1087
-1997
4286
1382
-836
15519880
-918
983
-1811
3204
22
-1056
15520905
-1104
921
-1596
2415
-1550
-1291
15521930
-984
941
-1250
1672
-2861
-1598
15522955
-531
1046
-802
1143
-3016
-1642
15523980
123
1058
-538
877
-2318
-1859
15525005
46
974
-78
671
-4057
-2084
15526030
113
1038
802
301
-4989
-1953
15527055
1070
827
1321
566
-3459
-1680
15520119
1351
603
1801
904
-2257
-1063
15521144
864
283
2243
1799
-1434
-382
15522169
869
69
2738
3431
-620
-174
15523194
2046
-553
2942
6801
2056
-215
15524219
2095
-1135
2992
12020
6160
-375
15525244
291
-1098
4110
11994
5752
409
15526269
1961
-1206
3366
10290
2772
974
15527294
4774
-875
1165
9054
6205
2013
15528319
2439
-148
749
6468
5498
1920
15529344
863
-90
485
4569
2763
397
15530369
2172
8
408
1764
2450
279
15531394
2797
-329
220
570
3504
1080
15532419
1562
-513
63
319
3396
1483
15533444
612
-499
-121
44
1718
1605
15534469
815
-328
-197
-818
1458
1956
15535494
697
-327
-373
-1243
2189
2072
15528064
-26
-307
-693
-1360
1825
1814
15529089
-382
-358
-872
-1029
1424
1622
15530114
-611
-388
-889
-587
1540
1524
15531139
-844
-371
-855
-383
1126
1405
15532164
-814
-417
-859
-143
1232
1066
15533189
-1022
-494
-804
253
2412
464
15534214
-1467
-765
-910
2085
3454
-286
15535239
-1566
-1364
-950
7040
6304
-395
15536264
-2693
-1811
-675
16470
10440
37
15537289
-5627
-392
1870
11079
7659
-1167
15538314
-4674
-362
-46
10676
4583
-1262
15539339
-2949
156
-1441
10687
2438
-462
15540364
-1466
1011
-1514
7116
2017
-540
15541389
-295
1122
-2082
5218
2300
-838
15542414
-287
939
-2147
3935
1631
-860
15543439
-742
729
-2006
3104
88
-786
15536257
-1299
766
-1725
2520
-1425
-986
15537282
-1474
961
-1344
1631
-2242
-1271
15538307
-1059
1013
-1079
1238
-2558
-1760
15539332
-323
902
-798
1243
-2649
-2148
15540357
102
859
-356
1223
-3726
-2259
15541382
643
901
229
773
-4048
-1879
15542407
1400
795
568
682
-2840
-1404
15543432
1331
727
1020
600
-2023
-1113
15544457
827
593
1478
601
-2114
-742
15545482
910
453
2070
1620
-1616
-368
15546507
1646
213
2819
4277
580
-34
15547532
2022
-164
3107
9043
2843
-66
15548557
690
-364
3796
13644
3555
-891
15549582
551
-507
6023
10659
928
-1094
15550607
3794
-1199
4948
9079
672
1097
15551632
4693
-818
2916
9086
3281
3049
15544448
2471
-552
2622
7468
2637
2607
15545473
1456
-169
2311
5343
1616
1436
15546498
1855
-128
1956
4196
3213
936
15547523
1725
-262
1632
3123
3917
1161
15548548
623
-164
1390
1907
3108
1232
15549573
264
-83
1132
790
2158
1148
15550598
658
-181
924
199
2301
1102
15551623
767
-311
659
113
2570
1562
15552648
464
-181
390
-142
2104
2081
15553673
169
179
198
-872
1639
1538
15554698
258
257
66
-1049
1656
822
15555723
447
107
-27
-692
2112
727
15556748
174
31
-73
-265
2434
584
15557773
-462
-25
-84
726
2604
-271
15558798
-1044
-421
-130
4599
4114
-106
15559823
-2535
-719
-306
13832
7708
862
15552639
-5727
389
460
12703
5467
-889
15553664
-5718
372
-527
10200
2052
-3749
15554689
-4175
-147
-2682
10913
-1532
-1439
15555714
-2521
610
-3572
9978
-2727
973
15556739
-196
1056
-4383
9805
572
467
15557764
1401
1485
-5923
9224
298
326
15558789
646
1071
-5799
7945
1369
-482
15559814
-161
1049
-5344
6027
869
-457
15560839
-1468
793
-5294
5618
62
-910
15561864
-2075
604
-4627
5310
-105
-914
15562889
-2214
487
-4504
4477
-604
-857
15563914
-2613
551
-3737
3194
-3568
-874
15564939
-2565
878
-2541
1348
-3925
-450
15565964
-1290
697
-2033
1120
-870
-425
15566989
-739
298
-1697
2450
-1018
-1109
15568014
-1293
411
-732
2302
-3629
-1924
15560832
-957
647
372
1166
-4752
-1921
15561857
477
507
1197
1350
-2460
-1992
15562882
1293
138
1754
2466
-757
-1816
15563907
760
149
2648
2551
-1108
-1660
15564932
829
45
3394
2415
-1115
-1321
15565957
1554
-131
3850
2696
-387
-740
15566982
2249
-223
4246
2949
443
-504
15568007
2319
-441
4560
3536
1221
-352
15569032
2131
-735
5084
4932
710
36
15570057
2305
-1046
5641
7807
1215
541
15571082
2537
-1227
6184
13539
2617
866
15572107
2714
-682
7017
15724
5316
-1282
15573132
2878
-1192
6751
12451
7826
1210
15574157
2515
-2060
3833
9914
7156
5052
15575182
-1900
-1427
1419
7362
4915
4162
15576207
-3584
-736
62
5399
1593
3136
15569024
-527
-237
-478
2717
2796
3257
15570049
1337
-66
-693
857
4747
2651
15571074
594
-29
-582
334
3982
2080
15572099
233
-48
-469
131
3290
2200
15573124
210
-64
-673
134
3133
2478
15574149
-272
53
-851
-251
2961
2063
15575174
-622
39
-1160
-659
2574
1641
15576199
-786
5
-1509
-696
2266
1390
15577224
-1112
72
-1812
-584
2282
1103
15578249
-1578
79
-2115
-179
2141
902
15579274
-2013
141
-2383
450
1638
519
15580299
-2215
119
-2571
1962
1711
652
15581324
-2479
-114
-2612
5687
2972
1146
15582349
-2627
-295
-2161
14855
5581
1118
15583374
-2962
788
-421
14530
4835
15
15584399
-2730
883
225
11166
2836
-1629
15577215
-1059
1163
-1338
11190
931
-1365
15578240
-586
1216
-1414
8928
-1254
-285
15579265
156
1050
-2121
7565
-238
474
15580290
484
1183
-2291
6223
585
501
15581315
359
1216
-2496
4861
1721
185
15582340
-600
1234
-2525
3162
1266
6
15583365
-1809
1086
-2161
2519
-805
-1052
15584390
-1509
984
-1852
2365
-2063
-1904
15585415
-529
906
-1505
1416
-2250
-1939
15586440
-76
819
-1073
496
-1829
-1471
15587465
261
711
-845
477
-1343
-1425
15588490
583
590
-519
899
-2187
-1933
15589515
1075
556
34
665
-2784
-1816
15590540
1461
492
460
189
-1621
-1299
15591565
1071
312
692
30
-528
-898
15592590
239
68
963
188
-898
-533
15585408
55
-172
1602
1217
-1298
-208
15586433
892
-703
2480
3962
615
447
15587458
1009
-1358
3176
8747
2311
938
15588483
168
-1495
4443
11685
1763
959
15589508
766
-1429
5731
9466
1430
708
15590533
2529
-2169
4738
9569
1354
1663
15591558
3602
-2232
3386
10490
1489
3441
15592583
2358
-1511
2589
9369
4772
3449
15593608
-534
-1005
2399
6521
5178
3077
15594633
-1679
-712
1527
4742
3062
2716
15595658
-410
-545
938
3699
2396
3008
15596683
954
-222
885
2084
2686
3467
15597708
1566
98
646
766
2876
3222
15598733
1829
237
380
120
3482
2553
15599758
1375
127
64
71
4410
2457
15600783
-34
62
-287
97
4229
2451
15593601
-1482
167
-589
107
3103
1925
15594626
-1993
236
-810
311
2264
1470
15595651
-1980
351
-952
192
2116
1054
15596676
-2005
417
-1098
94
2182
645
15597701
-2064
413
-1283
289
2171
292
15598726
-2145
409
-1415
550
2120
45
15599751
-2210
403
-1530
1388
2309
-244
15600776
-2186
276
-1571
4842
3390
1
15601801
-2522
-25
-1935
17734
7263
-309
15602826
-4315
1431
606
13467
5356
-3226
15603851
-2002
1239
-95
9138
2374
-3682
15604876
396
447
-3669
12197
-386
-1619
15605901
-760
1037
-3342
10917
-2959
-319
15606926
172
1304
-3440
9326
-2129
-205
15607951
1380
1391
-3480
7153
161
-576
15608976
1460
1125
-3966
5231
4031
-498
15601792
-261
498
-4334
4581
3305
-479
15602817
-2280
382
-3822
4436
-1494
-1184
15603842
-2006
659
-2984
2625
-3838
-1100
15604867
-510
671
-2453
951
-2459
-531
15605892
352
350
-2253
866
57
-29
15606917
127
77
-2170
1383
420
48
15607942
-696
128
-1594
1121
-2464
-257
15608967
-570
357
-546
366
-3230
-327
15609992
735
230
-130
667
-1173
-276
15611017
772
153
253
1076
-203
-289
15612042
169
160
694
1199
-637
-310
15613067
262
78
1089
1460
-820
-190
15614092
669
22
1531
1763
-228
219
15615117
736
8
2017
2368
511
568
15616142
655
-119
2580
3838
1105
473
15617167
697
-412
3252
6078
2590
222
15609985
1119
-804
3800
8058
4694
281
15611010
1638
-1033
4503
7321
4026
485
15612035
2486
-1300
4671
6319
2241
892
15613060
3585
-1379
4000
7079
2281
1862
15614085
3612
-1073
3830
7318
3928
2371
15615110
2743
-858
3686
6036
5188
2486
15616135
1442
-744
3095
3934
4916
2295
15617160
-116
-694
2212
2323
3675
1491
15618185
-1160
-758
1515
2102
2530
1667
15619210
-1180
-592
1063
2108
2520
2343
15620235
-887
-276
699
1586
2679
2012
15621260
-262
-195
365
1470
2525
1650
15622285
440
-326
251
1690
2563
1592
15623310
591
-395
173
1780
2671
1678
15624335
198
-436
89
1726
2577
1599
15625360
-274
-550
-35
1863
2421
1465
15618177
-706
-709
-197
2514
2416
1676
15619202
-1231
-700
-388
3753
2442
1557
15620227
-1723
-489
-534
6446
2768
946
15621252
-2106
-218
-688
11167
4242
503
15622277
-3116
657
233
8536
3331
-978
15623302
-2593
976
-268
5081
1376
-1847
15624327
-746
644
-2087
5486
294
-714
15625352
-744
719
-2601
5065
-111
169
15626377
-1420
885
-2608
4709
-1109
-158
15627402
-703
914
-2212
4373
-538
-446
15628427
225
823
-1995
3608
1445
-350
15629452
49
621
-2018
3283
2158
-541
15630477
-561
418
-1926
3014
1807
-770
15631502
-967
243
-1828
3155
1296
-1095
15632527
-1097
117
-1735
3656
783
-1363
15633552
-1198
99
-1487
3615
496
-1375
15626368
-1350
106
-1211
3303
626
-1242
15627393
-1542
66
-1013
3427
860
-1227
15628418
-1636
42
-838
3611
783
-1309
15629443
-1473
28
-622
3566
710
-1315
15630468
-1153
-48
-392
3512
965
-1235
15631493
-816
-175
-239
3391
1463
-1152
15632518
-457
-351
-269
3202
1731
-898
15633543
-199
-498
-331
3062
1639
-569
15634568
-137
-612
-388
3104
1755
-388
15635593
-319
-696
-397
3080
2149
-495
15636618
-392
-864
-475
3093
2656
-474
15637643
-429
-1108
-559
3190
3052
-19
15638668
-717
-1227
-586
3076
3185
472
15639693
-1108
-1243
-589
2848
2987
503
15640718
-1253
-1310
-576
2917
2861
473
15641743
-1266
-1390
-545
3065
2917
555
15634560
-1382
-1436
-489
2949
2867
654
15635585
-1483
-1497
-482
2767
2691
815
15636610
-1561
-1530
-546
2663
2504
954
15637635
-1607
-1526
-695
2778
2481
999
15638660
-1679
-1485
-877
2951
2345
919
15639685
-1842
-1384
-953
3047
2013
707
15640710
-1855
-1274
-943
3129
1966
559
15641735
-1650
-1195
-937
3301
2589
442
15642760
-1279
-1224
-1153
3663
3250
486
15643785
-1136
-1213
-1324
3725
2808
600
15644810
-1159
-1082
-1304
3182
2330
651
15645835
-1028
-959
-1384
2730
2481
708
15646860
-481
-910
-1626
2660
3257
577
15647885
-22
-949
-1803
2736
3629
773
15648910
-229
-856
-1790
2493
3544
976
15649935
-462
-718
-1823
2197
3374
814
15642751
-235
-667
-1946
2138
3257
583
15643776
64
-690
-1953
2111
3375
626
15644801
-78
-681
-1881
1982
3301
883
15645826
-413
-616
-1743
1939
2833
963
15646851
-467
-528
-1569
1801
2772
898
15647876
-388
-507
-1435
1772
2933
801
15648901
-347
-508
-1296
1754
2927
681
15649926
-403
-513
-1119
1636
2787
693
15650951
-493
-482
-923
1456
2753
788
15651976
-418
-444
-799
1423
3143
850
15653001
-333
-429
-735
1466
3433
901
15654026
-412
-390
-604
1339
3126
882
15655051
-360
-342
-453
1126
2828
854
15656076
-136
-313
-344
1030
3029
867
15657101
40
-315
-286
1032
3445
925
15658126
41
-315
-199
1000
3443
1049
15650944
42
-283
-91
872
3365
1052
15651969
102
-264
-7
762
3461
1016
15652994
200
-277
39
739
3643
974
15654019
284
-300
84
695
3790
995
15655044
289
-305
112
661
3872
997
15656069
193
-291
116
644
3945
904
15657094
66
-281
104
613
3983
855
15658119
-11
-283
58
635
3988
846
15659144
-39
-276
28
635
3891
867
15660169
-51
-245
18
593
3819
857
15661194
-41
-220
2
623
3764
837
15662219
-32
-190
6
629
3730
834
15663244
-26
-170
17
654
3703
799
15664269
-38
-150
31
674
3622
752
15665294
27
-144
57
724
3637
742
15666319
99
-144
67
803
3843
756
15659283
34
-144
65
879
3851
740
15660308
-17
-130
66
898
3757
709
15661333
0
-117
62
885
3809
730
15662358
-11
-111
50
887
3852
749
15663383
-47
-103
37
883
3768
750
15664408
-55
-86
40
833
3688
731
15665433
-33
-83
41
806
3697
748
15666458
-42
-86
41
830
3728
734
15667483
-41
-84
36
855
3705
733
15668508
-12
-70
47
872
3728
728
15669533
14
-59
56
888
3724
728
15670558
24
-43
82
872
3708
703
15671583
33
-38
97
883
3724
697
15672608
5
-29
114
870
3693
670
15673633
-6
-29
126
874
3670
652
15674658
3
-31
134
884
3676
674
15667329
-8
-29
158
865
3646
661
15668354
-7
-34
177
878
3666
667
15669379
-24
-38
193
888
3715
653
15670404
-34
-45
194
900
3688
627
15671429
5
-50
185
912
3669
621
15672454
55
-61
168
930
3714
656
15673479
62
-70
152
936
3798
684
15674504
24
-85
143
942
3815
694
15675529
-40
-103
145
936
3787
686
15676554
-87
-127
138
918
3745
673
15677579
-104
-156
127
926
3696
703
15678604
-100
-180
122
940
3715
724
15679629
-95
-214
106
1010
3777
748
15680654
-150
-239
100
1032
3727
759
15681679
-176
-260
84
1017
3680
756
15682704
-190
-284
59
1035
3678
757
15675521
-220
-306
28
1058
3638
776
15676546
-235
-322
3
1100
3591
787
15677571
-206
-337
-7
1163
3599
800
15678596
-177
-355
3
1205
3589
812
15679621
-135
-367
9
1186
3593
824
15680646
-94
-386
-7
1197
3552
875
15681671
-78
-391
-22
1151
3547
930
15682696
-83
-410
-37
1147
3593
952
15683721
-100
-437
-37
1178
3646
958
15684746
-110
-463
-38
1208
3662
997
15685771
-123
-480
-43
1234
3693
1011
15686796
-115
-502
-53
1314
3756
1045
15687821
-121
-508
-49
1363
3819
1028
15688846
-130
-509
-45
1391
3837
1023
15689871
-183
-494
-44
1402
3818
995
15690896
-250
-465
-51
1375
3712
954
15683712
-331
-427
-66
1327
3610
902
15684737
-405
-382
-88
1260
3451
842
15685762
-403
-344
-107
1231
3332
832
15686787
-375
-301
-99
1204
3249
782
15687812
-270
-274
-83
1254
3282
757
15688837
-161
-247
-49
1329
3360
750
15689862
-65
-206
8
1340
3363
694
15690887
82
-177
55
1381
3489
673
15691912
157
-153
92
1432
3660
705
15692937
103
-127
115
1426
3733
717
15693962
40
-111
113
1391
3722
702
15694987
13
-107
101
1342
3659
727
15696012
-3
-106
88
1316
3649
762
15697037
-36
-101
76
1255
3582
767
15698062
-41
-96
87
1191
3498
752
15699087
10
-102
106
1164
3550
758
15691903
17
-107
123
1160
3583
784
15692928
-2
-101
139
1174
3573
790
15693953
5
-87
152
1195
3618
789
15694978
12
-71
161
1226
3685
775
15696003
16
-58
159
1296
3749
769
15697028
-4
-42
146
1364
3789
769
15698053
-56
-21
127
1416
3792
768
15699078
-112
3
111
1455
3764
774
15700103
-155
30
102
1456
3695
752
15701128
-177
50
90
1452
3665
763
15702153
-236
80
88
1408
3545
792
15703178
-247
102
92
1350
3446
787
15704203
-203
109
102
1321
3392
785
15705228
-134
104
122
1329
3360
782
15706253
-49
99
144
1359
3395
780
15707278
27
99
163
1380
3438
781
15700096
72
96
178
1396
3511
787
15701121
71
92
183
1405
3527
791
15702146
49
85
183
1391
3526
788
15703171
21
78
173
1375
3559
801
15704196
-16
72
162
1375
3513
810
15705221
-10
69
155
1355
3512
821
15706246
-12
67
152
1321
3517
805
15707271
-3
57
144
1311
3507
823
15708296
21
45
127
1335
3536
844
15709321
14
41
100
1354
3581
862
15710346
-25
46
76
1345
3555
842
15711371
-2
41
49
1380
3570
855
15712396
34
36
15
1407
3613
872
15713421
7
36
-22
1426
3620
872
15714446
-58
42
-57
1428
3560
855
15715471
-96
48
-79
1400
3491
829
15708288
-95
43
-91
1366
3442
824
15709313
-60
25
-93
1347
3397
808
15710338
2
1
-89
1351
3415
816
15711363
33
-20
-89
1370
3448
812
15712388
43
-37
-91
1391
3479
819
15713413
52
-49
-92
1403
3497
826
15714438
59
-54
-85
1384
3512
800
15715463
78
-69
-81
1371
3525
795
15716488
100
-83
-74
1368
3538
807
15717513
113
-98
-74
1347
3552
827
15718538
83
-116
-70
1330
3585
822
15719563
20
-138
-65
1310
3593
803
15720588
-11
-168
-63
1323
3585
789
15721613
-37
-194
-57
1328
3589
797
15722638
-78
-212
-57
1313
3558
789
15723663
-83
-231
-56
1312
3543
769
15716480
-79
-254
-53
1349
3584
782
15717505
-108
-267
-49
1388
3580
783
15718530
-131
-270
-45
1432
3601
780
15719555
-148
-267
-44
1460
3575
784
15720580
-135
-265
-39
1453
3569
791
15721605
-116
-264
-42
1449
3584
815
15722630
-123
-259
-38
1453
3573
831
15723655
-125
-260
-45
1468
3537
845
15724680
-133
-256
-54
1485
3542
874
15725705
-202
-242
-59
1475
3487
883
15726730
-239
-228
-53
1439
3392
843
15727755
-190
-221
-35
1427
3358
825
15728780
-98
-220
-13
1455
3420
838
15729805
-123
-204
17
1485
3525
870
15730830
-177
-178
31
1528
3440
821
15731855
-110
-157
38
1560
3488
829
15724673
-67
-136
50
1539
3567
862
15725698
-82
-118
49
1542
3506
860
15726723
-66
-99
47
1516
3459
870
15727748
-55
-83
47
1474
3494
900
15728773
-85
-70
47
1457
3415
884
15729798
-68
-57
57
1439
3363
871
15730823
-5
-50
68
1452
3415
874
15731848
42
-40
76
1488
3461
879
15732873
61
-22
82
1496
3507
900
15733898
0
5
88
1489
3551
900
15734923
-31
29
78
1464
3446
852
15735948
32
34
81
1472
3487
861
15736973
47
37
85
1463
3498
873
15737998
54
40
80
1468
3506
884
15739023
34
43
77
1467
3497
893
15740048
5
41
75
1470
3462
844
15732865
43
37
66
1478
3464
858
15733890
39
39
70
1474
3527
891
15734915
-12
47
70
1462
3470
869
15735940
16
49
63
1476
3434
858
15736965
50
52
65
1478
3474
874
15737990
38
57
62
1490
3501
870
15739015
21
65
55
1509
3486
846
15740040
41
70
50
1518
3483
845
15741065
62
74
41
1512
3504
855
15742090
65
74
33
1508
3489
837
15743115
62
74
25
1511
3494
846
15744140
54
74
21
1499
3481
850
15745165
49
74
19
1476
3473
838
15746190
45
68
15
1473
3484
835
15747215
44
63
6
1486
3492
844
15748240
41
64
1
1485
3487
838
15741057
44
64
-3
1479
3518
837
15742082
31
60
-11
1492
3526
831
15743107
22
60
-14
1491
3504
837
15744132
24
54
-18
1483
3503
854
15745157
12
49
-20
1477
3502
849
15746182
-8
43
-29
1474
3494
839
15747207
-29
36
-34
1475
3476
838
15748232
-26
29
-34
1473
3447
839
15749257
6
23
-30
1477
3452
843
15750282
18
17
-29
1480
3481
862
15751307
-1
12
-34
1501
3477
866
15752332
-8
10
-36
1512
3465
864
15753357
4
13
-34
1501
3453
869
15754382
24
12
-31
1495
3452
864
15755407
37
13
-26
1495
3461
869
15756432
35
11
-20
1492
3464
861
15749249
35
7
-17
1489
3448
848
15750274
51
2
-16
1494
3483
852
15751299
50
-5
-13
1505
3504
862
15752324
34
-12
-6
1504
3519
851
15753349
24
-14
-4
1508
3521
841
15754374
-1
-13
-6
1517
3532
866
15755399
-17
-9
-9
1493
3505
860
15756424
-15
-2
-9
1471
3478
855
15757449
-16
2
-7
1447
3459
848
15758474
-14
-3
-5
1445
3480
851
15759499
-23
-8
0
1437
3449
847
15760524
10
-11
8
1414
3442
833
15761549
52
-16
8
1424
3516
824
15762574
42
-21
7
1440
3552
818
15763599
23
-22
0
1433
3552
813
15764624
11
-25
-10
1435
3566
826
15757440
-5
-28
-16
1418
3544
813
15758465
-11
-36
-23
1410
3531
810
15759490
-17
-43
-28
1432
3566
846
15760515
-47
-44
-34
1439
3521
838
15761540
-36
-45
-34
1413
3495
824
15762565
-27
-46
-33
1415
3503
848
15763590
-32
-50
-34
1440
3473
858
15764615
-11
-51
-32
1437
3461
844
15765640
22
-50
-27
1430
3464
846
15766665
42
-50
-23
1432
3498
852
15767690
39
-50
-21
1453
3529
845
15768715
24
-44
-14
1472
3509
835
15769740
20
-38
-13
1476
3525
839
15770765
17
-29
-11
1467
3513
840
15771790
25
-22
-10
1478
3541
839
15772815
0
-15
-10
1476
3542
837
15765632
-17
-6
-6
1440
3471
830
15766657
12
-4
1
1435
3490
828
15767682
21
-4
7
1438
3507
818
15768707
16
-4
11
1422
3492
807
15769732
36
-2
14
1418
3509
819
15770757
35
-4
15
1450
3541
809
15771782
13
-4
15
1458
3543
807
15772807
-2
-2
12
1464
3531
800
15773832
-10
3
12
1458
3525
793
15774857
-19
5
13
1467
3530
791
15775882
-28
6
13
1468
3504
809
15776907
-26
10
14
1463
3503
817
15777932
-23
12
12
1456
3491
816
15778957
-10
12
15
1432
3478
819
15779982
11
6
16
1434
3496
823
15781007
22
0
15
1444
3510
835
15773825
35
-5
12
1447
3535
835
15774850
17
-8
9
1446
3589
842
15775875
-45
-11
3
1452
3521
833
15776900
-42
-6
-10
1442
3491
826
15777925
-21
-6
-17
1426
3498
814
15778950
-7
-4
-20
1415
3510
805
15779975
-8
-2
-23
1445
3526
797
15781000
-26
5
-27
1439
3487
792
15782025
-13
6
-32
1444
3468
780
15783050
15
3
-28
1436
3487
771
15784075
37
-5
-21
1437
3493
751
15785100
57
-21
-17
1442
3520
761
15786125
49
-35
-13
1442
3536
792
15787150
28
-46
-10
1446
3514
790
15788175
19
-55
-9
1441
3528
791
15789200
7
-60
-9
1431
3509
800
15782015
9
-65
-12
1432
3510
805
15783040
16
-64
-11
1433
3518
811
15784065
9
-59
-12
1435
3526
809
15785090
16
-51
-14
1434
3534
811
15786115
11
-44
-13
1446
3542
809
15787140
-4
-38
-11
1445
3534
804
15788165
-6
-35
-10
1448
3523
802
15789190
-3
-35
-7
1444
3517
808
15790215
-2
-35
-3
1444
3506
792
15791240
-11
-36
-1
1442
3520
782
15792265
-25
-37
1
1440
3501
781
15793290
-24
-41
6
1447
3497
773
15794315
0
-43
8
1447
3494
765
15795340
-2
-47
17
1455
3584
789
15796365
-60
-45
20
1455
3469
771
15797390
0
-46
19
1452
3473
755
15790208
34
-46
18
1433
3526
771
15791233
8
-45
18
1428
3547
808
15792258
-70
-39
19
1436
3497
771
15793283
-30
-42
13
1439
3454
751
15794308
36
-41
14
1455
3537
770
15795333
2
-35
16
1468
3571
768
15796358
-11
-30
10
1470
3495
744
15797383
29
-30
9
1464
3555
770
15798408
-1
-30
6
1454
3551
782
15799433
-29
-28
3
1453
3502
769
15800458
-24
-28
6
1443
3492
754
15801483
-11
-32
8
1429
3479
758
15802508
3
-37
10
1437
3482
771
15803533
12
-40
12
1443
3483
764
15804558
17
-39
10
1445
3498
755
15805583
22
-37
9
1457
3504
741
15798447
29
-34
11
1461
3539
759
15799472
-54
-29
21
1469
3612
767
15800497
-104
-24
17
1458
3406
721
15801522
21
-29
12
1472
3478
756
15802547
19
-24
15
1456
3570
773
15803572
-33
-22
10
1469
3469
751
15804597
-24
-15
14
1468
3461
740
15805622
9
-16
19
1473
3466
753
15806647
42
-15
24
1478
3501
766
15807672
37
-13
26
1471
3519
767
15808697
16
-18
26
1490
3514
772
15809722
12
-20
26
1470
3495
758
15810747
23
-17
25
1458
3510
745
15811772
16
-15
21
1460
3550
751
15812797
-16
-13
15
1473
3544
745
15813822
-37
-9
11
1467
3511
743
15806591
-22
-5
9
1464
3512
750
15807616
-3
-2
7
1476
3522
762
15808641
0
5
3
1473
3527
752
15809666
-5
9
-2
1456
3528
759
15810691
-13
7
-4
1446
3492
768
15811716
-4
5
-1
1449
3487
758
15812741
12
1
2
1451
3504
754
15813766
18
-3
1
1460
3534
767
15814791
0
-3
-6
1486
3539
775
15815816
-30
3
-9
1486
3524
762
15816841
-40
9
-12
1476
3515
762
15817866
-37
13
-11
1477
3497
763
15818891
-28
16
-7
1475
3482
756
15819916
-9
17
-1
1481
3488
753
15820941
4
18
2
1488
3490
760
15821966
9
21
6
1483
3496
760
15814786
6
22
11
1464
3495
762
15815811
-1
17
14
1449
3491
754
15816836
-1
6
18
1459
3476
750
15817861
24
-3
23
1474
3497
741
15818886
43
-6
27
1474
3547
757
15819911
16
-7
26
1473
3524
768
15820936
-8
-9
23
1482
3501
770
15821961
-7
-7
25
1465
3502
751
15822986
7
-4
24
1450
3493
765
15824011
21
-1
25
1453
3505
789
15825036
16
1
25
1463
3513
767
15826061
14
2
22
1473
3513
759
15827086
19
5
17
1482
3532
771
15828111
-2
8
14
1489
3555
771
15829136
-28
9
13
1496
3529
766
15830161
-35
8
13
1483
3501
777
15822976
-31
3
14
1455
3486
790
15824001
-14
-9
19
1422
3510
801
15825026
-7
-33
28
1299
3573
852
15826051
-3
-86
37
1029
3714
963
15827076
-35
-180
32
776
3914
1050
15828101
68
-276
-43
468
3811
1031
15829126
520
-396
-185
354
4015
1019
15830151
840
-463
-300
294
4517
838
15831176
793
-500
-368
149
4984
429
15832201
459
-553
-425
12
5107
60
15833226
225
-661
-536
-23
4827
-264
15834251
459
-811
-686
51
4466
-648
15835276
1114
-993
-778
337
4209
-815
15836301
1988
-1075
-875
843
4183
-914
15837326
2559
-1023
-913
938
4369
-1290
15838351
