Device = VHR-0009
time_stamp = 1777365945558
sample_rate = 50
Data format = INT16
TYPE = 6-AXIS IMU RAW DATA
115
71
-78
3803
1119
321
8381569
138
95
-82
3820
1118
288
8382594
157
112
-83
3838
1144
279
8383619
148
120
-84
3823
1146
273
8384644
127
118
-84
3780
1127
269
8385669
106
103
-77
3724
1125
272
8386694
78
84
-65
3684
1125
300
8387719
49
71
-48
3701
1112
315
8388744
49
79
-31
3691
1079
280
8389769
88
96
-25
3615
1072
255
8390794
121
99
-33
3585
1101
295
8391819
119
97
-42
3606
1131
312
8392844
104
95
-42
3612
1128
285
8393869
100
87
-41
3581
1123
270
8394894
86
75
-49
3582
1128
296
8395919
55
66
-59
3658
1126
304
8396944
43
63
-58
3765
1117
277
8389760
69
73
-55
3860
1093
260
8390785
124
90
-63
3914
1099
277
8391810
177
98
-88
3975
1132
276
8392835
213
98
-118
3985
1146
305
8393860
228
96
-148
3943
1138
352
8394885
245
90
-175
3827
1110
419
8395910
270
81
-184
3747
1097
496
8396935
266
81
-168
3701
1148
551
8397960
212
95
-128
3649
1124
566
8398985
189
108
-72
3574
1095
580
8400010
190
106
-12
3571
1134
591
8401035
169
106
45
3644
1174
565
8402060
151
123
95
3704
1169
494
8403085
169
140
133
3713
1204
451
8404110
186
148
160
3723
1258
430
8405135
266
81
-168
3701
1148
551
8397960
212
95
-128
3649
1124
566
8398985
189
108
-72
3574
1095
580
8400010
190
106
-12
3571
1134
591
8401035
169
106
45
3644
1174
565
8402060
151
123
95
3704
1169
494
8403085
169
140
133
3713
1204
451
8404110
186
148
160
3723
1258
430
8405135
176
143
178
3735
1296
410
8397953
156
129
182
3722
1290
383
8398978
156
116
167
3707
1273
334
8400003
174
104
139
3678
1267
310
8401028
178
89
114
3671
1290
315
8402053
154
68
107
3666
1304
332
8403078
123
38
112
3654
1297
330
8404103
101
2
114
3656
1291
328
8405128
87
-26
105
3670
1292
328
8406153
71
-45
94
3678
1305
337
8407178
41
-63
86
3665
1310
393
8408203
3
-84
81
3681
1306
445
8409228
-20
-91
77
3712
1288
455
8410253
-11
-85
67
3737
1281
449
8411278
6
-60
47
3761
1275
465
8412303
14
-32
22
3767
1268
474
8413328
16
-13
-2
3781
1268
472
8406145
11
-3
-24
3782
1255
476
8407170
3
0
-54
3754
1217
459
8408195
-1
-2
-90
3754
1198
440
8409220
-6
0
-113
3736
1178
451
8410245
-19
4
-120
3710
1156
466
8411270
-25
11
-116
3663
1125
451
8412295
-6
15
-104
3649
1108
446
8413320
11
16
-82
3675
1132
444
8414345
7
23
-54
3691
1145
428
8415370
2
25
-26
3697
1142
408
8416395
5
14
-9
3731
1155
410
8417420
3
6
-7
3737
1171
417
8418445
-6
-1
-12
3712
1189
402
8419470
-20
-12
-13
3726
1204
425
8420495
-43
-16
-5
3714
1217
460
8421520
-64
-16
0
3684
1200
458
8414337
-64
-18
-5
3694
1184
458
8415362
-52
-12
-12
3720
1204
458
8416387
-49
0
-16
3726
1198
452
8417412
-47
8
-15
3729
1195
445
8418437
-41
10
-19
3686
1187
445
8419462
-38
3
-29
3666
1191
444
8420487
-45
0
-39
3705
1188
432
8421512
-43
11
-43
3721
1162
392
8422537
-26
23
-43
3727
1153
368
8423562
-11
22
-37
3731
1170
375
8424587
-28
10
-23
3728
1179
384
8425612
-48
-10
-7
3728
1172
370
8426637
-53
-25
1
3719
1148
384
8427662
-41
-29
1
3732
1153
391
8428687
-30
-24
4
3729
1167
407
8429712
-31
-19
15
3728
1172
428
8422529
-34
-17
23
3722
1163
435
8423554
-25
-17
29
3714
1165
435
8424579
-16
-18
37
3713
1175
441
8425604
-16
-14
45
3713
1192
422
8426629
-20
-13
54
3709
1204
407
8427654
-24
-16
64
3710
1218
425
8428679
-34
-27
71
3712
1246
446
8429704
-54
-36
70
3705
1239
448
8430729
-56
-36
56
3735
1243
435
8431754
-43
-24
36
3750
1239
455
8432779
-27
-5
9
3734
1222
468
8433804
-9
12
-19
3689
1208
444
8434829
8
11
-38
3679
1225
451
8435854
-8
6
-38
3693
1225
484
8436879
-43
5
-28
3682
1212
471
8437904
-52
8
-19
3678
1182
453
8430720
-31
19
-15
3693
1172
442
8431745
-9
23
-17
3704
1207
443
8432770
-13
17
-19
3727
1226
458
8433795
-28
8
-23
3756
1224
434
8434820
-47
2
-24
3741
1223
437
8435845
-64
-6
-27
3719
1196
455
8436870
-70
-14
-33
3717
1178
463
8437895
-69
-18
-31
3725
1180
471
8438920
-75
-17
-22
3712
1182
480
8439945
-87
-14
-14
3688
1178
489
8440970
-94
-16
-4
3691
1165
510
8441995
-93
-14
8
3715
1168
501
8443020
-85
-5
17
3702
1173
493
8444045
-77
4
18
3692
1167
488
8445070
-67
12
12
3700
1180
477
8446095
-60
19
13
3715
1183
464
8438911
-55
22
15
3718
1175
440
8439936
-42
23
10
3719
1180
422
8440961
-30
24
6
3701
1174
411
8441986
-22
18
3
3688
1178
406
8443011
-21
10
3
3674
1169
396
8444036
-19
1
6
3676
1165
390
8445061
-9
-6
12
3693
1176
378
8446086
-4
-12
16
3692
1184
395
8447111
-3
-23
16
3672
1179
399
8448136
3
-42
13
3674
1210
411
8449161
-7
-70
12
3714
1316
460
8450186
-58
-90
0
3740
1402
510
8451211
-118
-104
-45
3774
1491
563
8452236
-155
-96
-108
3771
1513
612
8453261
-169
-62
-177
3723
1581
614
8454286
-181
-30
-243
3696
1670
648
8447104
-207
-12
-304
3682
1753
664
8448129
-258
4
-353
3597
1762
636
8449154
-295
1
-390
3527
1757
613
8450179
-306
-19
-426
3569
1834
559
8451204
-329
-18
-470
3584
1893
503
8452229
-347
-13
-541
3559
1930
495
8453254
-354
-11
-624
3555
1969
472
8454279
-377
7
-706
3538
2061
453
8455304
-399
20
-752
3508
2210
458
8456329
-422
35
-767
3419
2349
510
8457354
-424
6
-791
3303
2416
540
8458379
-390
-49
-853
3262
2603
623
8459404
-414
-94
-941
3115
2777
708
8460429
-411
-192
-1030
2975
2985
698
8461454
-429
-270
-1084
2771
3056
664
8462479
-453
-379
-1095
2616
3390
638
8455296
-617
-498
-1092
2580
3654
691
8456321
-888
-575
-1122
2391
3754
751
8457346
-1065
-660
-1177
2284
3859
748
8458371
-1230
-757
-1236
2298
4007
603
8459396
-1111
-878
-1387
2323
4218
554
8460421
-1084
-962
-1544
2172
4238
536
8461446
-1330
-1047
-1674
2055
4053
363
8462471
-1506
-1127
-1728
2175
4140
79
8463496
-1600
-1154
-1802
2212
3833
15
8464521
-1550
-1158
-1874
2017
3395
113
8465546
-1453
-1216
-1887
1924
3196
192
8466571
-1485
-1307
-1797
1957
2994
74
8467596
-1534
-1374
-1636
2151
2816
-96
8468621
-1632
-1345
-1425
2118
2284
-205
8469646
-1676
-1272
-1259
2192
1962
-316
8470671
-1488
-1202
-1084
2365
1524
-491
8463488
-1047
-1178
-858
2498
1291
-525
8464513
-542
-1225
-559
2811
1320
-400
8465538
-148
-1267
-221
3215
1339
-378
8466563
161
-1293
83
3691
1146
-499
8467588
468
-1300
339
4208
880
-594
8468613
825
-1268
519
4802
1138
-593
8469638
1271
-1166
683
5414
1467
-377
8470663
1689
-1004
833
6041
1798
-42
8471688
1977
-644
1025
6441
2991
155
8472713
2196
-66
1323
5930
4372
-131
8473738
2285
593
1641
4342
5127
-373
8474763
2397
1068
1626
2884
5944
-67
8475788
2137
1339
1447
1706
6807
496
8476813
1576
1376
1299
317
6677
570
8477838
1403
1352
865
-901
5811
571
8478863
1884
1031
212
-876
6086
961
8471689
1466
780
-210
-804
6079
1359
8472714
274
557
-362
-1130
4788
1494
8473739
-825
347
-540
-1440
3778
1331
8474764
-1409
30
-690
-1544
2768
1031
8475789
-1355
-337
-803
-1474
2374
730
8476814
-1064
-709
-925
-956
3236
603
8477839
-1005
-1002
-1159
-532
3866
301
8478864
-1121
-1326
-1665
-511
4172
-327
8479889
-1456
-1738
-2311
-505
4312
-997
8480914
-1965
-2201
-2784
-533
5919
-1700
8481939
-2713
-2871
-2600
219
8463
-1745
8482964
-4114
-3682
-1928
2285
9263
-1466
8483989
-5457
-4039
-1415
5069
9355
-1353
8485014
-5578
-3749
-1005
6759
7929
-2644
8486039
-4175
-3029
-724
6018
4614
-3719
8487064
-1831
-2363
-813
4894
2058
-3177
8479872
170
-1909
-741
4159
1182
-1767
8480897
1038
-1625
-502
3842
943
-734
8481922
1044
-1147
-193
3200
233
-731
8482947
1238
-599
20
3203
-1016
-1421
8483972
2125
-6
78
3000
-1732
-1619
8484997
3233
616
45
2632
-1856
-1706
8486022
4128
1070
-132
2690
-977
-1587
8487047
4335
1428
-385
3036
1223
-1210
8488072
3622
1706
-475
3981
2792
-1426
8489097
2618
2309
-477
4255
2923
-1588
8490122
1879
3261
-478
3769
4436
-2622
8491147
1595
4124
-273
2456
6643
-3677
8492172
1005
4515
293
874
9118
-2757
8493197
277
3982
969
157
10468
-1741
8494222
-136
3125
1115
-103
9027
-1151
8495247
-824
2763
483
-1503
5779
-801
8488064
-586
2086
-165
-3451
3507
-259
8489089
159
907
-532
-4121
4662
688
8490114
-583
-144
-447
-3142
4435
1494
8491139
-1655
-501
-425
-2468
2319
1500
8492164
-1396
-654
-677
-2324
774
1421
8493189
-328
-927
-915
-1855
718
1115
8494214
407
-1193
-1033
-1613
1700
190
8495239
105
-1648
-1073
-1180
3535
-133
8496264
-1335
-2268
-1234
-298
4235
-369
8497289
-3022
-2530
-1696
175
4394
-943
8498314
-4034
-2510
-2156
-92
5193
-1791
8499339
-4087
-2783
-2113
66
7324
-1909
8500364
-3686
-3486
-1269
1752
9250
-2165
8501389
-2927
-3713
-446
4255
9479
-1003
8502414
-2035
-3377
-164
6195
8849
-17
8503439
-1708
-2777
11
4927
5510
21
8496256
-1264
-2359
-284
4311
3187
-1038
8497281
-881
-1628
-475
4280
1886
-1815
8498306
-70
-713
-204
3209
317
-1429
8499331
940
-89
3
2671
-474
-1047
8500356
1597
317
125
2692
-802
-829
8501381
2084
732
237
2391
-1159
-509
8502406
2618
1114
274
1889
-1280
-449
8503431
3270
1307
232
1810
-915
-570
8504456
3937
1417
94
2453
363
-351
8505481
3827
1827
-49
3223
2846
73
8506506
2537
2494
-35
3951
4725
-1134
8507531
742
3619
175
3494
7180
-3283
8508556
-257
4473
654
2464
7758
-3404
8509581
516
4696
1078
1264
7710
-2045
8510606
2539
3725
843
1453
9566
-920
8511631
3089
2783
626
1071
8643
-224
8504448
1272
2980
-81
-1413
4475
-104
8505473
900
2426
-341
-2653
3674
188
8506498
888
1599
-175
-3033
4195
715
8507523
358
881
112
-2849
3305
1196
8508548
-61
455
173
-2537
2277
1514
8509573
-43
152
-4
-2243
1745
1240
8510598
175
-252
-243
-2014
1807
647
8511623
24
-781
-502
-1774
2454
136
8512648
-777
-1301
-709
-1737
2853
-310
8513673
-1510
-1917
-1047
-1589
3055
-656
8514698
-1997
-2436
-1423
-1917
3650
-1504
8515723
-2321
-2841
-1614
-2554
5614
-2701
8516748
-2374
-3682
-1131
-1748
10444
-3960
8517773
-2170
-4873
-106
2013
14115
-4589
8518798
-2167
-4848
227
6412
11092
-2741
8519823
-2863
-4147
-280
6241
7278
-1125
8512640
-3147
-3564
-685
3924
4983
-958
8513665
-2965
-2873
-925
4169
3342
-1928
8514690
-1884
-2047
-450
3379
618
-1598
8515715
-622
-1473
-54
2509
-742
-743
8516740
-37
-1090
-43
2990
-806
-375
8517765
96
-354
74
2663
-647
-182
8518790
190
354
222
2162
-1221
-331
8519815
685
895
309
2131
-1718
-515
8520840
1558
1365
285
2298
-1516
-547
8521865
2404
1720
179
2605
-505
-482
8522890
3024
1957
-14
3219
1991
-292
8523915
2891
2267
-7
4218
4297
-1190
8524940
1893
2934
113
4526
6100
-3401
8525965
1097
3887
304
2983
7722
-4072
8526990
1503
4284
420
1169
9079
-2840
8528015
2384
3876
409
977
10422
-2662
8520832
3028
3509
440
-489
8632
-1729
8521857
2446
2872
-213
-2151
5987
-546
8522882
1662
1931
-428
-3277
4393
192
8523907
885
947
-361
-3584
4473
719
8524932
-106
171
-153
-3199
3679
1069
8525957
-464
-339
3
-2619
2340
1660
8526982
-193
-547
31
-2198
1313
1684
8528007
217
-587
44
-2145
1110
1218
8529032
-13
-907
99
-1919
1853
425
8530057
-974
-1310
73
-1340
2789
-245
8531082
-2018
-1723
38
-1079
3059
-367
8532107
-2838
-2089
-110
-1616
2712
-684
8533132
-2964
-2702
-431
-2055
3414
-1665
8534157
-3075
-3004
-467
-3575
5200
-2903
8535182
-3055
-3975
-214
-2974
10052
-3835
8536207
-3449
-5560
651
1482
13385
-4173
8529023
-4132
-5646
868
5551
10122
-3220
8530048
-3686
-4678
3
6020
6645
-1931
8531073
-2191
-3859
-574
4569
4822
-1591
8532098
-998
-3023
-682
4040
3107
-2045
8533123
-247
-2267
-445
3339
1603
-1230
8534148
113
-1752
-339
2914
614
-285
8535173
-14
-1181
-342
2780
-234
-83
8536198
-237
-576
-435
2830
-994
-368
8537223
44
123
-463
2563
-1590
-681
8538248
726
735
-452
2234
-1953
-764
8539273
1510
1095
-444
2456
-1115
-487
8540298
1850
1328
-324
3105
441
326
8541323
1631
1684
-63
4270
2457
450
8542348
1336
2287
401
5680
4312
-1308
8543373
1337
3642
946
4362
6233
-3057
8544398
2107
4344
1117
3307
7993
-2484
8537217
2969
4437
942
2792
10646
-2293
8538242
2744
4279
735
1197
10546
-969
8539267
1752
3641
438
-289
6845
-290
8540292
1506
2909
80
-1581
3681
-351
8541317
2050
2140
-99
-3007
3387
-150
8542342
1728
1276
8
-3849
3858
-107
8543367
552
493
278
-4053
3427
47
8544392
-278
-244
504
-3591
2087
413
8545417
-635
-778
538
-2970
1427
534
8546442
-672
-1226
466
-2461
1339
503
8547467
-610
-1661
382
-2068
1581
515
8548492
-869
-2087
270
-1664
2479
288
8549517
-1567
-2433
93
-1425
3095
-187
8550542
-2274
-2693
-216
-1678
2700
-677
8551567
-2486
-2984
-692
-2191
3447
-1853
8552592
-2587
-3287
-1044
-3148
7730
-3347
8545482
-3414
-4383
-579
-2015
15318
-3970
8546507
-5278
-5937
725
3231
15079
-3891
8547532
-5875
-5489
213
7845
9311
-2967
8548557
-4623
-4305
-915
6813
5817
-1595
8549582
-2889
-3738
-1333
5210
4240
-1153
8550607
-1980
-2845
-1161
4856
2690
-1689
8551632
-929
-2008
-651
3520
740
-1148
8552657
-141
-1560
-279
2441
90
-349
8553682
-303
-1270
-33
2275
-812
-367
8554707
-345
-1031
241
1964
-2276
-978
8555732
345
-636
245
1660
-2096
-886
8556757
1568
-109
82
1516
-2448
-1181
8557782
2891
274
275
1466
-1524
-1212
8558807
2932
433
587
2589
406
-1151
8559832
1885
1057
1059
2394
232
-1690
8560857
2100
1481
1379
2291
321
-1491
8553599
2922
1923
1045
3808
3658
-2816
8554624
2731
2785
562
4658
8587
-3991
8555649
2477
3350
617
3844
11180
-2501
8556674
2946
2999
404
3714
10843
-875
8557699
4037
2739
-27
3089
10165
148
8558724
3316
2937
-572
1667
8179
602
8559749
1748
2510
-882
913
5187
6
8560774
1359
1928
-858
172
4737
176
8561799
601
1685
-583
-455
4190
319
8562824
-160
1515
-309
-913
3236
165
8563849
-594
1277
-78
-1293
2916
126
8564874
-760
880
108
-1455
2716
-145
8565899
-646
490
226
-2096
2403
-494
8566924
-553
-5
249
-3095
2369
-448
8567949
-809
-914
138
-3121
2503
-400
8568974
-1390
-1862
-53
-2345
2268
-561
8561792
-1931
-2415
-266
-2160
1703
-910
8562817
-2168
-2822
-466
-2489
1481
-1318
8563842
-2360
-3338
-605
-2443
2182
-1676
8564867
-2646
-3857
-744
-2180
2832
-2010
8565892
-2964
-4144
-864
-2442
5052
-3518
8566917
-3305
-4871
-844
-1320
10387
-4964
8567942
-4018
-5831
-144
2204
14000
-5149
8568967
-4714
-5780
-156
6132
12617
-4314
8569992
-4735
-5026
-1011
6751
9828
-3265
8571017
-3943
-4590
-1501
5506
7155
-2140
8572042
-2792
-4169
-1515
5032
4376
-1314
8573067
-1362
-3473
-1126
4336
2642
-1159
8574092
-125
-2787
-613
3335
1772
-853
8575117
353
-2122
-119
2438
836
-510
8576142
428
-1522
229
2153
-462
-169
8577167
753
-946
237
2087
-1074
-248
8569985
1491
-296
275
1616
-1227
-253
8571010
1779
228
199
1460
-1057
-354
8572035
1850
826
42
1339
-1255
-602
8573060
2062
1341
-132
1262
-1126
-653
8574085
1938
1699
-190
1324
-184
-713
8575110
1568
1926
-101
2076
1300
-926
8576135
1372
2031
143
3861
3715
-1506
8577160
1103
2294
566
6313
7485
-2942
8578185
518
3232
1181
5837
9655
-3483
8579210
1031
3517
1051
5048
10106
-2412
8580235
1994
3293
587
3545
9913
-773
8581260
2421
2695
144
1342
7113
408
8582285
2320
2147
-167
-170
4657
833
8583310
2035
1561
-187
-717
4094
514
8584335
1467
1376
40
-1925
3854
534
8585360
473
1111
226
-2743
3400
551
8578176
-432
515
392
-2680
2374
434
8579201
-592
41
533
-2684
1080
280
8580226
-131
-337
568
-2824
1272
401
8581251
-16
-865
499
-2484
1676
436
8582276
-424
-1319
417
-2232
1720
239
8583301
-1089
-1807
263
-2075
2301
-92
8584326
-1934
-2292
51
-1801
3016
-619
8585351
-2560
-2728
-250
-1577
3685
-1239
8586376
-3147
-3015
-575
-1740
5061
-2272
8587401
-3798
-3479
-834
-1241
9361
-3439
8588426
-4728
-4357
-635
1409
14683
-4189
8589451
-5616
-4851
-102
5563
13586
-3594
8590476
-5780
-4170
-692
7349
9111
-1826
8591501
-4629
-3568
-1494
6264
5426
-1053
8592526
-2964
-2687
-1826
5653
3904
-2298
8593551
-1542
-1559
-1471
4590
2178
-2387
8586368
-390
-901
-976
3377
-44
-1209
8587393
158
-430
-814
2819
-1473
-892
8588418
705
-174
-718
2637
-2079
-1370
8589443
1416
183
-507
1907
-2034
-1264
8590468
1965
442
-209
1280
-2364
-859
8591493
2616
533
25
1429
-2230
-776
8592518
3293
751
136
1930
-1823
-993
8593543
3861
991
270
2559
-166
-771
8594568
3776
1526
299
3330
3178
-1453
8595593
2985
2269
352
5934
9084
-3569
8596618
1233
3406
1514
5317
11190
-4038
8597643
192
3559
1373
4198
10484
-1966
8598668
801
2724
640
3699
8563
-926
8599693
953
2501
-140
764
5473
576
8600718
1634
2001
-390
-327
3309
1051
8601743
2381
1526
-342
-734
2804
518
8594560
2337
1278
-167
-1996
3451
525
8595585
1495
883
42
-2707
3572
604
8596610
305
375
36
-2558
2795
485
8597635
-275
-26
148
-2271
1653
263
8598660
-230
-301
296
-2405
1618
367
8599685
-535
-814
45
-1803
2102
237
8600710
-968
-1195
-29
-1293
2639
-88
8601735
-1558
-1487
-78
-1387
2994
-467
8602760
-2153
-1875
-220
-1581
3944
-1195
8603785
-2930
-2296
-238
-1310
7483
-2081
8604810
-4240
-2836
12
319
11515
-2981
8605835
-5633
-3210
409
3366
11676
-2680
8606860
-5810
-3038
-99
5854
9106
-1458
8607885
-4976
-2671
-1036
5680
6732
-384
8608910
-3816
-2496
-1566
5255
4749
-124
8609935
-2955
-1840
-1579
5298
3062
-1028
8602752
-1927
-999
-1149
4430
1395
-1608
8603777
-850
-503
-758
3166
-107
-929
8604802
-352
-199
-598
2506
-1279
-742
8605827
227
41
-527
2551
-1782
-1135
8606852
1246
375
-458
2340
-1814
-1486
8607877
2368
612
-407
2285
-1237
-1640
8608902
3065
794
-346
2574
-34
-1655
8609927
3392
999
-355
2801
1197
-1467
8610952
3418
1314
-281
3201
2536
-1283
8611977
3042
1740
22
3636
4620
-1765
8613002
2256
2340
414
3630
7099
-2458
8614027
2217
2615
733
4240
9102
-2053
8615052
2360
2691
707
3798
8478
-1753
8616077
2015
2676
388
1406
5916
-213
8617102
2231
2155
-88
101
4616
927
8618127
2645
1850
-184
-699
3850
1257
8610944
2789
1641
27
-1533
3642
896
8611969
2469
1407
66
-2274
3854
548
8612994
1771
1048
48
-2517
3550
690
8614019
1086
714
83
-2212
3410
864
8615044
270
513
63
-1958
3765
530
8616069
-481
176
-53
-1783
3195
170
8617094
-1040
-337
-170
-1430
3186
-138
8618119
-1806
-776
-305
-1270
2733
-273
8619144
-2389
-1234
-473
-1152
2137
-496
8620169
-2482
-1594
-704
-1210
2981
-969
8621194
-2614
-1961
-700
-1226
6075
-1710
8622219
-3242
-2576
-284
-24
10842
-2573
8623244
-4243
-3261
500
2719
11904
-2799
8624269
-4540
-3126
310
4670
9443
-2227
8625294
-3995
-2826
-679
4671
7291
-1320
8626319
-3260
-2773
-1294
3839
5356
-500
8619137
-2769
-2641
-1384
3758
3464
-320
8620162
-2191
-2201
-1104
3322
1727
-448
8621187
-1358
-1849
-780
2746
538
-155
8622212
-868
-1646
-468
2327
-92
432
8623237
-557
-1366
-217
2045
-685
460
8624262
100
-961
-37
2047
-1099
73
8625287
964
-383
95
1977
-1289
-547
8626312
1777
158
220
2008
-557
-1057
8627337
1988
612
376
2595
793
-1205
8628362
1623
1285
532
3171
1678
-1478
8629387
1150
2058
662
3123
2070
-1844
8630412
876
2538
706
2703
1462
-1706
8631437
1510
2564
639
3223
1381
-1754
8632462
2843
2625
621
4577
3839
-2457
8633487
3577
3207
907
4498
7237
-3263
8634512
3677
3611
1245
4054
8347
-2974
8627328
3566
3603
1127
3005
8947
-2275
8628353
2831
3181
645
1521
8873
-1071
8629378
2273
2694
262
444
6569
-358
8630403
2354
2453
236
-628
5153
-79
8631428
2757
2206
368
-1950
4831
516
8632453
2678
1786
321
-2528
4765
1039
8633478
2160
1328
105
-2248
4767
1838
8634503
1327
1005
-172
-1521
4584
2167
8635528
-7
1080
-358
-1552
3609
1356
8636553
-698
830
-494
-1535
2951
586
8637578
-873
263
-495
-873
2844
346
8638603
-1313
-78
-452
-696
2315
318
8639628
-1828
-471
-516
-647
2127
159
8640653
-2149
-918
-697
-460
2089
-80
8641678
-2163
-1270
-862
-542
2047
-340
8642703
-1852
-1560
-858
-1133
2833
-713
8635520
-1505
-2073
-632
-1426
6367
-1308
8636545
-1575
-3029
-250
385
12265
-2025
8637570
-2780
-3595
452
2831
12603
-2825
8638595
-3950
-3297
-107
3802
10692
-2625
8639620
-4591
-2990
-1008
3432
8272
-1876
8640645
-4549
-2825
-1580
3156
5731
-1059
8641670
-3805
-2699
-1650
3582
3707
-748
8642695
-2924
-2270
-1445
3547
1343
-849
8643720
-1592
-2026
-1313
3305
-184
-951
8644745
-374
-1876
-1110
2930
-503
-758
8645770
446
-1722
-753
2457
-1266
-644
8646795
1004
-1722
-161
2392
-2022
-839
8647820
1815
-1294
-34
2859
-915
-661
8648845
2403
-505
285
2802
-359
-1186
8649870
2055
105
850
2606
807
-1361
8650895
1098
638
1370
2651
1
-1882
8643711
843
1181
1630
2206
-785
-2338
8644736
1588
1396
1501
2027
-109
-2142
8645761
3308
1652
998
2341
854
-1115
8646786
4700
2314
44
2289
3517
-425
8647811
3751
2938
-621
2509
7262
-1783
8648836
1474
3371
-530
3570
10528
-4330
8649861
267
3789
120
4289
10724
-4286
8650886
1342
3547
531
4301
9016
-2534
8651911
1844
3136
-212
2376
6962
-816
8652936
1404
2525
-963
1109
4754
361
8653961
1362
1715
-1095
1601
3934
322
8654986
1386
1382
-863
1586
4122
199
8656011
915
1380
-570
1052
4032
533
8657036
333
1354
-410
1162
3106
639
8658061
125
1594
-398
1119
2434
526
8659086
203
1885
-485
912
2411
266
8651905
234
2097
-505
730
2529
-14
8652930
45
2191
-507
482
2350
-10
8653955
-96
2128
-531
282
2089
131
8654980
-136
1983
-567
153
1974
181
8656005
-124
1811
-582
97
1888
202
8657030
9
1616
-566
-16
1662
278
8658055
263
1383
-534
-185
1844
343
8659080
516
1077
-439
-105
3094
392
8660105
467
780
-239
513
5088
221
8661130
172
661
83
1276
6217
50
8662155
-158
687
454
2089
6889
-303
8663180
-423
749
710
3000
7205
-633
8664205
-654
707
804
3062
6413
-70
8665230
-952
476
467
2904
4642
716
8666255
-1041
145
88
2962
3588
1054
8667280
-1408
-47
56
3072
3009
435
8660096
-1327
-99
211
2974
2957
273
8661121
-989
-72
359
2835
3218
559
8662146
-950
90
476
2746
2532
728
8663171
-889
275
506
2548
2072
669
8664196
-629
439
475
2299
1874
652
8665221
-277
610
425
2285
1785
579
8666246
205
881
510
2225
2055
305
8667271
673
1223
644
2004
2318
59
8668296
1032
1481
735
1983
2787
7
8669321
1028
1712
746
2124
3494
-8
8670346
829
1946
742
2367
3943
-67
8671371
693
2146
686
2426
3990
-90
8672396
727
2261
574
2231
3465
-203
8673421
1120
2350
421
1611
3118
-220
8674446
1659
2270
297
857
3224
51
8675471
2125
2001
206
461
3607
254
8668288
2296
1761
176
80
3907
213
8669313
2156
1494
184
-310
4093
51
8670338
1780
1177
166
-544
4177
11
8671363
1306
797
135
-498
4326
92
8672388
824
346
100
21
4387
150
8673413
490
17
74
500
4408
190
8674438
319
-215
72
794
4575
248
8675463
165
-450
61
1207
4738
370
8676488
84
-587
22
1616
4562
498
8677513
32
-583
-74
1783
4203
626
8678538
26
-536
-190
1797
3816
813
8679563
64
-468
-293
1776
3564
1028
8680588
162
-383
-302
1652
3327
1157
8681613
276
-311
-227
1588
3402
1211
8682638
264
-299
-113
1751
3583
1252
8683663
86
-278
12
1914
3656
1128
8676481
-141
-202
150
1944
3862
836
8677506
-344
-81
302
1822
3908
542
8678531
-467
6
353
1745
3908
417
8679556
-568
54
364
1590
3742
403
8680581
-610
19
332
1442
3578
421
8681606
-569
-54
277
1387
3419
411
8682631
-442
-96
244
1279
3325
404
8683656
-287
-142
230
1218
3326
412
8684681
-192
-181
225
1292
3424
419
8685706
-146
-184
214
1438
3490
451
8686731
-63
-178
180
1526
3489
504
8687756
11
-154
116
1594
3554
528
8688781
42
-104
54
1660
3613
555
8689806
47
-54
29
1684
3643
648
8690831
-3
-7
22
1684
3598
751
8691856
-31
50
35
1633
3427
780
8684672
19
98
41
1585
3530
743
8685697
36
134
52
1570
3615
695
8686722
16
171
63
1485
3673
637
8687747
-30
168
45
1492
3723
588
8688772
-97
167
27
1463
3658
559
8689797
-137
148
-10
1462
3634
532
8690822
-181
120
-46
1493
3649
526
8691847
-223
94
-57
1558
3623
533
8692872
-235
89
-50
1567
3452
569
8693897
-170
73
-50
1598
3440
624
8694922
-99
64
-33
1686
3500
662
8695947
-53
90
0
1666
3477
660
8696972
-6
111
17
1636
3457
666
8697997
42
127
35
1587
3460
670
8699022
73
129
46
1528
3515
659
8700047
79
118
61
1493
3545
633
8692863
79
97
71
1438
3572
617
8693888
66
61
59
1461
3602
599
8694913
49
42
48
1438
3544
569
8695938
69
7
30
1450
3584
565
8696963
53
-23
34
1476
3678
578
8697988
15
-46
51
1496
3640
643
8699013
-2
-66
48
1506
3579
659
8700038
-2
-80
23
1567
3608
671
8701063
-4
-71
23
1629
3639
695
8702088
-33
-28
36
1624
3602
691
8703113
-56
16
45
1599
3527
653
8704138
-39
47
40
1581
3562
643
8705163
-11
51
40
1619
3676
660
8706188
-11
51
39
1686
3835
669
8707213
-81
54
28
1751
3943
700
8708238
-236
82
5
1783
3866
734
8701056
-381
135
-14
1691
3631
779
8702081
-425
174
-20
1598
3406
855
8703106
-355
212
-11
1506
3199
841
8704131
-216
249
-22
1361
3177
723
8705156
-108
250
-31
1307
3318
661
8706181
-49
217
-14
1374
3449
721
8707206
13
183
7
1428
3329
695
8708231
159
159
9
1349
3298
616
8709256
363
82
16
1321
3421
679
8710281
537
-20
63
1361
3658
818
8711306
564
-98
114
1404
3916
900
8712331
428
-143
125
1472
4072
937
8713356
164
-152
95
1518
4102
987
8714381
-179
-143
64
1555
4018
954
8715406
-457
-101
72
1490
3738
859
8716431
-553
-82
88
1415
3534
810
8709248
-519
-113
102
1424
3551
793
8710273
-471
-176
99
1448
3563
775
8711298
-448
-241
68
1449
3462
732
8712323
-433
-286
44
1503
3422
751
8713348
-411
-303
47
1629
3357
816
8714373
-342
-279
89
1685
3306
847
8715398
-248
-238
102
1717
3320
844
8716423
-164
-179
89
1715
3435
837
8717448
-126
-136
66
1753
3526
859
8718473
-126
-87
44
1786
3556
886
8719498
-130
-29
42
1760
3525
879
8720523
-91
13
48
1696
3490
859
8721548
-29
17
52
1623
3489
882
8722573
-39
-34
34
1598
3534
936
8723598
-129
-107
19
1626
3505
960
8724623
-194
-157
24
1663
3360
984
8717440
-212
-169
27
1724
3252
1008
8718465
-200
-136
45
1736
3122
940
8719490
-109
-86
73
1684
3111
842
8720515
60
-60
96
1673
3218
816
8721540
212
-36
95
1666
3414
800
8722565
290
-16
73
1635
3475
773
8723590
343
-8
17
1617
3505
798
8724615
376
-17
-37
1651
3587
903
8725640
354
-25
-61
1779
3671
977
8726665
272
4
-51
1899
3770
959
8727690
87
52
-36
1936
3745
975
8728715
-148
84
-28
1911
3537
1006
8729740
-305
90
-16
1864
3288
956
8730765
-305
68
23
1781
3085
871
8731790
-169
35
70
1731
3054
811
8732815
25
13
99
1683
3130
770
8725633
208
0
96
1676
3270
754
8726658
311
12
84
1673
3413
740
8727683
354
34
52
1693
3513
762
8728708
366
49
-4
1745
3607
822
8729733
329
70
-49
1768
3637
891
8730758
235
91
-78
1792
3563
955
8731783
133
102
-75
1813
3511
959
8732808
47
101
-47
1831
3511
923
8733833
-5
105
-6
1819
3442
870
8734858
1
108
19
1768
3408
823
8735883
21
98
17
1729
3429
785
8736908
23
84
12
1706
3450
764
8737933
5
79
9
1717
3445
749
8738958
38
78
3
1710
3399
745
8739983
107
74
-15
1709
3460
766
8741008
134
67
-30
1714
3513
797
8733823
103
61
-39
1685
3498
833
8734848
65
46
-37
1696
3474
852
8735873
47
25
-26
1719
3480
858
8736898
23
6
-18
1733
3480
842
8737923
0
4
-23
1730
3520
790
8738948
-38
19
-22
1732
3507
767
8739973
-57
38
-19
1700
3435
762
8740998
-29
43
-20
1649
3402
777
8742023
35
26
-26
1622
3418
789
8743048
58
3
-34
1641
3510
777
8744073
44
-7
-25
1669
3540
756
8745098
5
-12
-19
1658
3506
766
8746123
-19
-18
-23
1657
3491
761
8747148
-9
-24
-21
1668
3528
753
8748173
-11
-26
-20
1672
3505
762
8749198
7
-28
-29
1668
3504
778
8742017
23
-21
-37
1660
3484
784
8743042
47
-16
-31
1655
3522
787
8744067
34
-11
-19
1657
3577
797
8745092
-13
1
-11
1625
3562
787
8746117
-53
4
-21
1609
3541
773
8747142
-79
3
-33
1601
3550
770
8748167
-102
-1
-29
1600
3504
762
8749192
-106
-11
-27
1599
3476
759
8750217
-102
-21
-28
1615
3464
771
8751242
-89
-28
-26
1624
3435
776
8752267
-48
-37
-23
1660
3408
790
8753292
29
-38
-14
1675
3438
791
8754317
80
-27
-5
1664
3561
799
8755342
74
-10
0
1654
3581
809
8756367
40
13
-6
1604
3578
827
8757392
-11
21
-15
1584
3551
836
8750208
-53
22
-19
1579
3513
830
8751233
-55
18
-17
1588
3490
786
8752258
-26
11
-15
1600
3483
774
8753283
7
6
-18
1589
3480
780
8754308
31
-3
-20
1576
3514
774
8755333
39
-18
-16
1608
3543
779
8756358
36
-19
-9
1614
3552
812
8757383
35
-16
-9
1585
3548
830
8758408
41
-16
-11
1571
3574
834
8759433
15
-11
-12
1610
3653
811
8760458
-60
14
-8
1604
3603
799
8761483
-106
31
-9
1570
3525
794
8762508
-95
20
-13
1569
3472
773
8763533
-47
5
-16
1577
3480
752
8764558
-6
-5
-8
1570
3498
769
8765583
14
-14
-9
1600
3498
787
8758689
30
-14
-10
1584
3501
790
8759714
38
-16
-8
1591
3531
800
8760739
35
-13
2
1584
3533
807
8761764
32
-15
2
1603
3565
806
8762789
20
-8
-1
1604
3583
794
8763814
-4
-4
-3
1594
3584
793
8764839
-39
-9
-4
1606
3565
793
8765864
-65
-13
-1
1614
3533
784
8766889
-72
-14
4
1621
3496
785
8767914
-60
-12
8
1617
3474
790
8768939
-31
-8
13
1618
3456
794
8769964
6
-5
19
1613
3481
793
8770989
41
-11
25
1610
3476
788
8772014
63
-17
21
1621
3536
772
8773039
51
-16
18
1633
3586
779
8774064
14
-12
20
1650
3547
804
8766592
-2
-4
24
1625
3493
812
8767617
16
-6
31
1646
3502
824
8768642
24
-1
41
1672
3522
814
8769667
12
18
49
1664
3523
778
8770692
1
40
49
1617
3511
737
8771717
12
40
48
1552
3463
757
8772742
42
8
41
1549
3461
775
8773767
81
-24
39
1562
3501
756
8774792
102
-52
38
1599
3585
768
8775817
63
-63
27
1650
3629
777
8776842
-6
-49
20
1662
3577
783
8777867
-45
-34
19
1669
3526
781
8778892
-45
-24
30
1677
3508
762
8779917
-28
-19
40
1685
3509
753
8780942
-19
-16
37
1685
3500
753
8781967
-25
-12
30
1664
3490
746
8774784
-37
-15
32
1656
3461
744
8775809
-31
-18
32
1647
3421
775
8776834
5
-18
23
1655
3441
789
8777859
42
-9
3
1653
3496
790
8778884
43
8
-19
1671
3540
790
8779909
20
29
-35
1695
3560
769
8780934
-13
58
-48
1734
3569
754
8781959
-38
89
-50
1720
3501
751
8782984
-23
93
-47
1694
3469
761
8784009
-2
75
-36
1698
3507
802
8785034
0
55
-6
1702
3505
828
8786059
-5
50
16
1678
3510
821
8787084
-16
51
26
1659
3540
818
8788109
-42
62
29
1640
3561
810
8789134
-69
68
22
1601
3508
795
8790159
-62
71
8
1565
3490
767
8782975
-36
57
-6
1577
3522
755
8784000
-32
41
-14
1606
3542
786
8785025
-50
28
-21
1610
3511
801
8786050
-53
18
-24
1630
3501
793
8787075
-48
11
-21
1641
3489
816
8788100
-38
6
-14
1626
3450
840
8789125
-7
-1
-5
1601
3454
826
8790150
25
-16
3
1601
3529
822
8791175
7
-27
5
1606
3571
796
8792200
-41
-28
-3
1593
3522
787
8793225
-56
-39
-14
1587
3485
792
8794250
-29
-59
-13
1596
3462
781
8795275
16
-77
-9
1606
3479
800
8796300
37
-87
-10
1640
3525
824
8797325
20
-78
-11
1650
3539
821
8798350
-8
-68
-8
1652
3509
811
8791168
-12
-65
0
1639
3498
809
8792193
1
-69
2
1651
3536
816
8793218
3
-65
-1
1658
3543
812
8794243
-5
-56
-10
1635
3541
812
8795268
-31
-52
-17
1643
3521
813
8796293
-59
-40
-17
1684
3497
810
8797318
-64
-21
-15
1692
3455
792
8798343
-29
-4
-13
1676
3417
795
8799368
30
-1
-9
1645
3451
795
8800393
67
-9
-4
1639
3512
801
8801418
60
-18
-4
1662
3575
807
8802443
16
-12
-10
1667
3591
809
8803468
-32
5
-12
1650
3535
822
8804493
-42
13
-9
1628
3465
821
8805518
-21
14
-3
1620
3475
818
8806543
4
8
7
1606
3508
802
8799360
13
-1
6
1594
3539
803
8800385
-2
-12
-1
1599
3549
807
8801410
-13
-16
-3
1592
3526
810
8802435
-11
-21
-2
1585
3518
828
8803460
-7
-26
1
1605
3509
840
8804485
4
-29
2
1576
3535
842
8805510
7
-40
0
1595
3576
818
8806535
-28
-42
-4
1607
3583
795
8807560
-82
-39
-14
1607
3530
790
8808585
-99
-41
-15
1587
3426
811
8809610
-47
-57
-8
1587
3424
802
8810635
22
-67
1
1596
3470
797
8811660
65
-60
1
1588
3516
809
8812685
76
-50
-3
1590
3545
836
8813710
56
-39
-3
1576
3580
838
8814735
11
-33
0
1563
3603
826
8807552
-33
-29
-7
1549
3546
805
8808577
-38
-32
-24
1544
3506
806
8809602
-21
-46
-37
1583
3512
801
8810627
-9
-51
-39
1631
3519
787
8811652
-7
-41
-31
1651
3509
797
8812677
-3
-25
-24
1649
3499
803
8813702
9
-10
-19
1631
3487
810
8814727
15
5
-13
1631
3501
801
8815752
18
19
-7
1593
3484
792
8816777
39
17
-7
1561
3473
791
8817802
72
6
-10
1580
3530
789
8818827
73
5
-10
1588
3580
789
8819852
38
11
-16
1582
3576
800
8820877
13
15
-22
1579
3545
808
8821902
6
9
-22
1606
3565
809
8822927
-11
15
-16
1626
3544
800
8815744
-23
30
-12
1600
3523
799
8816769
-19
39
-7
1580
3522
783
8817794
-11
37
-3
1559
3508
784
8818819
4
28
-3
1537
3494
794
8819844
32
9
-4
1526
3535
806
8820869
46
-4
-3
1545
3596
794
8821894
21
5
-10
1574
3627
798
8822919
-27
28
-20
1565
3591
807
8823944
-52
37
-26
1569
3539
804
8824969
-43
43
-26
1579
3554
793
8825994
-29
49
-20
1565
3524
797
8827019
-11
46
-18
1558
3499
793
8828044
8
39
-16
1548
3489
793
8829069
32
29
-7
1528
3495
798
8830094
56
14
5
1516
3531
798
8831119
73
3
8
1531
3570
798
8823935
78
1
4
1523
3605
796
8824960
56
0
-2
1514
3657
812
8825985
1
3
-5
1515
3640
807
8827010
-51
8
-13
1530
3613
813
8828035
-83
10
-19
1541
3550
807
8829060
-80
13
-20
1530
3487
786
8830085
-38
11
-14
1530
3471
787
8831110
17
5
-3
1531
3485
789
8832135
55
-2
6
1534
3546
782
8833160
60
-5
8
1534
3605
791
8834185
37
-4
4
1528
3619
806
8835210
10
0
2
1521
3585
811
8836235
2
-3
3
1517
3570
813
8837260
-4
-5
4
1546
3589
803
8838285
-25
8
8
1557
3567
796
8839310
-30
21
8
1528
3537
778
8832128
-14
17
8
1523
3513
778
8833153
13
5
11
1523
3503
786
8834178
44
-2
14
1513
3520
792
8835203
74
-8
16
1508
3566
799
8836228
75
-13
18
1524
3631
804
8837253
30
-2
15
1534
3630
810
8838278
-19
12
10
1522
3589
796
8839303
-34
13
11
1516
3562
782
8840328
-18
4
15
1520
3565
776
8841353
-12
-7
13
1532
3573
788
8842378
-22
-12
9
1536
3540
794
8843403
-27
-19
11
1544
3522
799
8844428
-19
-19
22
1551
3517
794
8845453
0
-16
32
1556
3511
786
8846478
21
-16
32
1559
3546
771
8847503
28
-19
30
1576
3565
762
8840322
19
-19
28
1582
3560
761
8841347
7
-22
26
1591
3529
771
8842372
13
-22
27
1597
3504
783
8843397
35
-18
32
1610
3496
781
8844422
55
-8
39
1622
3526
793
8845447
60
10
46
1608
3539
788
8846472
53
22
46
1584
3531
766
8847497
47
24
45
1572
3523
762
8848522
47
18
48
1572
3520
749
8849547
62
9
49
1570
3525
741
8850572
80
2
43
1607
3542
742
8851597
89
2
40
1637
3569
751
8852622
72
8
42
1654
3570
762
8853647
48
15
51
1655
3554
778
8854672
28
25
60
1658
3539
761
8855697
22
34
66
1640
3501
760
8848511
36
29
70
1638
3504
767
8849536
59
10
71
1629
3526
746
8850561
72
5
75
1617
3564
722
8851586
61
7
62
1605
3569
724
8852611
40
9
46
1609
3549
746
8853636
30
18
41
1602
3544
733
8854661
30
22
38
1593
3533
721
8855686
26
22
26
1589
3550
721
8856711
-6
13
9
1612
3556
703
8857736
-56
-4
-1
1644
3535
673
8858761
-86
-26
-2
1671
3496
654
8859786
-63
-46
2
1699
3447
678
8860811
-5
-62
12
1713
3445
709
8861836
34
-64
21
1733
3508
714
8862861
23
-42
32
1713
3523
722
8863886
-2
-23
33
1665
3506
715
8856705
-18
-21
25
1633
3511
703
8857730
-32
-32
14
1639
3534
685
8858755
-53
-43
4
1653
3526
678
8859780
-65
-54
-9
1662
3490
674
8860805
-59
-59
-21
1677
3476
689
8861830
-40
-61
-22
1699
3461
703
8862855
-27
-56
-22
1710
3472
704
8863880
-22
-42
-19
1706
3480
700
8864905
-14
-31
-16
1693
3476
701
8865930
-5
-33
-12
1690
3513
700
8866955
-13
-35
-10
1703
3509
704
8867980
-16
-28
-6
1685
3487
684
8869005
3
-28
-5
1680
3495
707
8870030
19
-30
-4
1670
3509
719
8871055
27
-26
-6
1659
3530
728
8872080
