Device = VHR-0009
time_stamp = 1777369982634
sample_rate = 50
Data format = INT16
TYPE = 6-AXIS IMU RAW DATA
413
173
33
-1336
4040
695
11011200
273
165
-10
-1301
3859
359
11012225
258
102
3
-1196
3876
318
11013250
196
51
44
-1261
3818
334
11014275
165
28
38
-1254
3601
363
11015300
415
57
46
-1221
3341
340
11016325
866
119
105
-1346
3614
218
11017350
948
72
120
-1389
4212
371
11018375
407
71
14
-1271
4426
612
11019400
239
195
-109
-1241
3876
336
11020425
519
182
-113
-1273
4205
160
11021450
291
147
-147
-1283
4291
460
11022475
213
207
-257
-984
3677
562
11023500
671
291
-194
-986
3768
430
11024525
971
370
-147
-1092
4091
388
11025550
897
489
-197
-1023
3873
235
11026575
779
565
-197
-1108
3588
-359
11019520
635
519
-114
-1378
3590
-604
11020545
601
410
-69
-1363
3683
-470
11021570
553
391
-75
-1334
3655
-375
11022595
480
433
-53
-1367
3833
-420
11023620
240
482
-68
-1366
3873
-429
11024645
128
559
-115
-1304
3981
-349
11025670
111
635
-156
-1388
4087
-733
11026695
-228
568
-214
-1500
3859
-1026
11027720
-433
435
-244
-1403
3762
-702
11028745
-508
330
-220
-1304
3539
-806
11029770
-594
218
-134
-1455
3597
-644
11030795
-816
174
-77
-1435
3559
-208
11031820
-841
198
-44
-1354
3137
-392
11032845
-549
180
56
-1547
3493
-549
11033870
-562
123
74
-1574
3705
-306
11034895
-228
568
-214
-1500
3859
-1026
11027720
-433
435
-244
-1403
3762
-702
11028745
-508
330
-220
-1304
3539
-806
11029770
-594
218
-134
-1455
3597
-644
11030795
-816
174
-77
-1435
3559
-208
11031820
-841
198
-44
-1354
3137
-392
11032845
-549
180
56
-1547
3493
-549
11033870
-562
123
74
-1574
3705
-306
11034895
-622
109
57
-1463
3243
-314
11027584
-133
94
139
-1477
2919
-574
11028609
313
77
229
-1490
3739
-288
11029634
80
117
181
-1420
3891
57
11030659
-238
226
128
-1481
3686
-23
11031684
-301
268
101
-1443
3690
-455
11032709
-296
223
117
-1364
3685
-620
11033734
-70
171
142
-1379
3777
-424
11034759
37
165
155
-1206
3838
-73
11035784
-106
211
171
-1301
4003
-130
11036809
-394
217
104
-1344
4070
-323
11037834
-620
157
39
-1313
3728
-449
11038859
-293
67
43
-1235
3315
-422
11039884
224
5
129
-1252
3783
-220
11040909
192
1
142
-1267
4011
8
11041934
-57
46
90
-1279
3779
-43
11042959
-81
78
64
-1329
3733
-224
11035776
48
63
56
-1323
3866
-199
11036801
123
41
60
-1252
3771
-189
11037826
184
24
61
-1205
3933
-112
11038851
111
29
58
-1137
4028
-17
11039876
22
52
68
-1173
3866
-78
11040901
106
51
70
-1228
3855
-181
11041926
187
41
49
-1217
4036
-197
11042951
125
37
23
-1263
3999
-236
11043976
87
38
0
-1271
3821
-249
11045001
118
45
-5
-1275
3814
-233
11046026
137
46
-10
-1267
3810
-265
11047051
88
46
-20
-1240
3881
-247
11048076
-35
51
-11
-1248
3788
-230
11049101
-48
52
5
-1242
3715
-212
11050126
16
48
24
-1194
3722
-216
11051151
23
44
41
-1167
3826
-250
11043968
-19
38
48
-1147
3826
-211
11044993
-41
42
63
-1161
3747
-262
11046018
34
40
70
-1225
3843
-300
11047043
66
34
60
-1237
3888
-296
11048068
51
34
49
-1242
3889
-272
11049093
28
25
31
-1237
3897
-242
11050118
-10
18
2
-1238
3868
-239
11051143
-19
15
-17
-1217
3837
-230
11052168
-3
17
-13
-1194
3787
-256
11053193
15
13
1
-1217
3776
-276
11054218
22
8
8
-1215
3787
-282
11055243
35
5
11
-1212
3780
-291
11056268
44
6
19
-1222
3830
-295
11057293
18
2
10
-1216
3842
-285
11058318
27
-5
14
-1188
3723
-303
11059343
98
-9
29
-1170
3748
-273
11052160
126
-5
28
-1170
3947
-281
11053185
31
-3
-2
-1191
4031
-239
11054210
-81
8
-2
-1166
3678
-291
11055235
-2
2
26
-1187
3712
-311
11056260
13
-9
46
-1180
3778
-287
11057285
2
-5
54
-1192
3823
-308
11058310
34
-4
43
-1191
3921
-248
11059335
-22
7
48
-1180
3784
-256
11060360
-14
8
51
-1178
3771
-315
11061385
11
0
51
-1147
3850
-312
11062410
21
-4
53
-1146
3829
-297
11063435
37
-5
46
-1152
3875
-286
11064460
28
-3
31
-1163
3859
-301
11065485
30
2
25
-1172
3854
-312
11066510
32
2
16
-1168
3846
-333
11067535
30
2
17
-1159
3812
-342
11060352
40
0
12
-1145
3921
-250
11061377
-11
2
15
-1127
3793
-256
11062402
-29
-7
24
-1124
3847
-232
11063427
-97
10
4
-1066
3943
-113
11064452
-226
61
1
-1071
3799
-223
11065477
-217
71
12
-1095
3799
-335
11066502
-218
51
17
-1107
3911
-339
11067527
-296
32
16
-1132
3893
-267
11068552
-409
47
-6
-1109
3879
-96
11069577
-480
89
-13
-1098
3799
-53
11070602
-363
103
-4
-1101
3759
-120
11071627
-44
99
6
-1138
3484
-338
11072652
513
34
91
-1107
3367
-411
11073677
668
-12
192
-1083
4041
-78
11074702
247
39
135
-1101
3886
-97
11075727
232
110
129
-999
3419
-210
11068543
724
133
237
-976
2828
-535
11069568
1591
48
356
-843
3100
-953
11070593
1630
-65
489
-853
4607
-764
11071618
747
-66
408
-954
4289
-613
11072643
536
-68
332
-932
3519
-941
11073668
717
-100
379
-972
3792
-937
11074693
610
-118
377
-936
4000
-795
11075718
414
-105
349
-867
3881
-783
11076743
538
-77
336
-885
3739
-898
11077768
726
-76
319
-813
3914
-896
11078793
613
-105
300
-779
4075
-990
11079818
365
-137
276
-781
4001
-932
11080843
196
-131
273
-842
3956
-959
11081868
106
-164
253
-904
3781
-1307
11082893
-23
-267
267
-911
3855
-1316
11083918
-209
-380
277
-844
3897
-1061
11076736
-339
-471
282
-803
3735
-1159
11077761
-345
-545
299
-789
3641
-1085
11078786
-323
-553
357
-818
3530
-994
11079811
-101
-561
404
-1039
3742
-1189
11080836
8
-625
373
-1101
3946
-1280
11081861
-33
-654
265
-997
4099
-816
11082886
-235
-608
145
-773
4140
-521
11083911
-232
-567
67
-624
3738
-664
11084936
21
-561
94
-630
4164
-655
11085961
-40
-550
48
-671
4428
-717
11086986
-50
-536
-42
-717
3689
-796
11088011
309
-500
-69
-823
4007
-382
11089036
312
-420
-155
-637
4080
-289
11090061
39
-313
-159
-705
3916
-468
11091086
-141
-278
-159
-656
3569
-632
11092111
-311
-266
-99
-650
3702
-742
11084928
-455
-253
-74
-682
3890
-595
11085953
-470
-191
-43
-777
3692
-377
11086978
-465
-120
-14
-816
3852
-293
11088003
-597
-68
-33
-814
3907
-313
11089028
-760
-43
-29
-704
3700
-354
11090053
-705
-39
44
-594
3558
-246
11091078
-418
-7
73
-381
3592
-38
11092103
-169
52
176
-602
3677
-374
11093128
87
24
315
-1075
3396
-663
11094153
300
-73
365
-850
3404
-560
11095178
346
-118
399
-757
3584
-445
11096203
249
-142
372
-939
3643
-431
11097228
118
-137
369
-1054
3257
-394
11098253
104
-153
467
-1068
2846
-487
11099278
347
-187
692
-1313
2933
-657
11100303
690
-217
872
-1513
3544
-620
11093120
754
-211
832
-1216
3849
-107
11094145
682
-91
824
-1144
3438
45
11095170
829
33
914
-1481
3198
-290
11096195
1187
73
984
-1405
2818
-489
11097220
1394
165
1112
-752
2458
-546
11098245
1649
272
1311
-118
3494
-982
11099270
1471
160
1267
-198
4533
-676
11100295
30
272
1174
-511
5506
-824
11101320
-1550
199
809
-737
6703
-1000
11102345
-2554
-70
450
-1005
6257
-1150
11103370
-2630
-359
169
-1470
5662
-822
11104395
-2625
-574
11
-1753
5669
-453
11105420
-2702
-726
-385
-1841
6156
-252
11106445
-2609
-959
-857
-1584
5743
-251
11107470
-2116
-1120
-1230
-1264
6202
-210
11108495
-1608
-1346
-1663
-1034
6575
254
11101312
-1656
-1418
-1873
-945
5246
659
11102337
-1428
-1367
-1960
-1048
4407
962
11103362
-1131
-1357
-2015
-732
4241
1345
11104387
-1276
-1222
-1900
-462
3785
1556
11105412
-1453
-947
-1671
-486
2815
1338
11106437
-1259
-712
-1366
-579
1975
1007
11107462
-964
-615
-1088
-464
1812
839
11108487
-1125
-560
-887
-22
1794
724
11109512
-1635
-420
-731
490
1243
488
11110537
-1725
-264
-587
897
91
80
11111562
-1195
-134
-450
1238
-562
-23
11112587
-670
55
9
1494
-460
-120
11113612
-276
261
872
1843
50
-579
11114637
582
276
1638
2558
1326
-319
11115662
1835
520
2531
3757
2993
721
11116687
2916
1341
3355
5078
6798
1332
11109504
2159
2100
4047
4925
9994
880
11110529
470
2333
4418
4025
9914
1165
11111554
515
2350
4365
3407
10588
2440
11112579
1110
2511
4287
2493
10765
2432
11113604
1305
2655
4152
1204
9285
1404
11114629
1257
2682
3849
1
8183
984
11115654
933
2598
3345
-861
7386
967
11116679
568
2520
2739
-1407
6447
838
11117704
295
2387
2179
-1816
5239
822
11118729
98
2203
1723
-2211
3969
1000
11119754
-82
2083
1255
-2478
2722
892
11120779
-261
1941
770
-2640
1534
496
11121804
-482
1700
294
-2940
713
-14
11122829
-790
1336
-181
-3455
279
-561
11123854
-1024
857
-644
-4194
188
-1046
11124879
-1115
178
-1076
-4780
78
-1364
11117696
-902
-675
-1503
-4607
624
-1141
11118721
-208
-1608
-1920
-3806
3380
382
11119746
857
-2191
-2755
-2773
10027
2060
11120771
534
-2352
-3918
-933
14690
1624
11121796
-1850
-2349
-4988
751
13683
145
11122821
-1741
-2673
-6613
1339
13120
1602
11123846
-932
-2760
-6922
973
11354
2155
11124871
-1121
-2385
-6769
1272
10527
1986
11125896
-2188
-1597
-6296
2582
10190
1769
11126921
-2562
-539
-5517
3392
7121
918
11127946
-1368
20
-4781
3374
3188
205
11128971
305
35
-3769
2441
1913
674
11129996
930
-196
-3113
2247
2513
1368
11131021
380
-217
-2477
2503
1614
1203
11132046
119
-177
-1648
2240
442
706
11133071
185
-222
-982
1998
-134
364
11125888
162
-223
-379
1761
-944
59
11126913
397
-198
173
1589
-1206
-47
11127938
710
-245
579
1576
-386
401
11128963
618
-247
908
1483
132
863
11129988
334
-145
1195
1258
-111
944
11131013
388
-62
1462
1181
-211
1025
11132038
467
57
2053
1239
632
1112
11133063
741
350
3082
2090
2727
631
11134088
2118
607
4009
2724
5156
287
11135113
3286
831
4664
3357
7871
542
11136138
2832
1378
4664
4181
11791
1462
11137163
1324
1842
4638
3048
13044
1789
11138188
301
2204
4478
1737
10885
953
11139213
1015
2320
4149
1478
9633
368
11140238
1914
2440
4136
798
9350
301
11141263
1979
2684
4027
188
8955
200
11134080
1374
2953
3725
-127
8209
169
11135105
708
3152
3379
-370
6930
403
11136130
277
3161
3114
-924
5639
443
11137155
-39
3020
2785
-1882
4533
468
11138180
-195
2742
2230
-2559
3547
808
11139205
-408
2386
1571
-2725
2476
1240
11140230
-870
2104
1045
-2926
1122
784
11141255
-1182
1748
609
-3845
45
32
11142280
-1075
1099
101
-4974
-169
-173
11143305
-838
352
-527
-5022
57
-44
11144330
-703
-182
-1008
-4238
388
-22
11145355
-477
-628
-1366
-4046
1540
-416
11146380
-683
-1226
-1687
-4090
3721
-416
11147405
-572
-1854
-2282
-2799
8840
822
11148430
-919
-2018
-3740
34
13580
1089
11149455
-3521
-1733
-4504
1172
11604
-1132
11142272
-3080
-1970
-5523
1110
11333
166
11143297
-1152
-2051
-6103
1653
11365
2010
11144322
-136
-1877
-6057
1537
9176
1981
11145347
212
-1803
-6024
1871
9418
2132
11146372
-316
-1660
-5722
2471
9766
2325
11147397
-933
-1389
-5265
2749
7773
2212
11148422
-938
-983
-4740
3019
5678
2538
11149447
-698
-498
-4146
3654
3985
2288
11150472
-531
-188
-3405
3821
2167
1928
11151497
-388
-165
-2538
3385
597
1866
11152522
17
-196
-1528
3079
-524
1426
11153547
735
-104
-496
2890
-780
907
11154572
1303
-88
347
2609
-836
344
11155597
1615
-156
1005
2427
-1419
-212
11156622
1941
-195
1436
2394
-1758
-629
11157647
2186
-188
1701
2546
-1381
-691
11150464
1792
-168
2097
2106
-388
-456
11151489
514
10
2509
1473
384
380
11152514
-535
237
3169
1392
192
841
11153539
258
663
4339
2592
3251
764
11154564
2515
1203
4980
4765
11981
2598
11155589
1056
1755
5215
4739
14431
4057
11156614
-1215
2298
4545
3819
11095
3867
11157639
756
2608
4235
2471
11107
2484
11158664
2965
2696
4212
1404
11087
1436
11159689
3511
2803
3874
502
9847
1705
11160714
2863
2950
3284
-315
9247
2035
11161739
1232
3112
2646
-988
7401
1438
11162764
63
3136
2189
-1558
5329
728
11163789
-178
2920
1823
-2024
4123
635
11164814
-217
2673
1481
-2212
3186
642
11165839
-327
2469
1157
-2338
2137
392
11158673
-358
2223
856
-2636
971
86
11159698
-261
1899
585
-3347
142
-280
11160723
-144
1468
261
-4341
-197
-763
11161748
-155
971
-227
-4970
-346
-963
11162773
-87
543
-840
-4777
-426
-1167
11163798
541
47
-1339
-4156
-213
-1389
11164823
1781
-740
-1616
-3969
694
-583
11165848
2728
-1576
-1525
-3984
4932
45
11166873
2400
-2688
-2477
-2563
15089
1227
11167898
-1245
-2873
-4663
1955
16326
1454
11168923
-3511
-2155
-5407
2596
9981
837
11169948
-505
-2448
-5299
1138
9484
1734
11170973
569
-2498
-4925
307
10158
2135
11171998
-538
-2198
-4806
910
8762
1552
11173023
-1182
-1921
-4363
2126
7667
1550
11174048
-1338
-1439
-3561
2304
6247
1288
11166865
-801
-1142
-2910
2409
3858
832
11167890
66
-1224
-2270
2195
2227
904
11168915
590
-1386
-1720
1672
2050
1386
11169940
529
-1393
-1381
2109
1918
1749
11170965
-23
-1237
-926
2465
1096
1648
11171990
-443
-1090
-544
2352
175
1340
11173015
-626
-760
-372
2702
-508
958
11174040
-489
-256
24
2935
-1254
154
11175065
109
109
619
2538
-1598
-437
11176090
919
295
1154
2037
-978
-359
11177115
1203
532
1658
1793
-10
301
11178140
1033
966
2483
1403
182
682
11179165
1898
1435
3652
1736
1916
532
11180190
3368
1838
4272
2854
7700
1323
11181215
1402
2419
4295
3312
13284
2524
11182240
-2608
3009
4086
2844
11970
1892
11175041
-1920
3058
4290
1714
9103
1380
11176066
1448
2926
4466
1297
10605
1596
11177091
2426
3105
4306
583
10814
1407
11178116
2024
3315
3952
-496
9154
827
11179141
1548
3372
3524
-1290
7848
688
11180166
978
3342
3204
-1871
6279
497
11181191
739
3111
2848
-2502
4717
587
11182216
647
2680
2359
-3189
3511
1064
11183241
191
2107
1678
-3791
2469
1551
11184266
-846
1563
870
-4343
1444
1355
11185291
-2047
1080
70
-4893
722
161
11186316
-2757
360
-657
-5298
124
-1213
11187341
-3024
-786
-1409
-5075
-573
-2198
11188366
-2913
-2211
-2088
-3987
-635
-2132
11189391
-2080
-3413
-2524
-2772
1044
-1090
11190416
-640
-4422
-2862
-2627
3954
443
11183231
598
-5013
-3033
-2350
9725
1589
11184256
-278
-5173
-3791
-367
14568
1788
11185281
-3863
-4317
-4464
377
10759
-191
11186306
-2830
-4118
-5305
-351
9279
270
11187331
-726
-4275
-5191
-380
10649
760
11188356
-608
-3759
-4696
8
11014
672
11189381
-1682
-2842
-4612
1313
10599
42
11190406
-2032
-2010
-4546
1846
8034
200
11191431
-978
-1469
-4141
1582
6076
316
11192456
-52
-1130
-3861
1936
5159
787
11193481
-482
-1013
-3267
2829
3080
616
11194506
-745
-874
-2485
3163
1208
126
11195531
-232
-659
-1785
3585
7
14
11196556
444
-262
-916
3602
-460
-276
11197581
865
135
-14
2735
-332
-594
11198606
826
397
750
2090
-557
-581
11191425
821
570
1078
1964
17
72
11192450
996
766
1257
2039
493
457
11193475
1400
946
1511
1513
129
284
11194500
2485
918
1532
1391
369
117
11195525
3730
796
1439
1917
1623
505
11196550
3958
1048
1833
2578
4564
866
11197575
2708
1657
2907
2655
9405
286
11198600
964
1909
3210
2077
12584
270
11199625
-350
2195
2880
1722
10863
635
11200650
221
2942
3199
249
9560
458
11201675
2131
3333
3074
-864
10579
849
11202700
2726
3574
2297
-933
9990
927
11203725
2238
3797
1673
-1662
7853
674
11204750
1568
3866
911
-2304
6892
538
11205775
649
3761
92
-2541
5941
455
11206800
-184
3605
-612
-3006
3420
96
11199616
-5
3010
-1107
-3552
1340
-387
11200641
573
1898
-1588
-3672
518
-399
11201666
401
925
-2070
-3301
-16
74
11202691
18
-34
-2257
-3100
-350
-242
11203716
-238
-1057
-2153
-3000
-628
-616
11204741
-568
-2001
-1928
-2568
-145
-558
11205766
-1123
-2691
-1831
-2058
441
-930
11206791
-1064
-3172
-1875
-2164
901
-937
11207816
-355
-3451
-1345
-3413
3106
-1601
11208841
511
-3692
-744
-2982
6465
-2223
11209866
608
-4164
-1121
-1792
7157
-2329
11210891
84
-4409
-1265
-1904
5403
-2551
11211916
634
-4479
-1054
-2090
6581
-2690
11212941
991
-4563
-860
-1741
9278
-1764
11213966
-437
-4303
-1117
-1054
8869
-621
11214991
-811
-3665
-1669
74
5441
43
11207807
912
-3219
-1404
590
4009
91
11208832
2473
-2892
-598
495
4716
481
11209857
2220
-2488
-355
548
5970
1125
11210882
851
-1916
-331
892
4630
1013
11211907
-54
-1205
-182
642
3301
560
11212932
-552
-726
-454
969
2552
410
11213957
-972
-267
-572
1705
746
-4
11214982
-681
169
-538
1912
-197
-150
11216007
-14
492
-513
1829
-247
2
11217032
287
787
-438
1441
252
135
11218057
41
1013
-337
1329
801
235
11219082
-360
1273
-170
1489
1077
439
11220107
-754
1746
274
1357
1658
46
11221132
43
2366
1149
1698
2785
-420
11222157
1512
2698
1740
2521
6438
18
11223182
1341
3283
2028
3485
9322
-506
11216000
444
4086
2510
3102
8164
-1637
11217025
377
4463
3177
2155
9994
-2214
11218050
216
4344
3426
1245
11976
-199
11219075
-1233
4467
3448
1157
11302
1472
11220100
-3166
4773
3516
825
9249
743
11221125
-3240
4555
3686
-128
6345
-551
11222150
-983
4020
3765
-1097
4286
-771
11223175
1034
3366
3548
-1880
4517
-196
11224200
933
2749
2861
-2468
4593
496
11225225
-449
2291
2151
-3138
3016
599
11226250
-1442
1842
1527
-3913
1440
454
11227275
-1908
1376
805
-4250
799
336
11228300
-2237
1008
172
-4269
465
-27
11229325
-2579
665
-289
-4456
420
-983
11230350
-2648
126
-716
-4865
327
-2225
11231375
-2025
-718
-1364
-4397
347
-1866
11224192
-991
-1465
-1959
-3667
1753
-633
11225217
-283
-1946
-2040
-3981
6807
139
11226242
-36
-2473
-3029
-2691
12602
1023
11227267
-2020
-2513
-4399
76
12354
772
11228292
-2558
-2161
-5147
556
9354
933
11229317
-374
-2371
-5611
518
11460
2910
11230342
-291
-2351
-5704
1026
13018
3982
11231367
-1967
-1981
-5855
2328
11579
4117
11232392
-2812
-1518
-5665
3639
8899
4143
11233417
-2289
-1054
-5090
3785
6154
3720
11234442
-1105
-623
-4318
3606
3703
3043
11235467
269
-316
-3524
3759
2225
2368
11236492
1323
-201
-2729
3602
1466
1728
11237517
1796
-126
-2076
3345
818
1436
11238542
2073
81
-1512
2888
540
1538
11239567
1970
422
-988
2326
699
1364
11232383
1321
789
-585
2040
465
705
11233408
802
1019
-203
2025
-350
-114
11234433
758
995
282
1874
-1203
-632
11235458
1020
767
705
1771
-1289
-288
11236483
1029
564
1012
1792
-657
688
11237508
444
553
1420
1925
-353
1337
11238533
48
613
2456
1646
44
886
11239558
1162
556
3866
1940
2211
464
11240583
2599
579
4616
3072
8089
1660
11241608
1734
1000
4671
4482
13356
3083
11242633
-92
1349
4919
3377
12598
2886
11243658
223
1443
4874
1744
11253
2840
11244683
1185
1572
4451
1549
11058
3064
11245708
1431
1776
4289
686
9607
2423
11246733
1388
1965
3976
-239
8688
1917
11247758
873
2097
3529
-693
7172
1524
11240576
560
2157
3260
-1100
4899
1056
11241601
795
2196
3011
-1739
3435
851
11242626
973
2094
2551
-2329
3137
1169
11243651
278
1960
1967
-2620
2906
1436
11244676
-843
1966
1466
-3023
1793
1044
11245701
-1485
1885
1030
-3852
908
481
11246726
-1458
1543
460
-4468
605
295
11247751
-1473
1144
-184
-4349
825
54
11248776
-1535
815
-846
-4047
1227
-886
11249801
-990
269
-1627
-4189
1126
-1529
11250826
-10
-609
-2314
-4243
2229
-580
11251851
672
-1474
-2684
-3452
8557
1755
11252876
36
-1749
-3920
-983
13124
2301
11253901
-2242
-1031
-4579
-471
9447
154
11254926
-439
-1347
-5330
-1460
9355
732
11255951
1256
-2100
-5816
-386
12600
2122
11248768
-144
-2001
-5824
796
12962
2424
11249793
-1342
-1682
-5836
1898
10611
2325
11250818
-655
-1442
-5324
2540
8802
2026
11251843
410
-1291
-4522
2327
7501
1611
11252868
848
-1239
-3995
2415
5442
1574
11253893
886
-1148
-3520
2637
3678
2029
11254918
651
-871
-2998
2827
2578
2144
11255943
176
-526
-2418
2867
1570
1590
11256968
-124
-316
-1894
2674
753
1098
11257993
-154
-126
-1587
2995
327
862
11259018
-28
167
-1227
3550
183
842
11260043
193
389
-668
3224
-88
756
11261068
511
419
-206
2680
-445
448
11262093
1075
287
92
2725
-564
348
11263118
1673
154
440
2674
-650
708
11264143
1858
101
1026
2072
-414
1182
11256961
1927
144
2195
1628
909
681
11257986
2367
296
3552
1574
3519
916
11259011
2712
669
4640
2016
8350
1504
11260036
1739
1158
5063
2731
12434
1615
11261061
76
1785
5118
1703
12084
1598
11262086
905
2108
4916
511
11304
1674
11263111
2200
2387
4557
252
11661
1382
11264136
1811
2787
4350
-441
10388
718
11265161
992
2993
3995
-1131
8592
288
11266186
527
2968
3642
-1598
6769
49
11267211
421
2822
3391
-2144
5270
78
11268236
278
2592
3012
-2530
4393
414
11269261
-305
2417
2495
-2845
3411
540
11270286
-1093
2215
1968
-3418
2253
398
11271311
-1538
1786
1380
-4052
1226
353
11272336
-1843
1201
738
-4633
641
389
11265153
-2426
606
-27
-4593
606
426
11266178
-3426
189
-714
-3843
457
-406
11267203
-3829
-180
-1272
-3397
-233
-1341
11268228
-2744
-692
-1739
-3165
-58
-1286
11269253
-701
-1372
-1743
-3024
3080
-55
11270278
763
-2329
-2187
-2193
10750
1523
11271303
-929
-2441
-3437
248
13391
1687
11272328
-2881
-1752
-4217
795
9709
1918
11273353
-992
-1795
-4844
888
10377
3373
11274378
-521
-1601
-5006
775
10163
2938
11275403
-503
-1347
-5123
1103
9224
2450
11276428
-418
-1318
-5056
1761
8507
2495
11277453
-456
-1294
-4691
1796
8057
2864
11278478
-594
-1222
-4228
2099
7799
2677
11279503
-765
-948
-3693
2842
6971
1800
11280528
-499
-638
-3195
3245
4514
524
11273343
725
-497
-2732
3638
1566
23
11274368
2264
-604
-2064
3463
747
709
11275393
3029
-727
-1481
2895
724
1328
11276418
2798
-384
-840
2552
-84
1203
11277443
2367
-312
-1010
2757
-736
387
11278468
2352
-454
-164
1741
-606
952
11279493
1397
-521
113
1761
-749
1752
11280518
-73
-319
102
1790
-576
2307
11281543
-925
166
863
1183
-876
1901
11282568
-1015
604
1259
963
-844
692
11283593
305
707
2348
862
434
-270
11284618
2509
644
3294
1731
4598
51
11285643
3373
901
3447
2705
9767
1295
11286668
1626
1485
3376
3530
10931
1833
11287693
-181
2189
3303
2676
9428
1228
11288718
768
2244
2990
2095
10251
1029
11281536
1609
2277
2764
2026
9756
752
11282561
1643
2555
2859
1221
7870
-54
11283586
1917
2626
2834
457
7486
-76
11284611
1487
2594
2694
-130
7042
203
11285636
777
2511
2515
-627
6116
327
11286661
236
2329
2299
-1156
5347
582
11287686
-428
2102
1984
-1580
4421
746
11288711
-1078
1859
1637
-1946
3000
827
11289736
-1513
1567
1309
-2407
1967
1033
11290761
-1869
1249
965
-2842
1402
947
11291786
-2377
917
579
-3283
813
674
11292811
-2800
531
158
-3889
192
416
11293836
-2923
70
-365
-4080
-55
345
11294861
-2964
-309
-897
-3358
200
420
11295886
-2828
-468
-1318
-2627
951
-44
11296911
-1964
-759
-1394
-3120
1997
-305
11289728
-76
-1545
-1616
-2756
6318
1358
11290753
116
-2245
-2704
-703
12946
2498
11291778
-3134
-1590
-3570
329
12447
553
11292803
-2852
-1541
-4214
212
9542
-466
11293828
-174
-2221
-4472
377
10818
309
11294853
176
-2586
-4773
1286
11809
1029
11295878
-1207
-2455
-5072
2388
9805
506
11296903
-1441
-2346
-5013
2307
7679
-178
11297928
-502
-2406
-4756
1847
6783
-144
11298953
252
-2519
-4439
1799
6592
519
11299978
173
-2452
-4156
2007
6019
1056
11301003
-101
-2214
-3869
2044
4860
1202
11302028
78
-1983
-3536
1923
3750
1132
11303053
675
-1844
-3176
1956
2850
1156
11304078
1221
-1761
-2854
2094
2006
998
11305103
1402
-1534
-2624
2054
1268
772
11297919
1319
-1304
-2424
1818
913
1076
11298944
931
-1136
-2226
1439
298
550
11299969
682
-966
-2177
1829
-62
-111
11300994
705
-747
-2057
1835
-226
69
11302019
759
-584
-1746
1363
-368
262
11303044
902
-444
-1396
870
160
955
11304069
919
-301
-629
69
1415
1561
11305094
1054
-161
665
-175
2417
1197
11306119
1995
-376
1545
-231
1908
991
11307144
3425
-846
2286
-138
3316
1508
11308169
3785
-1087
2540
592
8522
2892
11309194
1424
-1008
3072
227
9771
3327
11310219
-843
-1089
3338
-318
7916
2826
11311244
-947
-1401
3186
406
7739
2664
11312269
-511
-1624
3083
830
8315
2765
11313294
-338
-1761
2944
300
8289
2824
11306112
-372
-1919
2717
-251
7456
2612
11307137
-443
-2098
2430
-764
6389
2539
11308162
-639
-2253
2028
-1259
5270
3056
11309187
-1443
-2209
1546
-1713
4398
3690
11310212
-3058
-1858
948
-2084
3396
3344
11311237
-4663
-1553
403
-2215
1794
1465
11312262
-5048
-1378
-179
-2321
547
72
11313287
-3825
-1456
-841
-2445
-94
-240
11314312
-2336
-1658
-1358
-2205
-111
-550
11315337
-1688
-1745
-1671
-2259
414
-959
11316362
-1483
-1928
-1975
-2553
1339
-1182
11317387
-1315
-2273
-2213
-2725
2014
-355
11318412
-610
-2566
-2236
-2296
4153
468
11319437
1285
-2819
-2503
-1586
9351
396
11320462
692
-3049
-2662
-1035
11555
-481
11321487
-1400
-3061
-3127
-113
10268
-862
11314305
-1201
-3103
-3795
1175
10203
-531
11315330
-250
-3155
-3883
1139
9761
-446
11316355
234
-3261
-4123
1230
9470
176
11317380
-115
-3325
-4449
2081
9027
850
11318405
-797
-3115
-4419
2149
8344
811
11319430
-1041
-2768
-4159
1787
7670
423
11320455
-839
-2505
-3972
2047
6523
291
11321480
-415
-2348
-3745
2336
5719
630
11322505
-223
-2065
-3379
2470
5560
1058
11323530
-391
-1654
-2939
2589
4765
889
11324555
-525
-1208
-2522
2452
3236
499
11325580
-299
-764
-2096
2247
1933
449
11326605
-2
-386
-1654
2064
1484
346
11327630
474
-248
-1227
2195
138
33
11328655
465
13
-1199
1880
488
416
11329680
408
-49
-883
1618
-1042
365
11322495
754
-152
-1015
1215
-753
704
11323520
493
-236
-774
1029
-493
929
11324545
18
-309
-611
932
-145
1118
11325570
-361
-325
-280
893
417
1202
11326595
-369
-278
465
829
670
969
11327620
916
-443
1571
935
1741
821
11328645
2793
-788
2230
1849
5424
2103
11329670
2829
-635
2561
3329
8461
3251
11330695
929
-124
3186
3123
7684
2730
11331720
499
201
3330
2203
8253
3125
11332745
842
289
3129
2350
9925
3873
11333770
501
516
3104
2085
9360
3621
11334795
210
781
2967
1158
8027
3012
11335820
119
972
2790
356
6904
2490
11336845
160
1105
2608
-84
5958
2204
11337870
157
1220
2370
-351
5230
2106
11330690
-100
1350
2107
-690
4453
1880
11331715
-383
1424
1827
-1047
3408
1328
11332740
-489
1426
1587
-1351
2167
711
11333765
-346
1368
1321
-1863
1629
736
11334790
-211
1143
962
-2161
1625
807
11335815
-608
935
616
-2370
1419
646
11336840
-1116
711
307
-2564
644
242
11337865
-1060
459
-100
-2569
33
79
11338890
-542
154
-553
-2190
275
337
11339915
139
-63
-965
-1743
1035
581
11340940
701
-242
-1119
-2094
1996
430
11341965
1543
-633
-1390
-2237
4920
1114
11342990
1833
-1171
-2142
-1356
8642
1808
11344015
-281
-1307
-2806
-21
10063
808
11345040
-1698
-1152
-3447
114
8981
349
11346065
-888
-1401
-3853
-333
8722
889
11338880
-50
-1732
-4106
84
10079
1561
11339905
-470
-1753
-4245
1154
10400
1966
11340930
-1348
-1614
-4056
1632
8866
1907
11341955
-1547
-1565
-3830
2016
7735
1778
11342980
-1438
-1628
-3541
2374
6337
1726
11344005
-1262
-1718
-3253
2807
4125
2195
11345030
-904
-1623
-2927
3175
1947
2556
11346055
-598
-1278
-2377
3068
1107
2055
11347080
-361
-904
-1674
2657
1011
1113
11348105
-170
-626
-1026
2420
544
126
11349130
298
-367
-473
2436
-355
-546
11350155
1076
-74
70
2144
-955
-671
11351180
2042
142
545
1712
-863
-415
11352205
2509
218
895
1510
-162
439
11353230
1848
272
1127
1581
468
1704
11354255
606
435
1326
1727
589
2439
11347072
-375
671
1646
1454
675
2455
11348097
-669
830
2333
1572
1644
1461
11349122
375
843
3026
2588
4751
1270
11350147
807
930
3252
2940
8045
2278
11351172
-82
1177
3455
3086
8270
2901
11352197
-161
1447
3487
2752
9001
3177
11353222
239
1697
3460
2425
10238
3506
11354247
352
1901
3368
2215
9788
3639
11355272
319
2115
3262
1719
8217
3199
11356297
249
2283
3186
903
6779
2343
11357322
245
2356
2994
147
5735
1803
11358347
552
2357
2755
-569
4868
1565
11359372
883
2301
2505
-1179
3789
1402
11360397
1026
2228
2189
-1747
2833
1414
11361422
676
2054
1814
-2398
2261
1477
11362447
-25
1787
1472
-3010
1518
1111
11355264
-563
1518
1027
-3578
929
602
11356289
-842
1147
500
-3847
528
157
11357314
-836
690
-72
-3663
182
-365
11358339
-577
213
-653
-3460
-47
-891
11359364
90
-398
-1244
-3317
282
-879
11360389
1007
-1216
-1858
-3133
1755
101
11361414
1278
-2013
-2234
-2938
5343
1807
11362439
437
-2229
-3037
-1396
12035
3261
11363464
-2665
-1813
-3737
371
12243
2099
11364489
-3292
-1697
-4410
1215
9436
1979
11365514
-938
-1861
-5244
2169
9927
3598
11366539
13
-1962
-5065
1715
9165
3854
11367564
-132
-1781
-4768
1457
8383
3495
11368589
-685
-1447
-4466
2405
7981
2976
11369614
-1058
-1109
-3884
2544
6235
2276
11370639
-899
-861
-3339
2167
4674
2065
11363455
-553
-583
-2953
2252
3781
2151
11364480
-175
-325
-2463
2468
2448
1790
11365505
364
-147
-1874
2219
964
1363
11366530
1040
-38
-1483
1851
236
937
11367555
1497
59
-1268
1853
-166
358
11368580
1620
206
-944
1825
-760
-28
11369605
1740
292
-463
1325
-996
-305
11370630
1686
257
-12
792
-610
-105
11371655
1145
241
448
697
-414
562
11372680
554
265
902
762
-286
1431
11373705
54
290
1290
1031
-116
1675
11374730
199
451
1805
989
5
1533
11375755
1566
831
2581
1718
1188
467
11376780
4265
1486
3548
3210
5025
-500
11377805
5359
2016
3569
4569
13193
738
11378830
2738
2494
3137
5102
14211
1327
11371879
84
3065
3427
2696
8128
368
11372904
1472
3160
3383
1675
8548
950
11373929
2015
3375
3251
1858
11052
920
11374954
326
3575
3303
879
8982
-304
11375979
-490
3321
3153
-138
6801
-628
11377004
-459
2830
2789
-778
6213
-16
11378029
-612
2494
2369
-1416
5291
446
11379054
-885
2235
1959
-1868
3821
520
11380079
-1075
1942
1625
-2304
2530
516
11381104
-1154
1643
1209
-2781
1671
472
11382129
-1360
1358
738
-3274
1201
171
11383154
-1645
1039
249
-3608
703
-201
11384179
-1755
632
-250
-3698
239
-465
11385204
-1786
168
-707
-3580
-3
-767
11386229
-1856
-325
-1042
-3374
109
-1173
11387254
-1271
-965
-1313
-3277
919
-903
11379840
305
-1645
-1328
-3218
3556
761
11380865
2244
-2135
-1960
-2743
10172
1788
11381890
1136
-2365
-3050
-608
13739
-213
11382915
-2546
-2146
-3699
1907
9631
-2462
11383940
-1541
-2772
-4627
1197
10838
289
11384965
-190
-3285
-5040
806
12965
2275
11385990
-1565
-2785
-5233
1607
10144
1595
11387015
-1850
-2404
-5199
2058
7827
1657
11388040
-1622
-2087
-4901
2057
7454
1813
11389065
-1441
-1697
-4570
2473
6820
1917
11390090
-1327
-1311
-4147
2850
4563
1476
11391115
-919
-1049
-3681
2838
2695
1030
11392140
-360
-951
-3233
2609
1919
1205
11393165
-35
-888
-2700
2437
1168
1419
11394190
116
-644
-2174
2363
436
1163
11395215
236
-275
-1788
2333
-146
534
11388032
469
41
-1303
1995
-597
-20
11389057
832
207
-735
1445
-796
-213
11390082
1086
284
-276
1217
-502
118
11391107
1035
393
117
1352
138
814
11392132
697
608
615
1287
98
1327
11393157
833
777
1490
794
-262
1358
11394182
2122
803
2593
928
1861
1263
11395207
3438
840
3082
1579
6592
2283
11396232
2118
1094
3368
2248
9442
2766
11397257
49
1511
3859
1832
8619
2210
11398282
222
1700
4071
1062
9344
2321
11399307
664
1826
3990
945
10436
2437
11400332
328
2067
3939
608
9214
1963
11401357
272
2271
3819
38
7494
1667
11402382
315
2367
3619
-369
6583
1331
11403407
502
2361
3350
-872
5920
1063
11396225
605
2282
3099
-1277
5148
983
11397250
215
2215
2731
-1537
4077
760
11398275
-361
2159
2385
-1856
2847
411
11399300
-753
2041
2097
-2366
1922
79
11400325
-914
1824
1763
-2845
1311
-266
11401350
-990
1497
1402
-3200
879
-636
11402375
-1139
1115
1113
-3552
459
-1107
11403400
-1060
657
797
-3923
342
-1946
11404425
-468
-210
280
-4139
857
-2018
11405450
140
-1330
-295
-3685
2901
118
11406475
539
-1872
-954
-2712
7417
2960
11407500
210
-1553
-2219
-1091
11626
2753
11408525
-1755
-1219
-2849
42
9952
-171
11409550
-1575
-1840
-3898
1231
9740
-16
11410575
-582
-2387
-4687
1849
11076
2366
11411600
-589
-2376
-4608
1586
10151
3415
11404416
-1316
-1888
-4615
2114
8153
2926
11405441
-1556
-1357
-4157
2338
6120
1971
11406466
-1108
-1115
-3775
2190
4534
1413
11407491
-698
-959
-3518
2014
3952
1526
11408516
-601
-731
-3276
2066
3577
1771
11409541
-619
-489
-2896
2431
2677
1599
11410566
-524
-247
-2393
2350
1704
1197
11411591
-369
-64
-1937
1988
988
925
11412616
-308
83
-1545
1854
546
784
11413641
-222
228
-1071
1659
108
609
11414666
84
380
-619
1317
-101
505
11415691
462
464
-259
1093
-138
443
11416716
707
475
125
892
-81
505
11417741
626
481
487
870
264
840
11418766
253
581
896
884
668
1214
11419791
-58
611
1840
625
1185
1067
11412607
444
485
2828
989
3684
1761
11413632
906
437
3163
1754
7056
3449
11414657
585
421
3526
2322
7285
3589
11415682
726
566
3877
1689
7651
3337
11416707
848
738
4047
1088
8963
3626
11417732
550
900
3971
740
9477
3977
11418757
371
1073
3783
216
8246
3732
11419782
639
1287
3587
-138
5831
2762
11420807
1349
1515
3446
-556
4326
1927
11421832
1600
1696
3148
-909
4620
1693
11422857
571
1894
2687
-1210
4924
1471
11423882
-650
1945
2415
-1813
3828
811
11424907
-967
1860
2191
-2627
2793
333
11425932
-716
1722
1860
-3346
2216
195
11426957
-494
1578
1358
-3644
1887
-64
11427982
-615
1356
809
-3695
1532
-549
11420821
-724
1022
308
-3745
1132
-1103
11421846
-275
493
-199
-3866
1022
-1608
11422871
462
-459
-842
-3776
2003
-1136
11423896
1001
-1641
-1489
-2742
5835
1338
11424921
142
-1496
-2850
-218
12265
5551
11425946
-3137
-963
-3491
1609
11360
4752
11426971
-3948
-939
-4199
2276
7318
2386
11427996
-1703
-812
-4941
2257
8275
3174
11429021
-157
-858
-4673
996
8960
4260
11430046
-250
-913
-4578
1213
7165
3648
11431071
-492
-831
-4274
1815
5252
2963
11432096
-389
-640
-3694
1530
4284
2670
11433121
-329
-480
-3310
1559
3530
2302
11434146
-445
-357
-2944
1580
2603
1890
11435171
-570
-174
-2672
1360
2151
1735
11436196
-511
-44
-2356
1105
1523
1458
11428992
-160
88
-2025
928
1044
1191
11430017
193
273
-1766
992
811
996
11431042
285
423
-1419
1218
537
790
11432067
102
617
-886
1318
345
619
11433092
-179
695
-275
1222
141
339
11434117
-188
654
327
1060
-201
148
11435142
34
515
936
978
-208
525
11436167
172
312
1800
1072
489
1396
11437192
425
143
3002
1768
2228
2650
11438217
1752
91
3507
2159
5175
3634
11439242
3113
-230
4039
1837
5835
3255
11440267
2817
-344
4378
1615
6887
3676
11441292
1641
-250
4350
1696
8167
4537
11442317
264
91
4243
1501
9466
5127
11443342
-206
340
4249
508
8861
4437
11444367
200
593
4073
-223
7287
3314
11437184
642
821
3846
-714
6217
2605
11438209
632
877
3655
-1104
5350
1877
11439234
198
851
3294
-1506
5246
1605
11440259
-496
796
2778
-2061
5038
1839
11441284
-1228
677
2248
-2431
4021
1892
11442309
-1693
568
1680
-2521
2557
1224
11443334
-1473
515
1215
-2885
987
434
11444359
-659
377
828
-3916
622
322
11445384
-277
34
282
-4494
1095
-22
11446409
-507
-177
-307
-4587
1060
-854
11447434
-167
-429
-906
-4649
528
-1533
11448459
1427
-1164
-1744
-4172
994
-1315
11449484
3969
-2289
-2627
-3754
5083
670
11450509
5585
-3260
-3740
-2265
13512
3178
11451534
2599
-2938
-4594
574
18052
1509
11452559
-1951
-2622
-5203
1291
14611
-1036
11445377
-2515
-2739
-6481
1812
11936
363
11446402
-1343
-2750
-6533
1589
9330
945
11447427
-1014
-2545
-6230
1041
9324
970
11448452
-1746
-2129
-6060
1897
8838
659
11449477
-2359
-1599
-5459
2297
7037
207
11450502
-2357
-1158
-4820
2088
4394
169
11451527
-1711
-838
-4293
1837
2468
311
11452552
-558
-641
-3904
2087
1779
481
11453577
254
-416
-3302
2457
1295
432
11454602
605
-214
-2502
2313
696
225
11455627
841
-86
-1794
2351
325
150
11456652
874
123
-949
2402
-170
283
11457677
833
414
129
1814
-713
294
11458702
1139
552
971
1279
-346
329
11459727
1492
515
1532
1222
209
666
11460752
1589
516
1759
1356
708
1238
11453568
1275
607
2035
1138
1382
1855
11454593
598
779
2696
905
2729
1640
11455618
607
756
3266
759
4565
1835
11456643
1150
647
3618
797
6493
2961
11457668
848
839
4009
1447
8297
3052
11458693
-509
1253
4463
1095
8971
1839
11459718
-1289
1324
4722
488
9347
1620
11460743
-918
1244
4612
491
9511
2093
11461768
-85
1166
4633
-34
8131
1936
11462793
923
1154
4543
-733
6676
1801
11463818
1411
1331
4286
-1187
6206
2074
11464843
835
1489
3954
-1398
6227
2262
11465868
-146
1722
3643
-1659
4964
2040
11466893
-762
1867
3465
-2317
3366
1083
11467918
-1051
1870
3157
-3453
2568
-209
11468943
-748
1514
2481
-4729
2321
-1011
11461761
-58
792
1626
-5784
2101
-1426
11462786
336
22
729
-6046
1847
-1510
11463811
301
-678
-114
-4999
1018
-159
11464836
-31
-1113
-942
-3227
1880
832
11465861
-3
-1267
-1833
-2713
5727
941
11466886
863
-1520
-2843
-2657
8742
916
11467911
767
-1824
-3554
-1397
11128
-225
11468936
-345
-2208
-4310
144
13554
-568
11469961
-1038
-2525
-5555
1798
13835
1324
11470986
-1854
-2286
-5916
2671
11202
1914
11472011
-1955
-1949
-5589
1707
8540
1396
11473036
-1412
-1721
-5405
1867
8309
1309
11474061
-1450
-1412
-4962
2462
7316
852
11475086
-1429
-1224
-4398
2293
5080
645
11476111
-1030
-1137
-3931
1795
3344
762
11477136
-389
-1051
-3580
1597
2364
1027
11469952
143
-914
-3168
1734
1592
1400
11470977
250
-614
-2604
1695
779
1203
11472002
267
-275
-2073
1443
78
627
11473027
445
-57
-1614
1319
-225
239
11474052
579
8
-1095
1239
-279
85
11475077
551
19
-505
1053
-343
77
11476102
483
-28
15
913
-187
384
11477127
358
-129
485
1043
278
1055
11478152
20
-109
915
1201
703
1686
11479177
-364
81
1425
1083
856
2112
11480202
-269
300
2351
1236
1511
1447
11481227
946
225
3204
1302
3777
1132
11482252
2133
-102
3636
1404
6602
2118
11483277
1787
-53
3898
1836
8758
2897
11484302
509
382
4285
1293
9330
3328
11485327
-518
705
4471
628
9715
3571
11478144
-918
948
4498
410
9495
3131
11479169
-170
1063
4529
66
8655
2699
11480194
678
1080
4429
-515
7720
2525
11481219
875
1117
4134
-971
6979
2309
11482244
619
1217
3743
-1312
6329
2399
11483269
0
1336
3403
-1693
4979
2331
11484294
-444
1481
3086
-2165
3411
1879
11485319
-402
1561
2671
-2842
2715
1681
11486344
-510
1522
2112
-3519
2660
1481
11487369
-1112
1420
1496
-3900
2399
998
11488394
-1872
1200
861
-4149
1960
-26
11489419
-2317
741
201
-4759
1520
-1396
11490444
-2053
-197
-626
-4977
743
-1771
11491469
-1362
-1328
-1524
-4238
603
-1463
11492494
-1044
-2491
-2208
-3936
3396
-653
11493519
-736
-3423
-3225
-2911
7989
744
11486336
-681
-3856
-4432
-888
11175
675
11487361
-2231
-3742
-4465
137
11716
-428
11488386
-2186
-3548
-4991
950
12622
1177
11489411
-1643
-3094
-5767
2762
13537
2881
11490436
-1795
-2422
-5761
3136
10094
2349
11491461
-506
-1819
-5655
2145
8208
1967
11492486
568
-1414
-5415
2022
7879
1818
11493511
622
-1058
-5004
2276
7000
1439
11494536
494
-747
-4543
2338
5667
1526
11495561
313
-512
-4138
2432
4133
1432
11496586
531
-318
-3753
2518
2867
1087
11497611
994
-236
-3360
2591
2030
574
11498636
1407
-296
-2991
2453
1386
108
11499661
1703
-539
-2602
2305
668
142
11500686
1735
-817
-2190
2294
190
548
11501711
1349
-837
-1795
2174
2
804
11494529
536
-597
-1337
1758
-162
694
11495554
-185
-319
-742
1310
-497
317
11496579
-199
-177
-152
1130
-387
410
11497604
596
-8
608
922
151
940
11498629
1626
157
1915
845
1896
451
11499654
2640
-58
2831
1123
5211
831
11500679
2639
-354
3237
1154
7182
2899
11501704
952
-11
3441
1378
7860
3955
11502729
-557
321
3549
814
9333
3541
11503754
-1237
330
3595
20
9967
3069
11504779
-673
394
3440
-153
8379
2869
11505804
203
475
3222
-343
7846
2883
11506829
249
740
3156
-887
5920
2408
11507854
1328
1010
2960
-1222
4775
1873
11508879
2619
1270
2632
-1442
4910
1356
11509904
2585
1405
2289
-2110
5208
1494
11502719
1416
1423
1797
-2323
4366
1520
11503744
336
1579
1328
-2373
2573
1205
11504769
-85
1516
1024
-2705
1172
989
11505794
-355
1216
675
-2954
840
785
11506819
-887
870
342
-3146
1052
699
11507844
-1654
480
41
-3470
821
565
11508869
-2278
-6
-294
-3529
404
138
11509894
-2195
-577
-559
-3464
926
-130
11510919
-1553
-1035
-742
-3256
3387
334
11511944
-1101
-1410
-1162
-2630
7778
871
11512969
-1961
-1668
-1942
-1282
11924
469
11513994
-3287
-1363
-2785
41
11634
133
11515019
-2251
-1206
-3796
376
10340
1333
11516044
-382
-1371
-4401
685
9922
2021
11517069
-32
-1234
-4374
153
8387
1453
11518094
202
-1171
-4408
232
7171
1443
11511038
369
-1199
-4403
849
6488
1769
11512063
345
-1164
-4164
1177
5503
1865
11513088
293
-1062
-3839
1231
4313
1788
11514113
397
-989
-3488
1437
3281
1697
11515138
589
-919
-3117
1866
2242
1602
11516163
690
-818
-2664
1906
1280
1357
11517188
809
-770
-2216
1761
589
1451
11518213
787
-717
-1810
1919
490
1649
11519238
412
-494
-1367
2167
417
1410
11520263
11
-201
-898
2252
130
884
11521288
-105
48
-410
2120
-41
486
11522313
21
264
139
1936
-53
385
11523338
383
522
696
1832
51
406
11524363
1448
857
1611
1482
-66
24
11525388
3252
1004
2780
1441
863
-550
11526413
5009
1150
3813
1901
3207
-282
11519105
5393
1729
4422
2808
8637
495
11520130
3501
2092
4722
3070
14768
1422
11521155
383
1861
4779
1718
13106
1728
11522180
249
1207
4074
1220
11035
1738
11523205
1080
1006
3305
1149
10853
1248
11524230
604
1194
3111
-173
7703
245
11525255
623
1125
2737
-1156
5819
232
11526280
430
1063
2225
-1435
5320
596
11527305
-474
1151
1886
-1821
4217
660
11528330
-1229
1215
1653
-2208
3132
777
11529355
-1525
1251
1386
-2376
2421
1002
11530380
-1751
1291
1128
-2669
2124
1053
11531405
-2154
1344
862
-3260
1965
820
11532430
-2544
1316
473
-3699
1497
397
11533455
-2613
1107
14
-3664
941
-545
11534480
-2208
626
-421
-3641
728
-1285
11527295
-1227
-180
-997
-3256
1526
-746
11528320
-143
-942
-1616
-2752
3693
662
11529345
153
-1322
-2004
-2441
7859
1484
11530370
-534
-1379
-2903
-1224
11825
1040
11531395
-2106
-1033
-3681
269
10748
118
11532420
-1220
-1094
-4203
342
9603
1048
11533445
466
-1373
-4608
691
9949
2150
11534470
413
-1218
-4477
591
8896
2007
11535495
-63
-1045
-4443
1100
7952
1887
11536520
-551
-926
-4299
1842
6900
1677
11537545
-778
-882
-3907
1960
5429
1517
11538570
-768
-802
-3579
2067
3936
1539
11539595
-568
-681
-3275
2236
2519
1454
11540620
-249
-602
-2909
2458
1605
1269
11541645
38
-534
-2408
2269
1136
1025
11542670
119
-505
-1925
1824
673
821
11535489
189
-479
-1543
1521
155
750
11536514
290
-402
-1152
1233
-177
776
11537539
373
-328
-751
911
-285
750
11538564
443
-298
-338
744
-191
727
11539589
478
-260
54
659
19
861
11540614
642
-174
391
614
369
1266
11541639
1027
-8
984
472
1087
1608
11542664
1552
189
1920
720
3295
1155
11543689
1957
184
2613
1077
5741
1149
11544714
1868
251
2855
1586
7331
1615
11545739
1364
634
3105
2167
7553
1816
11546764
1337
1201
3605
1793
7661
1984
11547789
2052
1474
3689
1509
8811
2169
11548814
1979
1837
3509
1622
9315
1839
11549839
1400
2258
3409
1136
8152
1059
11550864
1050
2501
3226
634
6681
467
11543680
1028
2632
3035
220
5493
318
11544705
1083
2704
2803
-182
4831
164
11545730
751
2779
2559
-528
4537
74
11546755
52
2883
2322
-779
4061
124
11547780
-514
2989
2127
-1035
3521
106
11548805
-681
2986
1940
-1302
3168
110
11549830
-753
2964
1741
-1550
2802
133
11550855
-787
2914
1517
-1838
2449
147
11551880
-776
2813
1256
-2032
2147
116
11552905
-725
2675
967
-2089
1994
126
11553930
-587
2435
572
-1994
2337
259
11554955
-465
2131
26
-1737
2767
300
11555980
-485
1787
-410
-1683
3528
375
11557005
-241
1340
-899
-1149
5518
1375
11558030
-1
1118
-1715
419
6651
2475
11559055
-442
1151
-1991
1430
6848
2329
11551872
-380
1000
-2105
1139
7850
2210
11552897
-406
803
-2377
1165
8503
2252
11553922
-774
710
-2506
1267
8298
2564
11554947
-914
579
-2621
1327
7765
3097
11555972
-978
428
-2684
1419
6434
3396
11556997
-965
351
-2651
1586
4970
3925
11558022
-1488
424
-2520
1754
3831
4228
11559047
-2397
534
-2282
1775
2444
3594
11560072
-2588
624
-2013
2010
1074
3156
11561097
-2164
790
-1468
2261
118
2828
11562122
-1572
948
-784
1981
-528
1949
11563147
-956
1052
-116
1602
-990
1049
11564172
-428
1095
573
1146
-953
590
11565197
-271
1199
1241
837
-700
296
11566222
-177
1357
1721
754
-429
45
11567247
57
1479
1859
841
688
322
11560064
-267
1708
1967
808
1256
668
11561089
-765
1920
2262
710
828
798
11562114
-600
2043
2612
1199
1403
1527
11563139
119
2310
2887
2141
4299
2702
11564164
672
2464
3289
2289
5931
2945
11565189
1015
2349
3860
2264
5538
2567
11566214
1752
2392
4275
2524
7167
2601
11567239
2255
2501
4685
2333
9253
2596
11568264
2109
2583
4994
2316
9546
2459
11569289
1613
2739
4930
2222
8554
2679
11570314
1081
2901
4720
1835
7667
2384
11571339
918
3029
4607
1352
6768
1377
11572364
1021
3056
4536
915
5598
489
11573389
1266
3065
4514
452
5217
324
11574414
998
3142
4418
221
5704
569
11575439
72
3199
4337
46
5650
768
11568256
-734
3143
4241
-287
5097
855
11569281
-1155
3023
4040
-629
4471
794
11570306
-1201
2855
3705
-1000
3910
557
11571331
-825
2630
3278
-1333
3224
163
11572356
2
2430
2807
-1494
2320
-619
11573381
1193
2400
2265
-1884
1374
-1576
11574406
2239
2269
1746
-3210
1037
-2247
11575431
2603
1689
1319
-4500
1608
-2015
11576456
2444
1293
724
-4720
1369
-561
11577481
1870
1120
263
-4500
1804
1372
11578506
2469
803
-277
-3413
5640
3308
11579531
3498
605
-1641
-1322
9970
4117
11580556
1711
840
-2300
-129
11199
3360
11581581
1408
345
-3007
42
13459
4540
11582606
2260
-372
-4447
1738
13496
5797
11583631
1415
-768
-4972
2669
9676
6176
11576448
256
-859
-4954
1861
7262
6058
11577473
-913
-711
-4926
2111
6499
5114
11578498
-1924
-558
-4647
2555
5632
4030
11579523
-2541
-469
-4313
2558
4012
3027
11580548
-2561
-394
-3909
1991
2623
2098
11581573
-2193
-188
-3337
1322
1373
1307
11582598
-1369
36
-2772
1154
558
718
11583623
-282
192
-2140
1136
347
521
11584648
382
241
-1476
1004
645
703
11585673
352
277
-954
1107
659
537
11586698
160
458
-503
1163
275
254
11587723
91
624
-103
1089
-38
93
11588748
28
694
244
904
-105
71
11589773
-63
688
563
895
84
137
11590798
-136
676
913
1033
755
686
11591823
-129
741
1458
1029
1340
1153
11584831
514
845
2170
1081
2147
1203
11585856
1605
814
2714
1022
4404
1336
11586881
1630
845
3034
1349
6826
1683
11587906
719
1202
3343
1624
8218
2291
11588931
356
1407
3774
1088
8880
2949
11589956
397
1462
4066
525
9431
3006
11590981
531
1516
4174
309
8793
2532
11592006
1013
1543
4276
225
7667
2114
11593031
1579
1627
4235
-148
6998
1796
11594056
1912
1761
4061
-638
6196
1451
11595081
1898
1886
3892
-955
5543
1184
11596106
1437
1945
3624
-1398
4918
1121
11597131
871
2012
3282
-1592
4007
1053
11598156
575
2027
2891
-1703
3070
968
11599181
413
1970
2508
-1950
2435
766
11600206
250
1846
2099
-2304
2015
483
11592832
73
1614
1670
-2795
1745
400
11593857
-223
1309
1168
-3035
1566
493
11594882
-622
1014
589
-3124
1383
543
11595907
-973
765
36
-3095
1468
266
11596932
-808
484
-555
-3108
1578
-340
11597957
49
-132
-1026
-3459
2462
-321
11598982
1134
-1155
-1612
-2851
7051
1512
11600007
186
-1683
-2754
-682
11432
2388
11601032
-2398
-1218
-3476
416
10764
891
11602057
-2312
-1257
-4192
649
10191
785
11603082
-538
-1670
-4897
1391
11366
2384
11604107
-81
-1793
-5079
1598
10652
2677
11605132
-480
-1624
-5029
1496
9103
2324
11606157
-847
-1395
-4776
1875
7906
1852
11607182
-964
-1114
-4473
1964
6609
1442
11608207
-883
-874
-4163
1859
5240
1171
11601024
-819
-710
-3880
1979
4246
1279
11602049
-999
-449
-3504
2079
3483
1333
11603074
-1062
-160
-3080
2153
2041
937
11604099
-812
44
-2644
2057
1060
526
11605124
-331
176
-2219
2068
603
391
11606149
68
339
-1800
2139
172
194
11607174
277
490
-1295
1788
-178
49
11608199
455
539
-852
1273
-419
-38
11609224
577
676
-586
1006
-385
-58
11610249
513
786
-305
993
-412
-3
11611274
419
887
179
786
-302
420
11612299
500
967
1137
255
385
649
11613324
1260
924
2524
271
2390
350
11614349
2938
372
3340
923
6422
1643
11615374
3111
-11
3852
1912
9051
2784
11616399
705
431
4083
2135
9092
2827
11609217
-549
657
4117
1266
9552
3252
11610242
-476
616
4083
803
10352
3013
11611267
-780
891
4118
127
8931
1866
11612292
-534
1084
3954
-261
7363
1653
11613317
-15
1171
3809
-659
6496
1700
11614342
67
1322
3632
-913
5825
1530
11615367
-119
1446
3388
-1084
4926
1332
11616392
-478
1507
3201
-1487
3935
1257
11617417
-795
1524
2951
-1759
3069
1195
11618442
-955
1578
2629
-1921
2386
1044
11619467
-988
1606
2371
-2300
1768
813
11620492
-955
1557
2069
-2941
1521
636
11621517
-1020
1408
1620
-3366
1549
504
11622542
-1495
1256
1152
-3457
1470
-122
11623567
-1830
968
688
-3720
1413
-1230
11624592
-1281
209
63
-4088
1955
-1554
11617407
-158
-826
-615
-3799
3948
511
11618432
447
-1376
-1261
-2145
7301
2991
11619457
-346
-836
-2163
-17
9359
2888
11620482
-944
-351
-2993
377
9161
904
11621507
492
-700
-4072
497
12273
1958
11622532
766
-1086
-4656
1284
12755
3059
11623557
240
-1162
-5034
1592
9879
3069
11624582
-107
-1022
-5143
1877
8558
3422
11625607
-472
-854
-5001
2676
7445
3228
11626632
-500
-794
-4678
2955
5779
2511
11627657
-8
-862
-4353
2695
3916
1922
11628682
459
-994
-4106
3090
2683
1792
11629707
611
-1059
-3631
3172
2054
1879
11630732
432
-1058
-2993
2484
1237
1685
11631757
186
-920
-2534
2161
561
1337
11632782
-32
-632
-2112
2103
317
1067
11625600
-315
-365
-1546
1865
44
607
11626625
-526
-130
-1039
1531
-316
234
11627650
-402
12
-484
1137
-583
177
11628675
-110
80
59
903
-449
342
11629700
49
135
580
947
194
776
11630725
-43
259
1150
836
583
1291
11631750
-51
373
2105
390
1127
1141
11632775
893
285
2920
777
3429
1385
11633800
1769
136
3203
1515
6931
2675
11634825
1065
256
3633
1929
7740
3003
11635850
352
546
3961
1594
7454
3030
11636875
674
657
3992
1397
8467
3444
11637900
918
767
4057
1261
8910
3390
11638925
943
954
4020
858
8330
2933
11639950
1017
1135
3919
412
7581
2685
11640975
839
1285
3778
-49
6564
2294
11633792
542
1392
3534
-381
5708
1892
11634817
221
1446
3248
-693
5182
1723
11635842
-107
1464
2936
-1017
4557
1614
11636867
-434
1456
2660
-1288
3602
1369
11637892
-620
1394
2397
-1610
2543
1021
11638917
-591
1275
2072
-2010
1767
683
11639942
-588
1072
1673
-2545
1450
463
11640967
-847
750
1263
-3010
1414
271
11641992
-1316
395
832
-3392
1313
-4
11643017
-1667
-15
371
-3642
962
-497
11644042
-1140
-568
-279
-3660
1359
-500
11645067
260
-1397
-1034
-3329
3529
1098
11646092
901
-1927
-1804
-1520
6944
3159
11647117
-449
-1351
-2544
-22
9496
2787
11648142
-1083
-1120
-3211
45
9744
1486
11649167
-206
-1392
-4138
799
11379
2144
11641984
-250
-1548
-4706
1584
11323
3000
11643009
-705
-1424
-4885
1512
9055
2803
11644034
-758
-1201
-4910
1295
7736
2562
11645059
-732
-1018
-4802
1560
6769
2417
11646084
-780
-835
-4483
1812
6006
2168
11647109
-1031
-642
-4125
1786
5174
1658
11648134
-1291
-532
-3882
1942
4407
1260
11649159
-1447
-432
-3659
2145
3621
1339
11650184
-1508
-268
-3367
2283
2366
1310
11651209
-1305
-62
-2953
2428
1201
1128
11652234
-773
168
-2472
2200
726
978
11653259
-104
231
-1887
1819
386
660
11654284
465
272
-1439
1407
306
503
11655309
782
279
-1078
1279
179
420
11656334
930
277
-620
998
-63
466
11657359
841
214
-227
702
-114
624
11650198
551
96
198
644
-48
956
11651223
172
-20
896
642
650
1239
11652248
433
-78
1866
707
1560
1420
11653273
1859
-254
2702
544
3498
2257
11654298
2753
-476
3284
1316
6592
3210
11655323
1690
-232
3894
1815
8029
3227
11656348
421
179
4168
1389
7994
3603
11657373
357
336
4170
1308
7759
3604
11658398
1325
424
4213
991
7480
3180
11659423
2241
602
4203
272
6916
2851
11660448
2724
876
4068
-301
6437
2648
11661473
2506
1243
3788
-422
5955
2361
11662498
1765
1581
3496
-726
5290
1968
11663523
908
1783
3173
-1271
4499
1635
11664548
131
1896
2763
-1701
3774
1096
11665573
-431
1869
2387
-2211
2889
234
11658368
-635
1656
1913
-2997
2282
-338
11659393
-534
1101
1301
-3622
2190
-547
11660418
-595
348
730
-4210
2259
-1504
11661443
-757
-645
334
-5535
1793
-2715
11662468
-421
-1981
-443
-5213
995
-1998
11663493
124
-3031
-1606
-2504
3205
750
11664518
196
-3298
-2700
-1104
9393
2635
11665543
-735
-3005
-3492
44
12037
1472
11666568
-2393
-2547
-3331
480
10643
-2291
11667593
-1527
-3122
-3887
1318
10967
-2950
11668618
-529
-3958
-4415
3255
13022
-753
11669643
-1890
-3841
-4109
3573
10795
29
11670668
-2561
-3308
-3913
2691
7366
-537
11671693
-1649
-2919
-3828
2168
5872
-1022
11672718
-721
-2823
-3600
1796
5099
-1148
11673743
-300
-2812
-3512
1649
4311
-821
11666559
-280
-2719
-3406
1631
3331
-437
11667584
-505
-2466
-3210
1284
2574
-175
11668609
-672
-2207
-3079
1085
1910
-115
11669634
-752
-1967
-2876
869
1232
-219
11670659
-725
-1729
-2647
510
756
-246
11671684
-491
-1559
-2435
332
494
-231
11672709
-116
-1421
-2194
333
469
-244
11673734
198
-1261
-1909
414
448
-119
11674759
194
-1133
-1464
528
482
62
11675784
46
-1046
-985
780
909
367
11676809
-7
-907
-498
1119
1838
1059
11677834
162
-482
379
1368
2414
1369
11678859
1125
-325
1292
1550
3383
960
11679884
1978
-447
2054
1416
5184
1449
11680909
2097
-504
2589
1770
7165
2606
11681934
1490
-174
2932
1863
8739
4630
11674752
113
158
3131
1241
8226
4818
11675777
-579
116
3085
718
6169
2931
11676802
99
-145
2942
508
5257
2467
11677827
1333
-435
2809
-280
5615
3481
11678852
1630
-577
2663
-878
5671
3657
11679877
1061
-432
2429
-1025
4949
3040
11680902
476
-218
2201
-1194
4161
2339
11681927
261
-86
2006
-1461
3438
1812
11682952
302
-27
1746
-1735
3034
1355
11683977
331
-7
1364
-1961
2818
1153
11685002
7
-163
1001
-2204
2658
1088
11686027
-771
-374
679
-2429
2370
671
11687052
-1484
-621
303
-2828
1854
-112
11688077
-1686
-1120
-196
-3186
1255
-523
11689102
-1506
-1757
-692
-2937
1118
-182
11690127
-1053
-2116
-1039
-2637
2762
518
11682945
118
-2293
-1473
-2732
6045
895
11683970
352
-2561
-2073
-1863
9201
354
11684995
-1407
-2591
-2774
-555
10728
-376
11686020
-2569
-2656
-3676
68
11288
438
11687045
-2686
-2613
-4279
878
11084
1588
11688070
-2235
-2115
-4672
1112
10005
2428
11689095
-1119
-1625
-4795
663
8829
2572
11690120
-507
-1210
-4770
772
7465
1888
11691145
-396
-884
-4653
1077
6214
1184
11692170
-436
-782
-4385
1280
4953
745
11693195
-517
-726
-4086
1576
3704
670
11694220
-377
-644
-3776
1918
2514
886
11695245
-226
-522
-3198
2101
1449
878
11696270
-27
-337
-2648
1890
799
529
11697295
275
-280
-2220
1871
490
131
11698320
480
-226
-1733
1896
329
54
11691136
404
-157
-1308
2053
245
67
11692161
-9
28
-891
2199
74
99
11693186
-432
175
-273
1736
-383
-21
11694211
-517
237
346
1334
-122
257
11695236
-596
263
1155
1318
591
765
11696261
-263
362
2387
1149
1040
717
11697286
1163
389
3461
976
3014
1212
11698311
2552
193
4158
1272
6712
1923
11699336
2286
14
4432
1772
9507
2543
11700361
1248
55
4484
1739
9438
3515
11701386
1656
175
4381
1789
9592
4610
11702411
2271
572
4138
1702
9674
4243
11703436
1818
1240
3789
776
8732
3098
11704461
943
1656
3426
-228
6851
1901
11705486
628
1742
3098
-948
5569
1134
11706511
797
1692
2760
-1116
5008
831
11699328
840
1684
2434
-1180
4679
842
11700353
532
1750
2141
-1516
3926
844
11701378
154
1806
1767
-1878
2894
675
11702403
-107
1807
1373
-2332
1971
355
11703428
-213
1645
1013
-2837
1403
19
11704453
-221
1272
665
-3160
1210
-177
11705478
-384
793
288
-3301
1009
-449
11706503
-669
240
-54
-3656
628
-971
11707528
-539
-513
-441
-3681
629
-942
11708553
147
-1315
-940
-2877
2415
136
11709578
1186
-1925
-1520
-2321
6463
1281
11710603
964
-2139
-2304
-1738
12241
1287
11711628
-1339
-2054
-3228
600
13215
-221
11712653
-1990
-2017
-3927
1275
12162
887
11713678
-1556
-1910
-4798
1692
11645
2765
11714703
-2164
-1425
-5030
1626
9069
2586
11707519
-2108
-958
-5159
2049
7150
2351
11708544
-1259
-844
-4927
2398
5567
1976
11709569
-271
-996
-4624
2477
4726
1624
11710594
-189
-932
-4144
2837
4022
1707
11711619
-695
-605
-3375
2613
2899
1550
11712644
-963
-371
-2743
2510
2246
1007
11713669
-1217
-74
-1991
2132
1175
675
11714694
-969
71
-1048
1528
252
510
11715719
-296
142
-1029
1112
103
374
11716744
388
127
-831
1645
-55
218
11717769
851
221
-96
1420
-11
285
11718794
801
411
224
1069
47
345
11719819
478
540
618
947
19
381
11720844
222
512
981
854
470
772
11721869
-51
534
1412
954
1409
1296
11722894
230
694
2423
951
2430
1156
11715712
1113
706
3381
1115
4456
1117
11716737
1178
635
3734
1983
7739
1839
11717762
296
763
3821
2376
9553
2791
11718787
-77
975
4129
1643
9250
3120
11719812
1001
1158
4358
1663
9768
3325
11720837
1615
1403
4390
1096
9240
3130
11721862
1548
1647
4150
128
7555
2382
11722887
1534
1792
3794
-598
6072
1680
11723912
1470
1754
3340
-986
5562
1375
11724937
1072
1656
2888
-1141
5119
1265
11725962
452
1644
2540
-1321
4403
1259
11726987
-246
1756
2249
-1568
3598
1114
11728012
-629
1777
1965
-1863
2603
896
11729037
-936
1801
1639
-2104
2138
741
11730062
-1574
1884
1299
-2462
1723
355
11731087
-1756
1563
946
-3046
930
-201
11723992
-1551
973
668
-3498
708
-917
11725017
-1105
254
30
-3886
610
-1305
11726042
-166
-567
-610
-3532
1419
-218
11727067
993
-1220
-1085
-3224
4524
1994
11728092
1539
-1581
-1971
-2186
9094
2922
11729117
194
-1249
-2981
-61
11821
1171
11730142
-1236
-1062
-3422
315
11395
723
11731167
-1251
-1207
-4386
725
11139
2444
11732192
-1282
-1091
-4825
1149
8911
2989
11733217
-1069
-768
-4834
1055
7748
3112
11734242
-883
-445
-4809
1895
7372
3125
11735267
-718
-187
-4469
2327
6362
2412
11736292
-241
-159
-4047
1953
4947
1591
11737317
228
-271
-3706
2085
3728
1398
11738342
443
-288
-3281
2058
2807
1563
11739367
401
-252
-2869
2245
2154
1329
11732096
166
-142
-2371
1973
1209
929
11733121
147
-151
-1749
1812
562
475
11734146
218
-116
-1448
1458
477
301
11735171
160
-158
-1279
1575
230
95
11736196
134
-168
-660
1488
28
185
11737221
-132
-43
-118
1228
166
346
11738246
-432
102
422
1393
124
379
11739271
-404
179
1034
1486
518
772
11740296
-87
257
1952
1556
1205
830
11741321
925
288
3133
1426
2123
930
11742346
2280
181
4040
1755
4384
1262
11743371
2852
14
4593
2577
7646
1856
11744396
2000
112
4855
2688
10136
2919
11745421
701
250
4848
2452
10690
3469
11746446
341
501
5014
2712
10034
3602
11747471
671
884
5186
1546
8859
3323
11740288
1136
1131
4801
505
7395
2298
11741313
1367
1316
4368
-387
6653
1592
11742338
1018
1340
3856
-1237
6117
1436
11743363
563
1292
3253
-1653
5071
1246
11744388
346
1252
2740
-1852
4351
1165
11745413
51
1317
2230
-2026
3587
1012
11746438
-255
1408
1736
-2548
2708
587
11747463
-363
1324
1238
-2999
2271
480
11748488
-854
1256
757
-3231
2089
477
11749513
-1343
1053
235
-3416
1881
37
11750538
-1145
512
-378
-3676
1916
-767
11751563
-58
-367
-1146
-3521
2498
-634
11752588
786
-1230
-1825
-2540
3893
826
11753613
1185
-1638
-2719
-1088
7543
1728
11754638
888
-1556
-3699
330
11505
796
11755663
-355
-1561
-3958
650
12159
-145
11748480
-1191
-1749
-4622
1305
11519
696
11749505
-1451
-1768
-5187
2174
10127
1460
11750530
-1439
-1567
-5215
2290
9114
1971
11751555
-1500
-1165
-5134
2960
8032
2250
11752580
-1363
-750
-4788
3126
5817
1539
11753605
-740
-614
-4414
2429
4266
872
11754630
-306
-552
-4047
2224
3772
969
11755655
-206
-431
-3520
2555
2770
1197
11756680
-404
-201
-2879
2380
2024
1062
11757705
-573
-65
-2102
1882
870
719
11758730
-297
-229
-1805
1688
-135
409
11759755
130
-317
-1603
1910
-272
402
11760780
214
-292
-1259
1988
-190
307
11761805
-114
-143
-782
2021
-152
312
11762830
-684
91
-316
1698
-251
277
11763855
-904
200
357
1269
-151
387
11756672
-603
240
1211
1002
246
928
11757697
290
251
2558
889
950
611
11758722
2251
137
3713
1305
4120
990
11759747
3650
-112
4535
1971
8118
1889
11760772
2453
-86
4596
2065
9279
2048
11761797
1115
69
4361
1816
8414
2379
11762822
1247
446
4492
2271
10577
3621
11763847
991
925
4734
1290
10084
3451
11764872
776
1186
4313
316
8145
2670
11765897
644
1373
3814
49
7045
2161
11766922
188
1442
3438
-484
5590
1563
11767947
-132
1354
2881
-903
4450
1181
11768972
-151
1175
2330
-1152
4059
1223
11769997
-275
1053
1874
-1345
3767
1322
11771022
-538
979
1481
-1614
2937
1130
11772047
-734
908
1141
-1749
2275
1013
11764864
-1213
965
964
-2119
1856
907
11765889
-1606
769
810
-2978
1573
728
11766914
-1858
202
469
-3551
1459
531
11767939
-1825
-361
-47
-3577
1481
257
11768964
-950
-928
-648
-3543
2591
253
11769989
184
-1679
-1484
-3145
5276
1123
11771014
-50
-2254
-2292
-1667
7807
2060
11772039
-1555
-1969
-3168
132
11096
2646
11773064
-2608
-1681
-4314
627
12121
2305
11774089
-2709
-1803
-5016
401
10145
1966
11775114
-2387
-1778
-5547
975
9152
1781
11776139
-1943
-1743
-5522
1033
8477
1276
11777164
-1600
-1751
-5454
1141
8502
1199
11778189
-1676
-1639
-5319
1746
7857
900
11779214
-1331
-1484
-4993
1631
6641
361
11780239
-578
-1409
-4786
1409
5984
229
11773056
-173
-1353
-4586
1426
4989
389
11774081
-75
-1277
-4401
1253
3629
450
11775106
-10
-1161
-4242
1040
2664
399
11776131
82
-950
-4073
972
2225
239
11777156
236
-700
-3798
943
1525
-24
11778181
467
-490
-3486
1136
955
-82
11779206
508
-274
-3070
1434
641
10
11780231
455
-77
-2637
1501
175
72
11781256
490
-22
-2208
1566
-260
94
11782281
488
-57
-1706
1841
-380
447
11783306
349
-54
-1014
1898
-64
1499
11784331
227
149
233
1557
476
2192
11785356
952
407
1780
951
1291
2000
11786381
2525
274
3126
352
2765
2062
11787406
3160
-136
4348
42
5011
2352
11788431
2753
-316
4975
618
7324
3109
11781248
1759
-251
5117
1605
8426
4160
11782273
890
-150
5442
1963
8362
4528
11783298
763
-83
5796
1906
8056
4274
11784323
792
-97
5750
1352
7933
3596
11785348
863
-154
5373
1037
7414
3122
11786373
990
-253
5112
263
6526
2752
11787398
940
-438
4651
-492
5714
2368
11788423
812
-742
4139
-940
4772
1992
11789448
750
-1094
3597
-1337
4561
2065
11790473
237
-1358
2967
-1681
4702
2345
11791498
-782
-1525
2441
-2107
4157
2245
11792523
-2054
-1446
1867
-2619
3952
2230
11793548
-3226
-1347
1186
-3042
3364
2005
11794573
-3773
-1421
376
-3122
2631
1351
11795598
-3623
-1703
-484
-2940
2578
492
11796623
-3224
-2020
-1201
-2685
2666
-179
11789440
-2796
-2280
-1769
-2587
3490
-99
11790465
-2825
-2643
-2462
-1814
6454
672
11791490
-4231
-2649
-3144
-851
10001
299
11792515
-5359
-2102
-3818
266
12519
-773
11793540
-4728
-1560
-4555
2006
12803
-1041
11794565
-3191
-1249
-5201
3061
12418
-210
11795590
-1982
-1081
-5647
3141
11313
174
11796615
-1355
-1011
-5815
2416
9899
69
11797640
-978
-1095
-5978
2469
8727
180
11798665
-596
-1266
-6075
2898
7631
48
11799690
-355
-1410
-5955
3184
6792
-200
11800715
-276
-1400
-5523
2982
5763
97
11801740
-263
-1316
-5077
2669
4489
323
11802765
-155
-1254
-4764
2489
3466
241
11803790
-40
-1082
-4377
2442
2521
87
11804815
170
-895
-3973
2222
1595
-195
11797633
432
-806
-3733
2055
953
-576
11798658
847
-818
-3563
2030
404
-701
11799683
1235
-852
-3267
2054
166
-130
11800708
1058
-780
-2791
1872
476
645
11801733
200
-580
-2129
1439
647
1015
11802758
-317
-355
-1273
1116
490
916
11803783
579
-257
-237
1010
350
797
11804808
2518
-475
888
1011
1629
1174
11805833
4319
-1049
2040
1624
4271
1438
11806858
4389
-1237
2884
1877
6899
2416
11807883
2322
-826
3518
2093
7638
3869
11808908
2635
-221
3966
2812
8546
4439
11809933
5371
426
4221
2204
10762
4088
11810958
5340
848
4103
318
10443
2544
11811983
2453
1368
3390
-308
9356
1423
11813008
146
1674
2830
-600
6862
392
11805823
-394
1454
2640
-1157
5150
148
11806848
-291
1178
2379
-1414
4274
122
11807873
-342
982
2141
-1669
3682
152
11808898
-605
825
1930
-1821
2799
222
11809923
-879
775
1749
-1892
1681
162
11810948
-945
694
1624
-2162
907
70
11811973
-989
488
1442
-2453
899
387
11812998
-1659
293
1057
-2798
1439
777
11814023
-2449
294
660
-3450
1219
24
11815048
-2353
245
344
-4303
794
-1127
11816073
-1401
-307
-145
-4676
1932
-1526
11817098
-1128
-1060
-845
-3856
5764
-898
11818123
-920
-1623
-1964
-2211
10615
120
11819148
-737
-1916
-2971
599
13305
218
11820173
-822
-1766
-3872
1528
14454
788
11821198
-1449
-1624
-5031
2074
13590
1264
11814016
-1164
-1746
-5471
2588
10455
1112
11815041
-232
-1875
-5387
1808
9970
1300
11816066
-677
-1802
-5386
2567
9952
1427
11817091
-1536
-1673
-5157
3182
6892
955
11818116
-1613
-1751
-4774
3052
4593
698
11819141
-1613
-1551
-4259
2610
3377
821
11820166
-1632
-1068
-3883
3298
2494
810
11821191
-1706
-469
-3094
3283
1407
248
11822216
-1036
-88
-2272
2420
59
-547
11823241
335
31
-1965
2299
-589
-638
11824266
1535
98
-1898
2398
-785
410
11825291
1943
216
-1688
2391
-527
966
11826316
1643
474
-1231
2086
33
740
11827341
889
684
-741
1839
-51
334
11828366
513
606
-27
1165
-782
269
11829391
824
258
742
493
-581
776
11822207
1212
-103
1496
721
1373
1373
11823232
1629
-165
2479
1388
4224
1771
11824257
1721
-271
3620
1830
6720
1593
11825282
1146
-435
4438
1924
7985
1142
11826307
1460
-396
4537
2024
9661
1931
11827332
2892
-24
4651
2382
11117
3594
11828357
3483
737
4956
1798
10974
3707
11829382
2387
1521
4777
805
9154
1713
11830407
1041
1799
4238
580
6953
-390
11831432
1017
1633
3564
485
7261
54
11832457
997
1494
3221
-243
6836
594
11833482
562
1497
3030
-884
4974
463
11834507
222
1519
2743
-1250
3543
360
11835532
-26
1515
2379
-1485
2551
234
11836557
-204
1466
2019
-1856
1672
178
11837582
-381
1335
1645
-2315
1268
438
11830400
-1068
1351
1241
-2727
1212
693
11831425
-1878
1462
910
-3178
899
366
11832450
-2163
1385
589
-3551
634
-477
11833475
-1533
916
235
-3869
1286
-1279
11834500
-383
35
-325
-3638
3486
-703
11835525
150
-754
-1263
-2234
6923
768
11836550
-50
-993
-2254
206
8615
1040
11837575
-98
-751
-3050
1435
9165
588
11838600
144
-642
-3920
947
11338
1150
11839625
-272
-558
-4507
1350
11612
1073
11840650
-159
-493
-4573
1729
10414
573
11841675
326
-493
-4599
1947
10849
1060
11842700
-144
-487
-4461
2758
10176
1216
11843725
-370
-549
-4190
3411
7932
1091
11844750
-205
-708
-3642
3182
6142
1261
11845775
-343
-1004
-3026
2445
4687
1588
11838593
-691
-1361
-2648
2842
3490
1688
11839618
-1192
-1576
-2128
2833
2009
1584
11840643
-1506
-1495
-1761
2349
608
1453
11841668
-1629
-1040
-1684
1991
-208
1047
11842693
-1526
-598
-1698
1592
-451
167
11843718
-1472
-356
-1715
1238
-454
-332
11844743
-1325
-131
-1658
1118
-872
-608
11845768
-984
81
-1384
908
-1244
-434
11846793
-814
273
-1084
599
-882
199
11847818
-1042
460
-706
259
-545
584
11848843
-1004
652
23
-202
-866
903
11849868
-89
626
1061
-749
-726
1340
11850893
1611
345
1920
-462
1471
2046
11851918
2469
95
2251
110
5531
3212
11852943
1325
100
2861
-41
7347
3407
11853968
81
247
3438
155
7943
3204
11846783
152
227
3837
370
8758
3791
11847808
592
137
4056
337
8788
4004
11848833
810
153
3982
207
8163
3707
11849858
915
270
3797
60
7540
3303
11850883
980
360
3520
-166
6593
2710
11851908
1119
367
3206
-333
5491
2279
11852933
1196
416
2933
-232
4452
1878
11853958
1125
606
2761
-148
3624
1361
11854983
903
762
2599
-399
2770
813
11856008
825
703
2330
-723
1868
415
11857033
578
731
1910
-806
1350
277
11858058
62
834
1449
-1082
620
121
11859083
-324
796
987
-1719
207
-90
11860108
-452
481
551
-2199
665
46
11861133
-631
128
60
-2292
1686
560
11862158
-976
-42
-383
-2036
2190
956
11854978
-790
-36
-553
-1573
2712
1141
11856003
27
-125
-877
-702
5777
1564
11857028
299
-202
-1304
1073
8230
1694
11858053
-378
48
-1332
1941
8371
1560
11859078
-652
144
-1428
2097
8338
2025
11860103
-759
192
-1480
2209
7439
2180
11861128
-361
174
-1540
1912
6113
1782
11862153
350
-52
-1630
1474
5444
1531
11863178
450
-324
-1626
1181
4887
1349
11864203
136
-622
-1477
839
4166
1192
11865228
-134
-1003
-1355
467
3465
1112
11866253
-267
-1416
-1310
318
2997
1163
11867278
-337
-1799
-1254
233
2804
1197
11868303
-428
-2093
-1259
158
2797
1067
11869328
-664
-2254
-1205
37
2532
767
11870353
-831
-2368
-1143
-172
2307
610
11863168
-815
-2526
-1204
-259
2526
639
11864193
-796
-2660
-1286
-219
2868
761
11865218
-822
-2691
-1306
-215
3289
957
11866243
-859
-2645
-1323
-147
3835
1215
11867268
-800
-2483
-1394
66
4744
1734
11868293
-734
-2150
-1443
317
6060
2497
11869318
-752
-1693
-1278
523
6101
2451
11870343
-528
-1201
-1221
812
5326
2130
11871368
-182
-739
-1394
1064
3956
1911
11872393
125
-335
-1409
615
2184
1385
11873418
799
-168
-1400
35
1569
1077
11874443
1587
-322
-1394
-72
1947
1032
11875468
1918
-499
-1158
-483
2400
1110
11876493
1969
-760
-787
-674
2708
1156
11877518
2033
-1075
-509
-494
3359
1240
11878543
1965
-1347
-393
-305
4405
1434
11871360
1694
-1529
-417
-134
5260
1726
11872385
986
-1504
-473
217
5016
1689
11873410
317
-1294
-444
312
4248
1408
11874435
64
-1061
-396
195
3913
1002
11875460
194
-950
-409
-29
4018
882
11876485
417
-948
-405
-316
3971
1065
11877510
689
-1024
-385
-458
3448
1178
11878535
831
-1037
-383
-359
3647
1308
11879560
650
-909
-278
-528
3829
1118
11880585
508
-800
-201
-657
3969
972
11881610
408
-768
-239
-573
4094
1058
11882635
268
-717
-265
-551
4026
1041
11883660
182
-634
-242
-705
4089
1034
11884685
163
-523
-214
-692
4158
835
11885710
329
-452
-261
-452
4118
778
11886735
468
-387
-266
-458
4092
895
11879552
478
-281
-249
-697
4136
822
11880577
410
-163
-277
-632
3974
542
11881602
365
-92
-353
-447
3794
435
11882627
460
-85
-362
-413
3481
717
11883652
591
-54
-336
-542
3508
837
11884677
679
8
-270
-634
3502
590
11885702
820
42
-166
-614
3484
118
11886727
997
-15
-87
-597
3571
-38
11887752
1028
-82
-55
-429
3593
257
11888777
879
-74
-35
-326
4040
474
11889802
291
-19
-30
-408
4287
571
11890827
-31
142
-5
-603
3564
351
11891852
481
160
37
-853
3939
1
11892877
468
52
15
-679
4639
360
11893902
-15
108
-33
-641
4031
407
11894927
-25
219
60
-522
3430
559
11887744
255
314
142
-587
3464
115
11888769
475
256
111
-773
3849
-215
11889794
437
162
54
-896
3928
-250
11890819
491
151
-11
-900
3780
-170
11891844
733
168
-59
-834
3881
-174
11892869
782
157
-99
-923
4443
-66
11893894
430
152
-213
-1004
4767
-62
11894919
-82
168
-301
-915
4091
-274
11895944
-84
146
-241
-816
3729
-294
11896969
11
75
-124
-883
3593
-313
11897994
-52
-11
-76
-863
3671
-359
11899019
-98
-49
-64
-776
4000
-161
11900044
-131
-18
-15
-809
3608
-87
11901069
20
29
88
-819
3381
-167
11902094
243
53
123
-940
3845
-292
11903119
208
18
83
-1409
4454
-553
11895936
40
-79
-70
-1426
4527
-761
11896961
-107
-196
-187
-1360
4085
-650
11897986
-106
-296
-219
-1273
3951
-290
11899011
-68
-436
-246
-1174
4018
-293
11900036
-228
-634
-223
-1152
3766
-271
11901061
-162
-719
-101
-1051
3173
-4
11902086
453
-576
16
-1014
3572
119
11903111
700
-460
-48
-699
3994
170
11904136
249
-332
-60
-471
4128
114
11905161
-156
-159
-69
-431
3969
247
11906186
-209
16
-63
-633
4088
93
11907211
-237
117
-90
-719
3828
-54
11908236
-283
187
-82
-791
3825
-157
11909261
-404
223
-84
-818
3907
-176
11910286
-638
254
-58
-741
3723
-205
11911311
-782
288
-19
-683
3819
-141
11904128
-882
313
-40
-599
3890
28
11905153
-945
356
-61
-545
3814
167
11906178
-908
435
-22
-647
3805
210
11907203
-757
502
25
-729
3706
116
11908228
-584
519
53
-684
3693
114
11909253
-481
533
138
-918
3677
107
11910278
-332
573
261
-1341
3751
-19
11911303
-149
562
291
-1445
3911
-22
11912328
-54
487
274
-1380
3804
21
11913353
40
396
260
-1434
3779
95
11914378
83
316
248
-1471
3859
210
11915403
119
236
253
-1435
3928
210
11916428
200
127
237
-1350
4041
242
11917453
201
12
231
-1273
4056
244
11918478
161
-94
221
-1241
4192
222
11919503
52
-178
193
-1138
4215
217
11912319
-87
-243
150
-1035
4181
212
11913344
-200
-290
120
-978
4080
256
11914369
-241
-299
97
-858
4013
269
11915394
-229
-298
65
-773
3953
296
11916419
-227
-282
55
-736
3826
283
11917444
-177
-244
61
-698
3844
282
11918469
-127
-201
74
-717
3766
322
11919494
-58
-168
99
-730
3659
325
11920519
57
-140
119
-725
3741
356
11921544
111
-105
140
-707
3811
385
11922569
117
-57
159
-716
3870
372
11923594
125
-28
173
-745
3991
403
11924619
107
-19
161
-726
4046
422
11925644
89
-9
123
-713
4103
440
11926669
47
5
97
-720
4077
443
11927694
-13
24
86
-758
4010
359
11920512
-8
16
65
-782
3986
334
11921537
13
-6
50
-764
3976
303
11922562
9
-19
27
-704
4031
282
11923587
-26
-13
13
-689
3932
291
11924612
-24
-10
17
-697
3927
280
11925637
-15
-15
17
-683
3921
295
11926662
3
-27
23
-664
3874
290
11927687
25
-34
29
-653
3932
293
11928712
36
-38
37
-662
3871
298
11929737
68
-41
45
-678
3896
309
11930762
99
-41
49
-659
3944
288
11931787
83
-40
60
-643
3991
296
11932812
52
-31
51
-649
3982
296
11933837
39
-23
44
-626
3968
287
11934862
24
-12
23
-654
3946
307
11935887
37
-2
12
-665
3939
298
11928704
54
10
3
-669
3995
298
11929729
39
13
-6
-653
3966
297
11930754
13
18
-5
-662
3956
301
11931779
-1
22
2
-673
3919
274
11932804
27
16
3
-652
3954
277
11933829
32
9
7
-646
3935
255
11934854
28
3
8
-630
3932
252
11935879
12
6
7
-648
3923
251
11936904
12
12
4
-661
3930
245
11937929
7
13
7
-654
3932
247
11938954
19
8
5
-676
3923
258
11939979
44
3
5
-665
3987
276
11941004
31
1
1
-675
3941
255
11942029
24
2
2
-670
3966
261
11943054
20
1
3
-674
3937
262
11944079
42
-2
2
-660
3989
278
11936945
33
-2
-2
-651
4013
271
11937970
-1
3
-10
-646
4005
291
11938995
-28
13
-12
-655
3960
258
11940020
-34
20
-18
-665
3939
267
11941045
-22
22
-18
-674
3912
227
11942070
-4
11
-8
-654
3968
231
11943095
-18
5
-4
-633
3930
266
11944120
-9
9
2
-620
3914
251
11945145
2
13
-3
-651
3918
268
11946170
14
18
-2
-676
3906
253
11947195
38
23
11
-674
3938
230
11948220
24
25
14
-633
4021
288
11949245
-55
39
23
-677
3921
283
11950270
-19
39
19
-698
3949
269
11951295
-12
35
25
-675
3949
258
11952320
-6
27
26
-687
3973
226
11945088
-16
27
20
-659
4006
235
11946113
-32
33
4
-682
3947
279
11947138
-29
36
-1
-694
3934
268
11948163
-26
37
-1
-713
3920
245
11949188
-17
30
2
-720
3945
252
11950213
-15
18
1
-699
3949
245
11951238
-16
13
-5
-686
3933
244
11952263
-12
14
-4
-693
3925
227
11953288
-11
11
-3
-716
3924
218
11954313
-8
1
-1
-715
3919
226
11955338
-1
-6
0
-697
3904
236
11956363
15
-12
1
-689
3920
245
11957388
26
-14
0
-676
3951
257
11958413
26
-15
0
-678
3965
264
11959438
7
-5
-2
-691
3951
284
11960463
5
-1
1
-690
3919
244
11953280
16
-3
4
-669
3958
251
11954305
19
-2
3
-673
3919
242
11955330
36
3
7
-659
3944
248
11956355
5
11
7
-663
3964
295
11957380
-23
26
6
-683
3940
257
11958405
-23
35
12
-668
3945
269
11959430
-8
38
15
-718
3890
287
11960455
20
35
20
-713
3937
257
11961480
18
32
26
-700
3962
233
11962505
10
28
27
-669
3980
246
11963530
2
25
22
-657
3973
236
11964555
1
26
11
-652
3989
237
11965580
-31
32
5
-645
3934
244
11966605
-28
41
3
-679
3878
237
11967630
16
41
8
-681
3912
227
11968655
26
39
12
-661
3955
259
11961471
10
43
18
-659
3933
254
11962496
9
48
22
-653
3959
261
11963521
5
49
27
-674
3929
240
11964546
13
47
26
-649
3957
227
11965571
4
50
32
-658
3930
229
11966596
11
48
38
-659
3971
254
11967621
-6
44
40
-652
3945
245
11968646
5
42
36
-644
3952
264
11969671
1
49
38
-641
3973
250
11970696
-19
57
36
-649
3943
241
11971721
-6
57
42
-668
3933
207
11972746
15
49
39
-666
3950
230
11973771
36
41
36
-636
3975
201
11974796
33
34
29
-630
3994
221
11975821
-8
37
16
-619
3985
276
11976846
-31
49
19
-622
3932
234
11969664
-18
55
26
-632
3945
238
11970689
-12
54
26
-615
3944
283
11971714
-20
66
28
-600
3916
243
11972739
-11
82
28
-599
3950
220
11973764
-2
92
27
-592
3950
212
11974789
2
94
29
-598
3924
192
11975814
10
95
30
-597
3945
202
11976839
6
96
23
-607
3936
198
11977864
10
98
9
-603
3945
209
11978889
21
108
4
-598
3958
208
11979914
31
120
6
-610
3968
217
11980939
41
127
4
-639
3956
202
11981964
28
125
6
-634
3969
194
11982989
6
122
5
-662
3909
181
11984014
16
113
3
-609
3980
204
11985039
-3
109
8
-605
3976
194
11977856
-9
114
7
-593
3973
208
11978881
-9
122
9
-607
3972
218
11979906
1
122
14
-632
3962
209
11980931
5
118
17
-664
3948
196
11981956
4
111
18
-690
3926
156
11982981
18
90
23
-710
3948
143
11984006
15
63
22
-689
3960
129
11985031
7
38
24
-658
3970
111
11986056
-7
19
13
-651
3954
155
11987081
-10
16
5
-645
3932
168
11988106
0
22
5
-641
3970
158
11989131
-3
24
5
-624
3950
203
11990156
-5
26
7
-620
3932
225
11991181
4
32
12
-621
3935
205
11992206
20
33
19
-630
3958
186
11993231
29
28
21
-623
4009
178
11986048
9
22
21
-610
4020
179
11987073
-22
25
15
-609
3955
200
11988098
-29
36
9
-623
3936
178
11989123
-25
40
6
-637
3945
149
11990148
-20
37
10
-636
3945
159
11991173
-16
32
13
-622
3962
180
11992198
-17
30
9
-619
3977
188
11993223
-26
28
5
-634
3969
183
11994248
-35
22
5
-643
3961
165
11995273
-39
12
6
-642
3937
176
11996298
-29
2
10
-628
3935
176
11997323
-21
-5
11
-606
3964
180
11998348
-28
-7
11
-593
3966
184
11999373
-35
-2
10
-594
3952
203
12000398
-35
4
6
-617
3910
207
12001423
-2
-1
11
-629
3908
162
11994240
20
-17
17
-600
3949
173
11995265
21
-24
21
-586
3931
158
11996290
29
-30
20
-589
3949
170
11997315
18
-31
8
-621
3962
217
11998340
13
-25
5
-607
3958
181
11999365
14
-21
7
-616
3945
185
12000390
18
-23
6
-615
3938
226
12001415
29
-25
9
-612
3940
193
12002440
30
-25
10
-598
3985
189
12003465
20
-26
8
-578
3961
199
12004490
16
-26
6
-570
3973
179
12005515
10
-24
3
-582
3947
173
12006540
11
-21
3
-600
3925
185
12007565
24
-21
4
-606
3932
183
12008590
33
-24
5
-602
3952
192
12009615
31
-26
5
-595
3963
209
12002431
25
-25
7
-600
3972
189
12003456
18
-24
8
-598
3959
177
12004481
17
-23
7
-603
3957
173
12005506
16
-24
7
-600
3955
171
12006531
13
-25
8
-600
3968
178
12007556
7
-26
6
-580
3968
199
12008581
1
-23
6
-575
3949
197
12009606
4
-19
8
-585
3937
172
12010631
14
-15
9
-598
3929
180
12011656
25
-14
5
-593
3951
156
12012681
32
-18
7
-568
4003
166
12013706
5
-15
8
-571
3987
165
12014731
1
-13
12
-580
3940
143
12015756
5
-15
4
-597
3933
182
12016781
16
-16
3
-593
3926
163
12017806
27
-13
9
-585
3960
144
12010625
19
-14
11
-594
3955
203
12011650
21
-12
12
-601
3957
188
12012675
20
-8
13
-587
3972
153
12013700
21
-5
13
-567
3974
154
12014725
20
-1
7
-553
3980
164
12015750
11
7
2
-567
3992
160
12016775
-12
17
-3
-572
3988
172
12017800
-29
25
-7
-583
3950
174
12018825
-21
33
-8
-594
3931
170
12019850
-7
34
-7
-605
3925
170
12020875
2
29
-2
-601
3937
157
12021900
6
23
4
-582
3955
147
12022925
1
21
2
-550
4005
160
12023950
-49
35
3
-586
3966
142
12024975
-36
35
-4
-601
3929
130
12026000
-10
23
-7
-587
3948
154
12018817
-19
17
-4
-581
3953
164
12019842
-17
15
2
-597
3935
165
12020867
-13
14
7
-598
3970
193
12021892
-20
13
7
-639
3932
156
12022917
0
3
8
-599
3981
147
12023942
-6
-1
1
-579
3969
182
12024967
1
-2
3
-597
3943
136
12025992
6
-9
0
-616
3953
157
12027017
-14
-14
-4
-619
3934
163
12028042
-2
-18
-1
-621
3929
135
12029067
1
-23
4
-587
3979
174
12030092
-21
-22
3
-615
3943
169
12031117
-6
-26
-1
-612
3974
161
12032142
-7
-31
-1
-605
3985
166
12033167
-6
-38
-6
-588
3986
169
12034192
