Device = VHR-0009
time_stamp = 1777449341148
sample_rate = 50
Data format = INT16
TYPE = 6-AXIS IMU RAW DATA
129
-57
458
3501
-424
1203
929920
-11
-40
457
3353
-508
1193
930945
-168
-19
440
3152
-561
1153
931970
-343
-9
408
2984
-587
1128
932995
-499
-10
368
2879
-741
1091
934020
-546
-20
315
2883
-892
1082
935045
-513
-36
253
2980
-936
1070
936070
-487
-53
195
3049
-963
1024
937095
-465
-72
134
3206
-946
1176
938120
-407
-94
79
3139
-945
998
939145
-403
-129
-41
3251
-1039
853
940170
-556
-137
-106
3354
-933
1112
941195
-691
-156
-125
3187
-895
1154
942220
-907
-202
-211
3471
-1107
952
943245
-1047
-225
-315
3695
-1408
782
944270
-1001
-237
-430
3792
-1524
708
945295
-768
-265
-541
3827
-1603
577
938113
-481
-306
-628
3966
-1440
747
939138
-455
-333
-662
4107
-1519
728
940163
-286
-373
-709
4126
-1560
588
941188
-182
-426
-762
4155
-1519
547
942213
-126
-469
-783
4290
-1671
561
943238
92
-479
-754
4362
-1685
620
944263
314
-453
-644
4155
-1520
664
945288
411
-411
-446
3698
-1361
664
946313
472
-383
-218
3607
-1339
685
947338
594
-320
-16
3820
-1343
699
948363
721
-217
121
4139
-1257
636
949388
631
-45
184
4300
-1076
555
950413
322
127
239
4168
-1141
303
951438
305
238
296
3913
-1003
251
952463
40
315
338
3851
-616
406
953488
-569
359
411
3804
-1153
223
946305
-596
364
453
3769
-1312
116
947330
-570
365
531
3540
-1061
75
948355
-689
346
560
3367
-1264
-43
949380
-554
313
549
3466
-1456
-157
950405
-265
299
494
3630
-1410
-177
951430
-127
302
401
3667
-1311
-188
952455
-94
300
305
3561
-1370
-252
953480
43
270
208
3497
-1352
-258
954505
139
248
128
3362
-1238
-159
955530
138
220
58
3425
-1270
-118
956555
158
215
11
3559
-1306
-129
957580
205
233
-23
3654
-1293
-149
958605
152
271
-54
3760
-1233
-161
959630
37
331
-76
3868
-1243
-147
960655
-63
377
-73
3943
-1200
-151
961680
-178
426
-51
3854
-1155
-136
954496
-313
430
-27
3821
-1161
-117
955521
-383
429
-12
3705
-1178
-21
956546
-450
408
-24
3734
-1205
22
957571
-415
413
-34
3667
-1219
93
958596
-381
421
-19
3608
-1084
179
959621
-430
445
-11
3714
-1077
305
960646
-415
485
-19
3980
-1144
391
961671
-390
527
-95
4832
-1037
433
962696
-560
567
-263
5979
-1006
253
963721
-840
687
-481
5771
-995
256
964746
-1268
665
-604
4407
-798
566
965771
-1724
527
-549
3403
-753
911
966796
-1805
368
-370
2812
-744
1090
967821
-1555
179
-234
2647
-972
1127
968846
-1142
33
-200
2829
-1384
1063
969871
-506
-18
-214
3204
-1415
963
962689
59
0
-245
3510
-1036
927
963714
209
40
-263
3554
-826
997
964739
0
34
-272
3612
-710
1160
965764
-355
2
-238
3668
-682
1359
966789
-670
-52
-146
3585
-714
1478
967814
-811
-88
-27
3365
-769
1514
968839
-622
-123
80
3146
-931
1260
969864
-357
-136
145
3259
-808
1372
970889
-327
-87
198
3260
-606
1607
971914
-461
-40
194
3175
-505
1619
972939
-677
24
134
3147
-605
1498
973964
-852
93
71
3160
-705
1358
974989
-1034
145
33
3211
-883
1237
976014
-1123
187
12
3185
-1153
1131
977039
-1072
207
0
3093
-1182
1056
978064
-1036
178
-14
3225
-1252
947
970880
-948
170
-40
3382
-1273
944
971905
-996
164
-100
3700
-1337
880
972930
-1079
142
-197
4114
-1468
731
973955
-1136
122
-326
4549
-1492
693
974980
-1252
138
-448
4543
-1535
632
976005
-1292
125
-492
4108
-1588
565
977030
-1296
81
-419
3551
-1438
657
978055
-1313
25
-267
3191
-1477
753
979080
-1086
-51
-170
3201
-1604
761
980105
-768
-83
-73
3411
-1517
920
981130
-794
-62
34
3704
-1460
959
982155
-812
-49
45
4028
-1643
775
983180
-609
-14
13
4161
-1607
746
984205
-332
31
-43
4058
-1626
741
985230
15
64
-80
3851
-1428
842
986255
158
73
-106
3664
-1189
896
979072
192
55
-104
3578
-1194
841
980097
218
39
-101
3545
-1191
787
981122
161
25
-107
3608
-1264
695
982147
101
32
-125
3705
-1376
612
983172
80
49
-132
3737
-1375
571
984197
39
59
-137
3663
-1375
538
985222
-8
48
-136
3603
-1422
523
986247
12
24
-124
3568
-1479
527
987272
116
-2
-107
3503
-1493
506
988297
252
-27
-82
3485
-1470
475
989322
376
-42
-58
3548
-1403
441
990347
438
-37
-36
3651
-1276
423
991372
382
-21
-13
3727
-1137
405
992397
270
-8
18
3784
-1075
418
993422
161
1
55
3821
-1001
411
994447
64
6
102
3809
-926
382
987264
-11
5
154
3758
-797
387
988289
-104
-2
194
3679
-693
414
989314
-207
-6
209
3640
-675
430
990339
-276
1
199
3651
-628
442
991364
-352
21
172
3676
-539
436
992389
-478
46
128
3724
-564
388
993414
-564
66
91
3725
-590
350
994439
-624
94
78
3582
-453
365
995464
-705
108
68
3473
-414
350
996489
-778
126
43
3531
-550
224
997514
-811
173
-29
3892
-565
96
998539
-984
238
-127
4328
-478
-13
999564
-1316
327
-247
4562
-639
-149
1000589
-1547
419
-342
4642
-834
-283
1001614
-1651
502
-388
4667
-816
-352
1002639
-1764
605
-386
4291
-755
-403
995456
-1876
658
-339
3882
-728
-388
996481
-1921
698
-292
3589
-689
-254
997506
-1814
712
-237
3643
-714
-204
998531
-1642
744
-208
3949
-354
-107
999556
-1871
829
-247
4184
-266
-119
1000581
-2285
894
-387
4518
-715
-275
1001606
-2510
934
-545
4590
-828
-228
1002631
-2684
943
-656
4033
-841
-13
1003656
-2644
876
-719
3426
-1030
202
1004681
-2052
724
-680
2859
-612
599
1005706
-1977
518
-638
2544
-338
625
1006731
-2404
324
-645
2703
-964
349
1007756
-2632
211
-709
2950
-1155
284
1008781
-2755
131
-746
3191
-1309
258
1009806
-2712
101
-760
3328
-1649
133
1010831
-2430
122
-777
3256
-1890
124
1003670
-2358
83
-750
3395
-1818
314
1004695
-2567
17
-645
3389
-2055
498
1005720
-2565
-32
-537
3187
-2305
562
1006745
-2360
-67
-444
2861
-2376
603
1007770
-2110
-142
-326
2699
-2440
571
1008795
-1856
-235
-189
2781
-2445
544
1009820
-1671
-296
-89
2932
-2335
572
1010845
-1659
-345
-28
3018
-2318
525
1011870
-1621
-396
-5
3078
-2447
520
1012895
-1396
-446
-1
3107
-2541
521
1013920
-1098
-498
-21
3167
-2386
554
1014945
-875
-535
-38
3304
-2356
658
1015970
-548
-534
4
3382
-2458
763
1016995
-146
-515
65
3610
-2260
801
1018020
79
-482
115
3924
-2126
914
1019045
160
-424
155
4248
-2088
1223
1011840
-4
-309
228
4650
-1973
1152
1012865
-440
-244
216
5860
-3038
792
1013890
-55
-176
256
6208
-3304
969
1014915
264
-42
337
5783
-2798
1139
1015940
206
76
456
5736
-3069
967
1016965
532
164
579
5933
-3044
944
1017990
724
261
617
5848
-2649
805
1019015
450
345
650
5488
-2454
412
1020040
100
377
760
5074
-2134
70
1021065
-133
365
909
4667
-1968
-34
1022090
-121
363
1003
4556
-1730
-270
1023115
-83
371
1013
4551
-1169
-621
1024140
-190
332
1000
3925
-1024
-872
1025165
70
227
955
3116
-903
-780
1026190
609
220
853
2715
497
-553
1027215
505
330
734
2368
1906
-895
1020032
18
390
584
1703
2348
-1652
1021057
-50
427
317
1114
3096
-1815
1022082
-166
602
-199
1063
4306
-1358
1023107
-1037
810
-944
1799
4356
-1585
1024132
-2082
814
-1765
2709
3123
-1832
1025157
-2521
411
-2805
5188
848
-559
1026182
-2013
129
-3350
7407
-900
-311
1027207
-1399
-272
-3679
8039
167
-946
1028232
-1220
-810
-4141
9967
-697
652
1029257
-2947
-1170
-3400
9188
-2695
1450
1030282
-2798
-1130
-2929
8587
-3849
2507
1031307
-1672
-537
-2234
6981
-4220
2147
1032332
-587
-32
-1344
5079
-4032
1168
1033357
-428
12
-521
3842
-3706
1409
1034382
-992
25
139
2908
-3346
2096
1035407
-1443
190
597
2111
-3538
1896
1028224
-1358
369
945
1266
-4032
1430
1029249
-1073
480
1196
321
-4004
1329
1030274
-1003
491
1377
-214
-3741
1154
1031299
-1030
433
1626
-459
-3549
1001
1032324
-919
356
1947
-784
-3236
899
1033349
-836
238
2164
-942
-2828
847
1034374
-894
33
2252
-809
-2516
864
1035399
-821
-171
2253
-567
-2527
849
1036424
-587
-326
2198
213
-2570
746
1037449
-352
-284
1885
2391
-1985
1076
1038474
302
-74
697
7873
-2295
-280
1039499
1245
384
6
12285
-3335
-348
1040524
1723
858
-386
11060
-2832
-1086
1041549
2065
545
-556
12060
-1672
-1611
1042574
2603
444
297
10987
-236
-1185
1043599
2809
255
979
10948
879
-1243
1036416
1928
-14
1307
9153
1243
-1349
1037441
942
-272
1775
6336
1113
-828
1038466
480
-391
2180
4291
1863
-470
1039491
372
-407
1962
2993
1850
-355
1040516
222
-428
1501
2616
1013
-533
1041541
139
-435
1206
2391
1220
-700
1042566
59
-396
1018
1620
1930
-733
1043591
-46
-322
761
967
2347
-723
1044616
-198
-313
558
1019
1894
-529
1045641
-81
-330
569
963
882
-493
1046666
346
-395
615
1062
146
-946
1047691
702
-458
959
1309
-1117
-629
1048716
524
-522
1593
1389
-886
634
1049741
-356
-273
1903
2020
-1825
1657
1050766
-1254
160
1518
3402
-3768
837
1051791
-1080
315
585
4656
-6021
799
1044608
-138
295
310
5114
-7453
2593
1045633
782
636
747
6704
-6237
3509
1046658
1206
1010
1353
6022
-5036
3470
1047683
1047
914
1352
4496
-4105
2973
1048708
486
785
1190
3518
-3554
2023
1049733
-41
733
1074
2197
-3144
1209
1050758
-261
532
900
1501
-2975
730
1051783
-295
295
818
1012
-2349
682
1052808
-383
173
699
379
-1748
820
1053833
-548
62
554
-28
-1529
684
1054858
-527
-43
497
-318
-1453
493
1055883
-302
-190
546
-773
-892
278
1056908
-232
-421
576
-1016
-541
325
1057933
-199
-682
645
-995
-850
386
1058958
177
-931
805
-1171
-894
344
1059983
491
-1183
899
-1115
-528
238
1052800
18
-1417
910
-524
-606
-356
1053825
-544
-1807
931
751
-3503
-1132
1054850
-178
-1998
529
3324
-8374
-464
1055875
1044
-2149
-475
5385
-9853
-1149
1056900
926
-2534
-1119
5963
-8764
-2198
1057925
194
-3080
-930
8781
-9498
-2192
1058950
2140
-2777
-338
8867
-8163
343
1059975
2563
-2040
-23
6196
-6700
969
1061000
1856
-1361
184
4704
-4824
60
1062025
1324
-994
306
3748
-3448
110
1063050
978
-797
333
2616
-2338
750
1064075
791
-535
274
1516
-1039
662
1065100
752
-260
68
770
-23
48
1066125
1089
-89
-228
715
781
186
1067150
1423
196
-388
509
1690
464
1068175
1318
555
-594
395
2475
426
1060992
600
938
-896
737
2714
-36
1062017
110
1530
-1295
1260
3561
-529
1063042
-867
1975
-1700
1840
4293
-1067
1064067
-2491
2041
-1998
2448
3403
-1352
1065092
-3519
2039
-2234
3158
1900
-1156
1066117
-4319
2073
-2850
4519
439
-1741
1067142
-4060
1610
-3733
7711
-3604
-2558
1068167
-423
1678
-4752
11266
-7141
-873
1069192
1611
1804
-4993
11988
-3659
3337
1070217
-2454
1106
-3990
11230
-3235
2805
1071242
-5298
1145
-2261
9056
-6285
1427
1072267
-3075
1359
-1370
6443
-6217
1443
1073292
-1399
1310
-1197
4912
-4939
799
1074317
-1950
1153
-781
3110
-6305
-536
1075342
-1744
826
-11
1409
-6230
-200
1076367
-1109
550
618
266
-4919
717
1069369
-753
426
978
-778
-4343
686
1070394
-558
226
1300
-1346
-4047
22
1071419
-177
-96
1713
-1590
-3719
-354
1072444
544
-429
2077
-1311
-3160
98
1073469
1207
-595
2347
-722
-2613
520
1074494
1755
-608
2614
-654
-2404
118
1075519
2023
-668
2840
-550
-2367
-469
1076544
1735
-842
3093
292
-3009
-909
1077569
1385
-1092
3269
2250
-4640
-1535
1078594
1294
-1193
2923
7695
-8134
-1273
1079619
1545
-887
2455
11773
-10070
-1305
1080644
2141
-568
2800
8633
-9064
-903
1081669
1559
-851
3229
10025
-6452
-323
1082694
1515
-632
3508
8150
-4705
500
1083719
1211
-684
3070
6193
-3480
437
1084744
1272
-926
2332
5406
-1489
648
1077376
1778
-1026
1628
4113
805
1444
1078401
1662
-950
790
2943
2462
1770
1079426
934
-732
-90
2650
2868
1292
1080451
329
-513
-818
2494
2746
263
1081476
-31
-350
-1383
1822
2686
-296
1082501
-90
-133
-2106
1629
3095
263
1083526
-326
374
-2894
2081
3653
818
1084551
-1115
925
-3381
2428
3094
247
1085576
-1702
1296
-3431
2027
1739
-435
1086601
-2074
1393
-3517
1469
1391
-297
1087626
-2333
1292
-3575
1254
1115
-31
1088651
-2503
1474
-3920
1811
390
178
1089676
-3188
1470
-4961
4896
-650
-396
1090701
-2914
708
-6583
11751
-2577
-958
1091726
-1014
97
-7603
15783
-3400
-1012
1092751
-170
-531
-7002
13083
-4528
868
1085569
215
-1288
-5017
12125
-3645
2594
1086594
966
-762
-2043
8548
-3924
1831
1087619
238
-736
-586
5735
-3908
1254
1088644
-1312
-871
515
4389
-3348
1833
1089669
-1981
-773
647
2661
-4450
1909
1090694
-1064
-565
594
988
-4973
2057
1091719
-397
-394
652
-288
-4534
2257
1092744
-413
-313
894
-1368
-4653
2070
1093769
-30
-272
1138
-1803
-4686
2129
1094794
251
-224
1391
-1300
-3935
1920
1095819
-9
-163
1749
-607
-3624
1420
1096844
-190
-103
2089
-264
-3289
1085
1097869
-56
-90
2306
-131
-2482
853
1098894
-215
-112
2484
55
-2453
460
1099919
-547
-236
2473
1054
-2932
-370
1100944
-425
-348
1878
4944
-4281
-954
1093761
380
-331
641
13032
-5541
-1390
1094786
1974
287
730
11512
-4568
-1561
1095811
1996
179
1177
11359
-3355
-1094
1096836
2184
-182
1719
12693
-1667
5
1097861
1715
-239
2035
9966
-1318
490
1098886
620
-501
2285
8528
-1341
25
1099911
838
-652
2571
7293
-1376
183
1100936
1707
-634
2646
5780
12
457
1101961
2413
-486
2504
4185
1229
524
1102986
2340
-298
2163
2883
2440
394
1104011
1719
-108
1568
1914
3079
214
1105036
779
34
1050
1135
2841
-187
1106061
298
185
539
702
4072
-609
1107086
-57
421
-169
1475
5204
-604
1108111
-1055
601
-615
2033
4605
-1048
1109136
-1557
630
-838
1643
3081
-1218
1101953
-1401
616
-1258
1333
2678
-635
1102978
-830
712
-1904
1424
2540
-33
1104003
-592
865
-2664
2356
1622
-165
1105028
-924
749
-3656
4399
-180
-959
1106053
-889
396
-4745
6285
-1454
-907
1107078
-267
-281
-6268
9984
-745
-195
1108103
-556
-1096
-6924
15146
80
784
1109128
-2827
-1231
-6275
14231
-2323
2639
1110153
-3959
-1044
-5071
12256
-5952
1068
1111178
-1002
-603
-3365
8178
-6440
146
1112203
1165
-836
-2032
6276
-3877
1779
1113228
587
-912
-1024
5013
-2608
2763
1114253
-226
-780
-480
3518
-3217
2591
1115278
-762
-612
-185
2107
-3905
2355
1116303
-1197
-439
85
654
-4372
2009
1117328
-1065
-319
304
-545
-4800
1532
1110145
-327
-246
540
-1239
-4708
1461
1111170
358
-180
801
-1352
-3933
1853
1112195
544
-93
1067
-1228
-3206
1890
1113220
522
-47
1330
-827
-3061
1601
1114245
612
-22
1656
-190
-3075
1144
1115270
728
17
2030
248
-2838
740
1116295
687
29
2298
1031
-2643
260
1117320
602
-22
2165
4192
-3033
-11
1118345
1012
50
1087
14792
-3551
2
1119370
2653
1263
936
13578
-774
-862
1120395
5833
1225
-1349
10037
4294
-2158
1121420
4321
1227
907
10864
-1790
613
1122445
-1157
242
2635
7987
-2109
2247
1123470
-1129
-626
2153
8481
-687
-9
1124495
809
485
946
9135
1966
326
1125520
347
355
2153
6882
1779
-1160
1118336
1216
490
2581
3853
83
-575
1119361
845
245
2059
3311
754
-764
1120386
647
267
2033
2510
1999
-704
1121411
299
232
1760
1525
1682
-575
1122436
134
219
1367
1522
1128
-872
1123461
368
428
1147
1618
2810
-758
1124486
15
718
860
1050
4193
-545
1125511
-1118
740
473
819
3035
-1094
1126536
-1719
625
216
950
2143
-1472
1127561
-1583
551
131
752
2445
-1038
1128586
-1347
532
22
519
2421
-432
1129611
-1002
625
-264
731
1595
-28
1130636
-872
748
-931
2429
363
-238
1131661
-1099
566
-1908
5687
-772
-836
1132686
-1031
219
-3077
9312
-857
-913
1133711
-1096
-72
-4095
10491
-490
-1292
1126527
-2529
-975
-4457
10526
-1328
-265
1127552
-4666
-1734
-3741
9667
-5241
2746
1128577
-3611
-1446
-2293
8022
-6484
3047
1129602
238
-648
-1133
6754
-3938
2331
1130627
1281
-449
-833
5378
-3268
1778
1131652
756
-557
-595
3507
-4388
1611
1132677
893
-585
-440
2067
-3914
2071
1133702
757
-527
-405
1302
-2699
1964
1134727
123
-472
-396
686
-3052
1543
1135752
-86
-440
-332
202
-3783
1255
1136777
226
-414
-223
-116
-3474
1430
1137802
584
-374
-60
-403
-3072
1860
1138827
988
-303
159
-523
-3027
1837
1139852
1507
-214
400
-194
-2667
1509
1140877
1912
-125
666
197
-2143
1226
1141902
2086
-25
914
463
-1881
881
1134720
2164
73
945
1983
-2011
699
1135745
2162
326
443
7214
-2396
968
1136770
2182
878
-246
13187
-842
147
1137795
2079
1325
47
8511
472
-689
1138820
592
946
-856
9789
-117
35
1139845
248
1059
-622
10398
-1354
404
1140870
1228
1120
272
8639
210
760
1141895
1240
1040
471
7885
879
432
1142920
991
1064
483
6892
134
-209
1143945
799
1056
721
5531
562
-748
1144970
90
943
937
4120
802
-902
1145995
-734
740
1186
2921
692
-803
1147020
-1239
577
1369
1765
1192
-678
1148045
-1498
458
1351
1350
1217
-619
1149070
-1587
390
1270
1547
1228
-1000
1150095
-1370
469
1209
1249
1715
-1237
1142912
-1084
619
1087
585
2109
-1526
1143937
-1210
625
978
616
2150
-1628
1144962
-1434
498
910
1106
1551
-1262
1145987
-1323
445
940
1004
2182
-315
1147012
-784
623
463
1010
2674
594
1148037
-1043
832
-353
2569
1491
187
1149062
-1772
685
-1147
5269
-147
-508
1150087
-2340
320
-2127
8535
-1005
-731
1151112
-2228
46
-3153
9128
-1312
-136
1152137
-1581
-429
-3736
8048
-1481
1276
1153162
-1822
-866
-3783
7797
-1248
2010
1154187
-2092
-991
-3338
7865
-1930
1614
1155212
-1422
-1183
-2975
7688
-3389
2259
1156237
-406
-932
-2195
5594
-5089
2424
1157262
442
-518
-979
3584
-4010
1508
1158287
698
-437
-218
2872
-2886
1584
1151103
-127
-448
-115
1770
-3663
2019
1152128
-833
-410
-183
543
-4295
1969
1153153
-881
-314
-131
-182
-4366
1701
1154178
-512
-204
87
-516
-4254
1428
1155203
29
-153
365
-494
-3716
1272
1156228
392
-142
612
-349
-2994
1169
1157253
598
-144
805
-212
-2584
1115
1158278
879
-122
983
-82
-2289
1312
1159303
1012
-46
1130
312
-1743
1312
1160328
885
71
944
2179
-1682
867
1161353
552
402
-53
10229
-2793
613
1162378
886
1103
-505
15414
-770
-402
1163403
937
1571
-405
9532
-989
-488
1164428
-458
933
-630
10639
-615
52
1165453
487
764
284
9460
-776
904
1166478
120
357
1160
8902
132
1086
1159296
410
103
1474
6711
514
1127
1160321
1781
4
1623
4738
497
815
1161346
2649
39
1870
3428
910
375
1162371
2445
-70
1887
3207
67
-330
1163396
2081
-216
1992
3263
411
-753
1164421
1875
-180
1951
2492
2234
-568
1165446
1613
-33
1522
1808
2967
-617
1166471
856
178
1208
1827
2774
-976
1167496
-120
486
1187
1611
3144
-1293
1168521
-758
831
1086
1047
3961
-1589
1169546
-1240
1065
774
648
4470
-1774
1170571
-1812
1038
372
632
3958
-1550
1171596
-2104
988
-29
678
2812
-1064
1172621
-2003
1075
-736
1023
2799
-733
1173646
-1961
934
-1945
2881
1890
-620
1174671
-2084
468
-3185
6487
-377
-706
1167489
-2087
-290
-4466
11819
-439
-924
1168514
-1032
-876
-5183
11835
-423
376
1169539
-516
-1438
-5166
10604
-1033
2901
1170564
-705
-1635
-4337
10159
-2428
3960
1171589
-225
-1245
-3102
7352
-3174
3599
1172614
168
-826
-2202
5438
-3186
1995
1173639
446
-612
-1555
4257
-3275
1341
1174664
295
-671
-1100
3344
-3177
2363
1175689
-338
-613
-942
2424
-3383
3359
1176714
-1100
-388
-878
1698
-3871
2706
1177739
-1256
-124
-741
1028
-4137
1882
1178764
-1118
-33
-427
498
-3918
1680
1179789
-1196
-130
5
192
-4020
1625
1180814
-850
-213
487
17
-4256
1739
1181839
-189
-181
1057
-13
-3987
1515
1182864
268
-146
1508
442
-3341
1293
1175679
464
-128
1872
844
-2633
1399
1176704
529
-78
2072
1150
-1427
1271
1177729
602
152
1648
3585
-1158
1016
1178754
807
749
668
11609
-2796
-177
1179779
1741
1486
1061
12601
-249
-1901
1180804
1597
1352
810
10562
1054
-1976
1181829
1702
870
903
11003
-33
-293
1182854
2919
753
1598
10603
1446
1150
1183879
2197
605
1852
8713
1738
579
1184904
1141
349
2159
7053
113
-717
1185929
1139
175
2669
6188
965
-651
1186954
897
109
2872
4972
2044
-309
1187979
558
32
2776
3619
1299
-400
1189004
626
-21
2624
2715
1090
-270
1190029
642
129
2362
1655
2948
-116
1191054
307
350
1684
1289
3976
-475
1183873
-344
367
1143
1458
3194
-1017
1184898
-683
341
993
1133
2976
-1109
1185923
-667
489
661
820
4292
-835
1186948
-771
639
192
740
4774
-488
1187973
-1182
629
-181
668
3210
-530
1188998
-1284
485
-399
973
1508
-312
1190023
-1074
525
-848
2130
1930
64
1191048
-1003
625
-1947
4559
1594
101
1192073
-1451
268
-2837
8212
-714
280
1193098
-1692
-43
-3645
10529
-1450
415
1194123
-1269
-530
-4412
9689
-383
733
1195148
-1784
-1198
-4561
10704
-51
2433
1196173
-2992
-1264
-3586
9880
-2944
2632
1197198
-2308
-1107
-2596
8086
-4738
1175
1198223
-105
-860
-1847
5663
-4207
634
1199248
758
-828
-1231
4171
-3110
1856
1192064
628
-653
-753
2779
-3276
2370
1193089
963
-461
-690
1566
-3797
2398
1194114
1248
-444
-705
1079
-4217
2623
1195139
961
-311
-448
377
-4182
2808
1196164
319
-147
7
-614
-3796
1920
1197189
116
-181
367
-787
-3910
1622
1198214
117
-102
829
-598
-4037
1812
1199239
-154
73
1318
-555
-3372
1807
1200264
-522
132
1566
-306
-3096
1532
1201289
-692
176
1799
372
-3170
1189
1202314
-568
216
2029
1382
-2395
452
1203339
-459
279
1633
5290
-2698
448
1204364
-153
794
377
14924
-3054
-175
1205389
879
1646
1013
11720
-422
-1285
1206414
68
1191
1033
9892
-93
-1633
1207439
315
446
1559
9707
444
-274
1200256
1185
-26
1797
9179
811
921
1201281
1506
-235
1516
8787
-431
-11
1202306
2493
-250
1579
8089
-546
-1284
1203331
3460
-230
1862
6033
1539
-1056
1204356
3423
-280
1932
4138
1608
-282
1205381
2944
-344
1945
3119
491
-124
1206406
2498
-359
1939
2924
522
-184
1207431
1763
-292
1878
2659
2007
-294
1208456
914
-210
1716
1599
2668
-241
1209481
173
-187
1483
1078
1797
-375
1210506
-193
-49
1284
1368
2058
-578
1211531
-198
240
1090
1098
3263
-406
1212556
-453
462
885
265
3157
-270
1213581
-801
499
676
66
2093
-185
1214606
-948
544
620
-21
2066
154
1215631
-878
773
187
300
2429
501
1208534
-1165
949
-829
2311
897
303
1209559
-1572
747
-1741
5996
-1252
-30
1210584
-1319
386
-3174
10363
-1592
-195
1211609
-498
112
-4314
10212
-1224
398
1212634
-978
-837
-4920
9290
-210
1975
1213659
-2888
-1458
-4732
9968
-1097
4447
1214684
-3060
-950
-3316
8158
-3401
4620
1215709
-834
-177
-2079
5971
-2627
1830
1216734
916
-9
-1730
4816
-1195
478
1217759
935
-212
-1482
4174
-1960
847
1218784
223
-143
-1097
3215
-2714
1739
1219809
-575
0
-885
2082
-2258
1983
1220834
-1809
84
-881
1398
-2224
1486
1221859
-2699
156
-821
915
-3029
1056
1222884
-2441
243
-590
229
-3480
1083
1223909
-1609
292
-375
-108
-3323
1209
1216640
-952
302
-209
150
-3045
1075
1217665
-487
297
-8
354
-2862
954
1218690
-23
278
226
507
-2719
937
1219715
371
271
498
877
-2508
837
1220740
568
241
743
2105
-2373
71
1221765
648
34
600
8158
-2774
-662
1222790
1347
65
502
15818
-1326
-1194
1223815
1948
464
798
9572
782
-293
1224840
406
-147
845
8801
710
407
1225865
866
-309
1507
7679
598
722
1226890
2144
-347
1890
6314
1677
942
1227915
2310
-310
1827
5199
378
302
1228940
2685
-185
1743
5317
297
-343
1229965
2959
28
1718
4995
2233
-148
1230990
2318
117
1682
3201
1994
435
1232015
1535
71
1617
2072
822
531
1224832
1216
86
1572
1191
1184
513
1225857
861
147
1275
755
831
566
1226882
415
169
946
1661
204
189
1227907
647
346
928
1579
1087
197
1228932
618
472
885
1189
1393
-23
1229957
213
473
719
2016
923
-338
1230982
-74
539
806
3148
624
-146
1232007
-484
679
1021
3479
1814
105
1233032
-896
836
915
2910
2386
414
1234057
-1357
808
527
3294
952
278
1235082
-1638
741
195
4614
-126
-68
1236107
-1818
560
-250
6768
-199
-335
1237132
-1806
210
-913
7893
66
-604
1238157
-1305
-244
-1432
6178
-690
293
1239182
-685
-796
-2012
4878
-1906
2093
1240207
-283
-1141
-2325
5601
-1989
2888
1233024
505
-1275
-2130
6683
-1537
2353
1234049
1830
-1234
-1905
6480
-1071
1685
1235074
2801
-1181
-1632
5608
-963
1210
1236099
3121
-1129
-1112
4321
-1329
1104
1237124
2993
-1190
-579
3128
-1337
1219
1238149
2376
-1284
-320
2434
-820
1679
1239174
1458
-1368
-285
2125
-795
2140
1240199
791
-1392
-362
2025
-1264
2213
1241224
707
-1323
-458
1801
-1721
1951
1242249
1046
-1232
-563
1484
-1940
1662
1243274
1567
-1166
-664
1298
-2079
1529
1244299
2156
-1082
-718
1324
-2103
1478
1245324
2695
-994
-701
1423
-1967
1343
1246349
3196
-899
-632
1505
-1861
1260
1247374
3653
-783
-576
1638
-1724
1252
1248399
3991
-607
-564
2095
-1539
1292
1241215
3992
-384
-559
2756
-1169
1047
1242240
3605
-182
-506
2863
-664
622
1243265
2963
-68
-648
3569
-573
291
1244290
2414
151
-1039
6301
-826
37
1245315
1711
465
-1282
10182
-283
-1180
1246340
878
851
-1127
11402
-388
-1914
1247365
587
1327
-854
8137
-1469
-2051
1248390
1008
1380
-715
5360
80
-2246
1249415
1297
962
-566
5778
1240
-2043
1250440
2033
1222
742
5136
211
-1801
1251465
3422
1277
747
4604
1429
-1404
1252490
2715
1185
616
4553
980
-1457
1253515
2377
1156
252
2687
-1624
-1450
1254540
2837
1022
-412
2695
-1953
-1565
1255565
2862
995
-398
2805
-1201
-1775
1256590
2455
890
-483
2685
-943
-2220
1249408
2260
785
-791
2912
-963
-2509
1250433
2570
822
-1110
2995
-1232
-2634
1251458
2990
888
-1413
3095
-1418
-2835
1252483
3259
853
-1620
3299
-1731
-2987
1253508
3603
736
-1595
3453
-1988
-2790
1254533
3994
596
-1397
3762
-1878
-2338
1255558
4090
531
-970
4437
-1206
-1932
1256583
3301
1337
-877
5416
3168
-1818
1257608
3039
834
-1402
2050
-4560
-2175
1258633
4040
-288
-264
2828
-3278
-2118
1259658
4513
-442
680
4663
-1062
-1980
1260683
4278
433
1101
5054
876
-1487
1261708
3279
463
725
5056
726
-1371
1262733
2834
461
413
5215
-284
-1965
1263758
2757
663
596
4822
-775
-1999
1264783
2468
814
904
4633
-895
-1825
1257600
2430
1012
1090
4852
-195
-1730
1258625
2496
1229
1400
4894
369
-1748
1259650
2685
1441
1778
4440
355
-1805
1260675
2414
1435
1924
4277
759
-1919
1261700
1371
1348
1804
4404
848
-1985
1262725
768
1365
1702
4611
873
-1687
1263750
354
1301
1444
3957
1157
-941
1264775
-1428
994
581
4023
1262
-1203
1265800
-1638
543
493
5420
2277
-2116
1266825
341
656
913
4127
2077
-912
1267850
280
534
707
3728
1392
-562
1268875
306
518
545
4128
1543
-740
1269900
479
637
484
3710
2014
-824
1270925
249
609
210
3516
2049
-862
1271950
18
592
-98
3098
1730
-639
1272975
-367
597
-409
2798
1315
-414
1265791
-787
561
-747
2760
552
-420
1266816
-994
486
-976
2794
-149
-219
1267841
-1009
482
-1185
2931
-530
434
1268866
-983
530
-1403
3198
-708
906
1269891
-1073
412
-1677
3744
-1
721
1270916
-1559
115
-1891
4997
-530
727
1271941
-2298
-207
-1661
5878
-3029
1318
1272966
-2303
-418
-993
6040
-3984
2034
1273991
-1762
-493
-323
6745
-3543
2300
1275016
-1005
-456
361
6614
-3126
2179
1276041
-226
-475
926
5427
-3151
1821
1277066
578
-535
1264
4603
-3020
1528
1278091
996
-542
1425
4194
-2593
1172
1279116
868
-623
1473
3671
-2380
633
1280141
663
-759
1452
3294
-2584
327
1281166
683
-802
1450
2726
-2685
370
1273984
889
-723
1521
1981
-2518
377
1275009
1019
-715
1596
1605
-2158
405
1276034
1034
-766
1695
1094
-1474
867
1277059
1275
-740
1803
580
164
1519
1278084
1506
-619
1509
-921
-608
773
1279109
656
-909
1283
168
-719
738
1280134
836
-851
1449
123
-786
768
1281159
1140
-778
1415
-33
-912
424
1282184
1401
-781
1215
924
-1060
-375
1283209
1733
-825
651
3678
-2314
-1110
1284234
2382
-939
-732
12135
-3280
-1862
1285259
4093
-69
-1354
14123
-2461
-1340
1286284
3091
125
-1415
9893
-2719
-1268
1287309
1694
-475
-669
9767
-1266
-1918
1288334
2316
-527
901
7946
-584
-252
1289359
2396
-717
1251
7368
-423
444
1282177
1622
-665
1388
6172
-938
-45
1283202
1429
-566
1207
5035
-1044
-552
1284227
1774
-403
985
3628
141
-567
1285252
1682
-381
792
2196
1145
-277
1286277
1339
-465
566
1364
1023
-95
1287302
1148
-498
474
1182
1020
-83
1288327
977
-417
407
1055
2054
-160
1289352
653
-212
106
744
2757
-196
1290377
401
-2
-246
608
2082
-343
1291402
346
209
-450
263
2473
-460
1292427
210
340
-738
10
3087
-301
1293452
-268
439
-992
147
2623
-211
1294477
-676
566
-1090
442
1915
-47
1295502
-914
774
-1292
1290
1342
229
1296527
-1347
933
-1792
3421
493
209
1297552
-1738
901
-2399
7383
-606
330
1290368
-2148
733
-3191
12603
-48
-589
1291393
-2921
356
-3241
12303
-169
-991
1292418
-5762
-753
-2767
10523
-3309
1697
1293443
-7206
-1323
-1073
8498
-6391
2252
1294468
-2455
-659
756
7029
-3972
1963
1295493
1047
-130
1105
5986
-1623
1605
1296518
428
-195
1055
4305
-3443
706
1297543
292
-182
1170
3022
-3416
419
1298568
484
-167
1136
2171
-1929
764
1299593
-303
-149
1070
1003
-1395
940
1300618
-933
-124
992
80
-1802
727
1301643
-1024
-124
999
-516
-1867
481
1302668
-898
-211
1027
-925
-1602
714
1303693
-505
-304
968
-1138
-1369
1004
1304718
-148
-302
846
-1226
-1394
826
1305743
336
-469
793
-324
-1599
648
1298560
1230
-420
1025
-326
-1579
712
1299585
2039
-399
1054
-113
-1491
649
1300610
2688
-460
941
1106
-2266
-178
1301635
3141
-599
853
4819
-3906
-1106
1302660
2585
-515
-267
12375
-3875
-1283
1303685
2894
23
-1354
11613
-2195
-1620
1304710
2367
-344
-694
9511
-3440
-461
1305735
2255
-548
-351
10448
-3598
-449
1306760
4155
-27
-22
9049
-2156
-20
1307785
4608
29
409
7562
-169
244
1308810
3638
-46
857
6541
-435
511
1309835
2913
-20
1118
5865
-988
256
1310860
2760
164
1207
4637
-808
104
1311885
2266
305
1239
3472
-172
96
1312910
1163
408
1275
2704
375
-256
1313935
143
476
1460
1338
835
-953
1306752
-194
496
1503
167
1288
-1256
1307777
-430
555
1371
381
1990
-1219
1308802
-830
892
1305
263
3543
-1474
1309827
-1674
1284
945
-891
4739
-2548
1310852
-2727
1127
53
-686
3943
-3516
1311877
-2557
760
-763
65
3675
-2822
1312902
-1652
544
-1326
179
4043
-1165
1313927
-1447
389
-2377
2247
2261
249
1314952
-2088
36
-3623
6459
206
527
1315977
-2029
-366
-4570
10156
51
55
1317002
-1402
-953
-5496
13024
-284
250
1318027
-1944
-1509
-5329
13470
-1400
3288
1319052
-4222
-1585
-4058
11461
-3298
4991
1320077
-3795
-786
-2217
9529
-5790
1650
1321102
-90
72
-1022
7401
-5037
1464
1322127
648
193
-610
5426
-3233
2195
1314944
-611
133
-546
3163
-3509
1859
1315969
-961
173
-372
1714
-3537
1515
1316994
-919
256
-139
865
-3112
1314
1318019
-993
261
12
136
-3148
1022
1319044
-835
229
127
-291
-3282
944
1320069
-438
214
307
-476
-2972
871
1321094
-41
184
556
-618
-2635
685
1322119
296
133
794
-614
-2412
348
1323144
601
52
958
-509
-2113
61
1324169
789
-34
1021
-211
-1926
24
1325194
904
-85
1066
357
-1876
-168
1326219
1042
-116
1081
1809
-2080
-115
1327244
1232
-141
537
7983
-2828
228
1328269
2126
200
-335
15778
-610
-1229
1329294
3473
975
193
9860
307
-404
1330319
2409
340
-105
10631
1664
-424
1323136
1585
349
795
10273
-889
-287
1324161
1743
178
1863
9319
897
-109
1325186
2305
291
1840
7766
2022
312
1326211
1648
227
2049
6668
882
257
1327236
983
225
2465
5535
326
-49
1328261
774
266
2747
4145
248
32
1329286
562
268
2773
2951
838
-35
1330311
330
237
2560
1953
1189
-34
1331336
73
136
2342
1652
493
244
1332361
-74
122
2145
2000
274
-141
1333386
300
330
1915
1592
1536
-742
1334411
783
546
1591
953
2884
-706
1335436
835
539
1288
1332
3262
-767
1336461
621
632
952
952
5270
-1049
1337486
535
742
141
-307
6664
-442
1338511
-560
493
-783
-316
5015
-194
1331327
-1870
238
-1729
1017
1705
-962
1332352
-2233
-100
-2636
3420
-1634
-1472
1333377
-1136
-172
-3659
4879
-2098
-1449
1334402
746
-648
-5755
9510
558
220
1335427
-537
-1545
-6178
16414
-752
3439
1336452
-4537
-1475
-4536
11784
-5265
4705
1337477
-4633
-978
-2873
9327
-6030
2262
1338502
-1099
-197
-791
7208
-3507
1601
1339527
716
-205
25
5965
-2869
1971
1340552
1342
-176
393
4864
-3512
2510
1341577
1656
49
751
3153
-2322
2454
1342602
1111
-24
827
1806
-2130
2292
1343627
586
-28
774
1058
-2819
2216
1344652
738
191
826
367
-2632
1915
1345677
572
305
843
-169
-2101
1512
1346702
29
232
748
-501
-1941
1093
1339521
-174
100
608
-484
-2233
716
1340546
371
129
550
-313
-2378
371
1341571
1307
223
557
-207
-1723
108
1342596
1884
198
611
91
-1629
-209
1343621
1803
89
876
209
-2281
-485
1344646
1475
-59
1108
667
-2417
-509
1345671
874
-119
869
2864
-2913
-1275
1346696
804
-73
-372
10490
-4399
-1687
1347721
1872
427
-1376
15373
-2807
-3417
1348746
2555
1013
-314
9248
-2120
-3994
1349771
1856
-46
284
10832
5
-3374
1350796
2018
-448
1286
9096
470
-1297
1351821
1655
-842
1815
7425
-134
-763
1352846
2015
-896
2166
7182
-138
-1250
1353871
2774
-708
2330
6070
791
-1353
1354896
2905
-525
2341
4022
1303
-945
1347712
2731
-460
1998
3017
2049
-227
1348737
1740
-534
1427
2016
2794
-510
1349762
1120
-669
660
1381
1694
-929
1350787
1183
-588
191
1379
1576
-684
1351812
1077
-418
-55
2083
2884
-377
1352837
807
-131
-59
1267
4233
-230
1353862
626
-58
-64
244
3447
-166
1354887
666
-162
-346
668
1772
-1
1355912
565
-111
-499
869
1717
966
1356937
536
18
-857
1177
-407
335
1357962
1911
315
-1326
2525
257
977
1358987
1313
266
-1938
6418
-572
640
1360012
149
-83
-2983
12481
-861
-943
1361037
1095
-195
-3010
10162
-1036
1094
1362062
363
-404
-2494
7407
-3175
4662
1363087
-753
-312
-1067
7185
-3824
3546
1355904
424
167
584
6130
-2334
2307
1356929
724
300
1079
5386
-2086
2274
1357954
-276
360
1296
3938
-2901
1413
1358979
-372
381
1232
2853
-2871
517
1360004
-36
437
1174
1936
-2396
307
1361029
-14
410
1042
1316
-2139
398
1362054
-166
275
899
1277
-2176
291
1363079
-201
185
834
1037
-1961
143
1364104
14
81
815
547
-1881
86
1365129
153
-101
776
584
-1952
74
1366154
319
-264
795
853
-1669
-6
1367179
566
-396
873
589
-1448
-257
1368204
981
-590
838
319
-1687
-576
1369229
1605
-772
673
796
-1927
-682
1370254
2108
-815
428
2441
-2056
-1012
1371279
2121
-878
-52
5729
-2626
-1265
1364096
2182
-936
-787
11662
-3838
-965
1365121
2736
-342
-843
12491
-3459
-1599
1366146
2864
51
-182
10975
-2009
-1916
1367171
2033
-123
654
10142
-982
-1146
1368196
1170
-345
1605
8215
-631
-22
1369221
911
-454
2184
6908
-109
104
1370246
1191
-482
2384
5686
119
168
1371271
1439
-498
2362
4718
-167
185
1372296
1613
-428
2272
3994
647
-74
1373321
1715
-359
2145
2688
1670
-417
1374346
1803
-390
1825
1599
1734
-647
1375371
1983
-282
1298
1219
3242
-681
1376396
1500
-20
585
906
5595
-747
1377421
388
4
-271
682
5114
-507
1378446
-721
-134
-887
860
3103
-430
1379471
-916
-53
-1390
1175
2405
-139
1372288
-765
172
-1714
884
2755
113
1373313
-655
394
-2198
961
1853
162
1374338
-630
494
-2517
1607
145
50
1375363
-418
556
-2787
2436
-525
-195
1376388
-340
223
-3430
4818
-458
-286
1377413
-573
-380
-4412
10948
89
-284
1378438
-975
-710
-4401
14156
-721
371
1379463
-1914
-822
-3457
10390
-3758
2209
1380488
-2068
-987
-1669
8858
-4022
2046
1381513
-309
-643
246
7431
-2575
2802
1382538
386
-526
871
6196
-2482
2766
1383563
274
-399
1054
4722
-3099
2084
1384588
432
-172
1106
3243
-2824
1674
1385613
214
-14
1128
1944
-2536
1303
1386638
-460
-30
1076
993
-2544
887
1387663
-1118
-166
981
376
-2525
705
1380479
-1358
-259
885
36
-2538
892
1381504
-980
-306
838
-220
-2780
1063
1382529
-196
-309
851
-387
-2700
1117
1383554
506
-299
1004
-648
-1907
1090
1384579
958
-296
1111
-813
-1212
950
1385604
1005
-344
1068
-315
-1303
633
1386629
972
-351
1046
407
-1585
-63
1387654
1361
-367
777
2327
-2162
-939
1388679
2067
-454
-136
10011
-3437
-535
1389704
2852
81
-472
15356
-2761
356
1390729
2499
796
331
9940
-1867
-557
1391754
993
324
513
11789
11
-1200
1392779
89
293
1388
9585
-204
520
1393804
-928
-118
1969
8387
-1007
451
1394829
-190
-240
2274
6845
-1269
183
1395854
1190
-172
2349
5505
-598
-8
1388671
2143
-51
2251
4290
554
-215
1389696
2362
15
2123
2810
1344
-392
1390721
2018
-28
1909
1883
1512
-429
1391746
1349
-74
1712
1254
2237
-384
1392771
808
15
1403
316
3288
-355
1393796
310
250
788
5
4087
-621
1394821
-460
394
128
497
4499
-1171
1395846
-1151
350
-267
704
4010
-1560
1396871
-1290
341
-692
899
4171
-1508
1397896
-966
479
-1368
1409
4373
-1070
1398921
-940
496
-2122
2746
3175
-852
1399946
-1310
259
-3204
5565
1503
-1022
1400971
-1206
-270
-4229
9551
453
-610
1401996
-791
-430
-4753
10728
786
-53
1403021
-827
-751
-5091
11809
1036
1556
1404046
-2137
-1067
-4443
12916
-1630
2718
1396864
-2683
-907
-3282
10651
-4910
2282
1397889
-1699
-624
-2146
9029
-4593
1877
1398914
-945
-370
-1085
6876
-4047
2004
1399939
-989
-200
-462
4263
-4370
1864
1400964
-802
7
-263
2101
-4622
1782
1401989
-853
107
-286
750
-4501
1479
1403014
-1369
61
-152
147
-4496
810
1404039
-1587
-13
214
-587
-4681
431
1405064
-1020
-75
622
-1364
-4496
723
1406089
-304
-108
996
-1709
-3954
847
1407114
7
-177
1387
-1704
-3520
496
1408139
119
-323
1769
-1168
-3114
286
1409164
246
-396
2090
-474
-2721
370
1410189
325
-390
2315
-104
-2507
310
1411214
302
-413
2341
657
-2111
10
1412239
-69
-471
2012
3693
-2726
-314
1405056
-457
-617
791
14070
-4268
-485
1406081
923
109
833
15675
-2219
-1623
1407106
2195
784
1722
9957
777
904
1408131
1836
523
1081
10698
3023
586
1409156
-3353
-889
1551
11727
-3400
198
1410181
-194
-663
2392
9155
-1720
506
1411206
2161
-388
2274
7506
570
693
1412231
1754
-434
2241
5144
-255
-161
1413256
2472
-490
1989
3996
-685
-626
1414281
3139
-387
1765
3438
1482
-356
1415306
2534
-339
1587
2037
3806
-68
1416331
1546
-418
1252
608
3642
-24
1417356
821
-415
798
425
2779
-383
1418381
564
-278
325
697
3540
-589
1419406
421
-46
-94
196
4134
-362
1420431
-123
57
-487
-145
3236
-436
1413248
-427
96
-842
179
1924
-425
1414273
-169
108
-1151
990
1225
-1
1415298
-68
245
-1403
1858
805
142
1416323
-432
258
-1989
3354
-409
-166
1417348
-723
-187
-2938
6571
-1687
-376
1418373
-726
-808
-4068
12173
-2731
-1048
1419398
-984
-1102
-3751
13840
-3838
1789
1420423
-2605
-1304
-1912
10655
-4877
1976
1421448
-1512
-789
167
8565
-4438
2302
1422473
-164
-332
1027
6757
-2360
2105
1423498
-559
-407
556
4655
-2681
772
1424523
-554
-533
194
3193
-3375
388
1425548
-200
-456
111
2172
-2330
1150
1426573
-330
-362
203
1193
-1667
1996
1427598
-873
-249
410
140
-1704
2165
1428623
-1087
-27
398
-772
-1652
1928
1421495
-1030
189
308
-1475
-1853
1503
1422520
-895
254
287
-2026
-2295
864
1423545
-398
143
301
-2391
-2609
654
1424570
125
-36
316
-2272
-2735
833
1425595
577
-101
296
-1531
-2679
718
1426620
1015
-249
523
-533
-2622
-114
1427645
1016
-62
822
2929
-492
-268
1428670
141
279
2498
4809
-2801
-840
1429695
1478
-348
161
9025
-7689
226
1430720
3999
-64
-1545
15813
-4234
-1613
1431745
3520
1275
-313
12047
-1558
-1191
1432770
901
141
248
9870
-2810
-772
1433795
1434
-280
182
7799
-1806
-399
1434820
1643
175
-869
5974
205
496
1435845
1398
48
-999
7949
1101
548
1436870
668
192
1348
5617
844
476
1429632
-481
586
1742
2566
-208
174
1430657
190
236
1771
2413
-341
-396
1431682
756
267
1752
1414
1868
-395
1432707
514
299
1249
222
2507
93
1433732
-227
263
729
151
1652
180
1434757
-1063
412
672
-113
2190
90
1435782
-2067
651
720
-501
3232
189
1436807
-3288
913
525
36
3149
-368
1437832
-3845
1212
335
865
2587
-1223
1438857
-4026
1390
253
1668
2481
-1814
1439882
-4211
1255
-113
3649
1469
-1935
1440907
-4286
1020
-932
7557
14
-2105
1441932
-2926
947
-2043
9979
-1442
-1223
1442957
-1031
803
-3070
8676
-2159
-353
1443982
-468
-19
-3681
9441
-3130
386
1445007
777
-327
-2541
8799
-3484
1435
1437827
1888
-486
-1897
8926
-2473
1820
1438852
2187
-225
-1617
8079
-3532
1920
1439877
2576
410
-1070
5888
-3791
1392
1440902
2536
692
-802
3740
-2414
873
1441927
1252
464
-891
2413
-1569
1168
1442952
-508
250
-1017
1495
-1583
1640
1443977
-1927
172
-980
513
-2017
1484
1445002
-2492
145
-922
-26
-3173
962
1446027
-2076
220
-779
-318
-4363
690
1447052
-1077
287
-382
-877
-4469
801
1448077
-200
267
6
-1350
-3761
988
1449102
36
145
262
-1139
-3184
1023
1450127
1
23
538
-627
-3311
829
1451152
96
-26
893
-513
-3399
664
1452177
327
-83
1217
-144
-3022
323
1453202
397
-155
1367
1323
-2724
-276
1446016
331
-218
756
6734
-3392
244
1447041
929
98
-663
15787
-2787
791
1448066
2268
1178
-65
10054
-1793
-25
1449091
1144
891
-130
9740
504
-676
1450116
571
652
527
10560
1261
672
1451141
518
514
1104
9232
1150
1282
1452166
48
374
1210
8408
2274
703
1453191
1546
298
1274
5655
846
-78
1454216
-165
145
1444
4927
1121
-267
1455241
300
-126
1632
3870
2129
-156
1456266
773
-57
1522
2229
1085
465
1457291
156
-216
1356
2106
143
-98
1458316
546
-170
1434
1434
-240
-375
1459341
1011
-159
1397
835
413
-280
1460366
1023
-151
1302
775
791
-220
1461391
778
-102
1293
955
535
-290
1454208
593
-28
1320
1241
540
-326
1455233
355
86
1281
1370
979
-244
1456258
-32
158
1201
1287
1135
-170
1457283
-390
185
1190
916
1105
-12
1458308
-543
244
1062
1184
1409
380
1459333
-706
534
408
2796
1998
338
1460358
-1453
476
-862
6769
1035
-885
1461383
-2157
-372
-1710
10448
-639
-1586
1462408
-893
-665
-2226
8826
-1970
121
1463433
-104
-1073
-3036
7879
138
2699
1464458
-1117
-1513
-2978
8774
707
3557
1465483
-1283
-1225
-2612
8345
-689
2820
1466508
-32
-818
-2462
7075
-601
1905
1467533
275
-595
-2086
5696
-1096
1213
1468558
24
-499
-1528
4147
-1875
737
1469583
30
-513
-1278
3200
-1487
917
1462400
-116
-544
-1230
2831
-1047
1549
1463425
-466
-462
-1141
2549
-1305
1745
1464450
-485
-262
-955
2005
-1502
1406
1465475
-274
-87
-747
1675
-1314
1120
1466500
-238
23
-595
1816
-1068
833
1467525
-499
99
-319
1600
-1083
776
1468550
-876
136
-71
1552
-1222
756
1469575
-1157
173
114
2193
-1087
626
1470600
-1428
223
386
2726
-760
301
1471625
-1696
250
700
2610
-647
90
1472650
-1802
202
880
2711
-711
114
1473675
-1815
201
939
3259
-549
92
1474700
-1909
241
893
4287
-411
-202
1475725
-1997
292
727
5424
-389
-569
1476750
-1927
367
539
6014
-468
-785
1477775
-1843
404
511
5629
-403
-783
1470591
-1844
333
536
5037
-165
-503
1471616
-1702
238
503
5181
152
14
1472641
-1408
254
519
5535
416
237
1473666
-1272
278
496
5782
372
161
1474691
-1347
296
481
5568
293
-28
1475716
-1361
300
561
4771
515
-45
1476741
-1451
285
639
3948
758
129
1477766
-1823
235
685
3378
753
-95
1478791
-2384
69
655
3413
482
-494
1479816
-2719
-48
655
3387
422
-379
1480841
-2630
59
654
2825
541
-320
1481866
-2647
211
495
2786
374
-642
1482891
-2633
418
268
3144
-61
-792
1483916
-2629
684
145
3455
-216
-894
1484941
-2801
958
108
3242
-192
-943
1485966
-3170
1167
-37
3287
-193
-956
1478784
-3583
1354
-232
3659
-284
-1175
1479809
-3930
1552
-433
3966
-438
-1529
1480834
-4271
1666
-730
4358
-615
-1953
1481859
-4377
1668
-1053
4495
-1038
-2083
1482884
-4219
1548
-1315
4489
-1448
-1780
1483909
-4092
1431
-1379
4167
-1468
-1326
1484934
-4075
1259
-1348
3968
-1364
-1166
1485959
-4064
978
-1335
4198
-1182
-1262
1486984
-3981
651
-1312
4244
-1252
-1296
1488009
-3699
407
-1322
3861
-1611
-1133
1489034
-3143
277
-1343
3346
-1540
-951
1490059
-2506
179
-1347
3117
-1078
-815
1491084
-2252
45
-1346
3252
-1213
-811
1492109
-2235
-6
-1339
3367
-1459
-867
1493134
-2191
10
-1445
3623
-959
-669
1494159
-2418
-91
-1536
4122
-1097
-803
1486976
-2656
-193
-1480
4187
-1721
-993
1488001
-2644
-325
-1414
4360
-1638
-768
1489026
-2841
-489
-1336
4789
-1391
-412
1490051
-2943
-593
-1197
5004
-1665
194
1491076
-2738
-543
-902
4758
-1932
928
1492101
-2724
-516
-575
4364
-1493
740
1493126
-2898
-558
-465
4480
-2196
613
1494151
-2898
-575
-384
4621
-3131
1074
1495176
-2804
-549
-282
4358
-3010
1446
1496201
-2665
-465
-299
3903
-2824
1694
1497226
-2293
-335
-315
3492
-2918
1858
1498251
-1714
-211
-248
3434
-2957
2083
1499276
-1357
-101
23
3715
-2204
2078
1500301
-763
187
91
1970
-2522
2235
1501326
-2419
-62
-475
3571
-2643
1294
1502351
-2251
48
452
2921
-2096
1302
1495167
-2329
-57
658
2118
-2729
1070
1496192
-1916
-106
831
2260
-2216
890
1497217
-1445
-174
991
1941
-2019
649
1498242
-883
-284
972
2151
-2187
229
1499267
-141
-300
977
2595
-2112
-86
1500292
360
-324
871
3344
-2033
-407
1501317
472
-443
525
5292
-2768
-681
1502342
1088
-380
75
7498
-2897
-1144
1503367
2489
-203
-61
7732
-2295
-992
1504392
3582
-193
100
9180
-2518
-275
1505417
4225
-35
1164
10300
-1853
219
1506442
3836
103
2510
10340
-402
920
1507467
2305
190
3485
10281
-757
1283
1508492
1171
321
4108
9344
-1061
761
1509517
869
421
4222
7589
-769
38
1510542
958
459
3961
5925
-874
-319
1503360
1189
504
3451
4872
-182
-591
1504385
1372
572
2910
3756
879
-644
1505410
1520
620
2312
2493
1709
-650
1506435
1469
706
1627
1732
2416
-1202
1507460
1082
831
766
1421
4126
-1905
1508485
437
715
-17
1142
4523
-1633
1509510
-568
452
-457
440
4056
-1398
1510535
-858
283
-1017
-138
4246
-1507
1511560
-760
312
-1915
92
4851
-1436
1512585
-1232
301
-2810
903
4028
-1491
1513610
-1460
263
-3410
1243
2474
-863
1514635
-2476
336
-3944
2693
2561
1839
1515660
-6110
446
-4051
4442
-6413
-4044
1516685
-1164
-199
-5736
10584
-1021
-2303
1517710
2518
-351
-6009
14156
199
4063
1518735
-220
-659
-4679
11468
-4375
5267
1511553
2105
-851
-3027
10041
-1813
5043
1512578
1972
-912
-1588
8659
220
3068
1513603
627
-911
-492
6720
-1992
1146
1514628
752
-531
179
6029
-3379
2004
1515653
360
-54
1069
3788
-2809
1928
1516678
-757
176
1246
2212
-2514
1913
1517703
-2044
192
1316
1426
-3013
1937
1518728
-2426
318
1656
178
-3364
1966
1519753
-1974
427
1893
-654
-3600
2021
1520778
-1539
528
2066
-789
-3268
1603
1521803
-1401
593
2305
-660
-2764
1177
1522828
-997
561
2441
-526
-2321
654
1523853
-636
429
2655
-215
-2258
856
1524878
-651
450
2873
-8
-1759
1232
1525903
-456
543
3011
-35
-1596
946
1526928
-69
459
3088
560
-1901
24
1519745
750
400
3223
1182
-2337
-1303
1520770
695
214
2553
4118
-4280
-1674
1521795
-127
-492
2031
13516
-6387
-541
1522820
833
-126
2231
11760
-6547
-902
1523845
663
-265
2375
8812
-6307
-152
1524870
251
-886
2576
10580
-5300
-61
1525895
761
-1035
2907
8685
-4600
780
1526920
882
-1338
2607
8156
-3945
765
1527945
1477
-1233
2282
6992
-2967
919
1528970
2113
-1033
1948
5569
-1313
695
1529995
2304
-917
1573
4169
163
762
1531020
1864
-911
1112
2986
1261
956
1532045
1521
-772
547
1918
2162
704
1533070
1326
-446
-50
686
4022
1007
1534095
204
-430
-683
485
4637
828
1535120
-791
-304
-1127
793
4162
139
1527936
-583
-60
-1610
1136
4025
-599
1528961
-458
45
-2097
1317
3595
-956
1529986
-506
84
-2929
1876
2854
-1244
1531011
-368
142
-3304
2009
2516
-913
1532036
-391
186
-3627
1832
1429
-702
1533061
-114
163
-4057
2506
-109
-953
1534086
646
-103
-4760
3970
20
-1719
1535111
998
-969
-5839
9456
226
-721
1536136
-472
-1690
-6667
17516
-1727
1131
1537161
-2813
-1899
-5380
14981
-5480
3101
1538186
-4029
-1984
-3792
12103
-3108
4105
1539211
-2799
-1312
-1215
10061
-3109
3191
1540236
-624
-593
364
7347
-4141
3198
1541261
-15
-411
986
5414
-2896
2925
1542286
-907
-204
1053
3190
-2417
2482
1543311
-1743
-22
1094
1484
-2811
2060
1536128
-2019
95
1050
465
-2971
1806
1537153
-1881
117
987
-660
-3038
1204
1538178
-1314
69
761
-1551
-3191
1316
1539203
-642
-1
675
-1895
-3280
1492
1540228
33
-45
818
-1721
-3250
1091
1541253
778
-61
1008
-1017
-3105
444
1542278
1427
-62
1261
-386
-2623
36
1543303
1694
-72
1473
-47
-2285
-94
1544328
1765
-70
1631
543
-2322
-130
1545353
2077
-75
1892
1456
-1946
32
1546378
1764
132
1914
2314
-1192
412
1547403
1477
68
1121
7066
-2462
298
1548428
1685
277
-87
16533
-1707
28
1549453
1669
1029
170
11045
-262
134
1550478
-1047
429
-79
9361
-1302
-242
1551503
-2306
77
734
10327
-2234
864
1544320
-1432
110
1857
9393
-2452
1657
1545345
-721
69
2067
8783
-1460
1045
1546370
-807
-8
2148
7051
-1471
401
1547395
-634
-194
2287
5505
-1556
-93
1548420
222
-262
2262
4344
-1093
68
1549445
784
-279
2100
3655
-177
-26
1550470
1067
-315
1982
2600
446
-546
1551495
1567
-516
1777
1740
1230
-441
1552520
2011
-326
1433
1350
3347
-184
1553545
1573
238
1118
354
5458
-518
1554570
433
295
599
-719
5328
-1517
1555595
-417
-9
-353
-587
4628
-1970
1556620
-686
-37
-1349
-137
5304
-1480
1557645
-834
38
-2247
447
4299
-926
1558670
-1345
59
-2931
1744
2134
-887
1559695
-996
177
-3761
3774
596
-574
1552512
-535
88
-4891
6914
-105
386
1553537
-1043
-384
-5879
13419
-616
-770
1554562
-1532
-914
-5807
17115
-3304
580
1555587
-2461
-1105
-4313
12983
-5543
4415
1556612
-2470
-875
-1763
10031
-5188
3571
1557637
-942
-321
104
8002
-3643
2665
1558662
-741
-196
544
5724
-3846
1894
1559687
-737
-103
483
3443
-4528
1327
1560712
-451
56
235
1859
-3708
1108
1561737
-562
183
52
841
-2930
1216
1562762
-994
219
25
68
-2925
1265
1563787
-1289
223
122
-543
-3005
1249
1564812
-1203
268
312
-1058
-2762
1246
1565837
-878
267
537
-1392
-2275
964
1566862
-518
166
731
-1335
-2213
441
1567887
-54
24
891
-1025
-2385
171
1560703
527
-99
1080
-704
-2266
65
1561728
1068
-288
1233
-246
-1764
-428
1562753
1538
-387
1322
911
-1586
-122
1563778
1139
-272
1438
3741
-2502
1036
1564803
-325
-51
1136
10059
-3854
725
1565828
-525
514
496
13584
-2805
-890
1566853
-590
1182
616
9032
3904
-914
1567878
420
18
-1462
10072
-4060
-4786
1568903
3137
1718
1282
10070
-1945
2018
1569928
-439
221
2276
7802
-225
2550
1570953
69
-905
507
8172
-341
342
1571978
1217
-638
-303
7815
970
-1327
1573003
1158
-25
820
5290
1260
-639
1574028
697
-295
1354
2797
-645
-287
1575053
1278
-440
1170
2578
-203
-154
1576078
1861
-284
1092
1733
1158
307
1568896
1595
-197
930
830
1694
380
1569921
1159
-128
847
147
1387
346
1570946
570
22
874
-98
1863
51
1571971
-129
273
687
-37
3465
-219
1572996
-1220
494
249
-129
3823
-712
1574021
-1961
358
39
-39
1793
-968
1575046
-1854
420
-42
519
2067
-589
1576071
-1481
802
-607
1923
2872
-141
1577096
-1999
864
-1483
5008
1382
-680
1578121
-2554
486
-2385
9564
-328
-1194
1579146
-1744
523
-3099
10490
-633
-42
1580171
-965
209
-3928
9451
796
2364
1581196
-2200
-432
-4290
11408
-2099
3166
1582221
-2140
-433
-2734
9558
-5895
3402
1583246
-134
-143
-1237
8780
-4830
2308
1584271
1501
275
-432
6774
-4340
1489
1577088
1594
363
59
4133
-4305
1080
1578113
1335
271
237
2274
-3791
1222
1579138
907
161
314
1190
-3802
1575
1580163
303
128
572
554
-3903
1674
1581188
-52
209
998
-378
-3820
1297
1582213
-135
257
1341
-1076
-3796
765
1583238
37
218
1572
-1185
-3560
463
1584263
522
181
1792
-1061
-3470
213
1585288
1298
179
2033
-738
-3348
124
1586313
1918
196
2364
-360
-2860
184
1587338
1685
96
2744
20
-2753
-214
1588363
1202
-189
3111
732
-3155
-605
1589388
1587
-286
3244
1622
-3552
-1187
1590413
2162
-159
2652
4344
-4883
-1449
1591438
2078
13
1290
9903
-6835
-2353
1592463
1648
-40
507
12591
-7591
-3523
1585279
2076
-160
869
11184
-2781
-1947
1586304
1271
-823
2550
11129
-3124
-1380
1587329
1503
-1139
2885
8988
-5998
-896
1588354
2528
-1526
2673
8498
-3958
-1325
1589379
2918
-1384
2539
7470
-1720
-979
1590404
3120
-1190
2517
6161
-1182
-1010
1591429
3302
-996
2460
4882
230
-1148
1592454
3086
-949
2391
3769
1467
-643
1593479
2042
-887
2059
3387
2796
-611
1594504
879
-524
1667
2558
4293
-902
1595529
80
-248
1265
1126
4002
-939
1596554
-689
-466
810
896
2917
-1011
1597579
-928
-594
221
1767
3256
-992
1598604
-442
-311
-326
1469
4639
-495
1599629
-43
-159
-887
449
3926
313
1600654
86
-297
-1584
756
1866
567
1593472
932
-268
-2071
701
1528
1127
1594497
1397
-327
-2738
1626
210
1189
1595522
392
-713
-3876
7128
-4249
-229
1596547
121
-1192
-4786
12125
-5557
1232
1597572
1162
-1378
-4806
12870
-8243
8633
1598597
833
-1021
-2898
9480
-10094
6734
1599622
2022
-1010
-1544
6394
-2837
3027
1600647
-156
-1143
-664
6219
-2987
3211
1601672
-1612
-1002
-699
4517
-6754
2296
1602697
1107
-197
-105
3182
-5667
2248
1603722
2269
670
271
2113
-1981
2766
1604747
493
1138
150
1210
-1209
1610
1605772
-1070
1188
199
766
-3320
529
1606797
-713
1066
451
-8
-3262
444
1607822
-390
907
568
-959
-2186
1103
1608847
-1256
724
634
-1296
-2797
794
1601664
-1480
420
876
-928
-4135
-414
1602689
-773
156
1597
-381
-5949
-1382
1603714
275
-75
2178
-414
-5969
-1319
1604739
1027
-274
2292
-455
-2559
-824
1605764
911
-647
2525
-302
-4164
-2315
1606789
1733
-1137
2792
457
-5346
-3712
1607814
3192
-1568
2806
1658
-4086
-3897
1608839
2914
-2018
2072
4077
-6221
-4177
1609864
2453
-2663
842
9971
-10220
-4530
1610889
3636
-2754
667
13343
-9537
-4167
1611914
5400
-2305
1883
11371
-5626
-2611
1612939
4538
-2320
2616
11550
-3769
-1118
1613964
3101
-2110
2921
9668
-3313
-543
1614989
2544
-1856
2861
7735
-2165
-542
1616014
2232
-1566
2711
6575
-1007
-228
1617039
1752
-1383
2599
5206
-403
-175
1609857
1280
-1310
2357
4085
83
-254
1610882
1394
-1210
2046
3290
630
144
1611907
1630
-1052
1711
2657
1935
-207
1612932
1285
-1069
1249
2500
2639
-998
1613957
799
-1266
882
2401
2005
-997
1614982
765
-1239
570
2104
2173
-953
1616007
534
-1153
142
1793
3082
-895
1617032
-46
-1219
-348
1829
2274
-653
1618057
-567
-1143
-867
1818
691
131
1619082
14
-1006
-1163
1948
-144
1058
1620107
1356
-754
-1622
2560
-981
2179
1621132
1044
-634
-1978
4585
-2525
3128
1622157
-467
-177
-2465
4121
-4260
2679
1623182
-225
-301
-3005
6732
-7240
3910
1624207
-558
-485
-2129
6765
-7627
4427
1625232
-815
-313
-1403
4847
-5909
4273
1618048
-1149
-89
-942
4289
-5119
3744
1619073
-1535
162
-799
2970
-6135
2269
1620098
-922
256
-743
2760
-5287
1242
1621123
-324
372
-35
2732
-4561
999
1622148
-121
932
150
-38
-3753
836
1623173
-370
309
-24
1083
-2300
136
1624198
-1058
103
532
245
-2317
-338
1625223
-1642
-16
658
-1404
-2313
-454
1626248
-1901
-414
436
-720
-2416
-354
1627273
-1611
-550
614
-427
-2603
-136
1628298
-800
-542
1050
-616
-2727
-234
1629323
-355
-613
1324
-587
-2177
-573
1630348
-456
-861
1453
-325
-1995
-1075
1631373
-531
-1161
1591
-161
-2831
-1129
1632398
-50
-1406
1838
561
-3739
-730
1633423
495
-1494
2269
1597
-4670
-838
1626240
568
-1503
2439
2845
-6458
-891
1627265
310
-1653
1812
6556
-9973
-685
1628290
576
-1330
1056
10610
-12285
-1368
1629315
1091
-714
1444
10426
-9946
-1414
1630340
1375
-668
2134
9201
-6757
-513
1631365
1406
-760
2416
8059
-4727
426
1632390
1178
-864
2359
6059
-4278
300
1633415
1566
-932
1839
4771
-2795
212
1634440
2405
-951
1403
3310
351
500
1635465
2314
-925
1021
2200
2493
552
1636490
1149
-897
343
2454
2730
249
1637515
104
-713
-234
2239
2649
153
1638540
-503
-435
-678
1478
2494
-143
1639565
-969
-240
-1247
1744
2185
-580
1640590
-1164
45
-1743
2189
1929
-687
1641615
-1199
383
-2066
1974
1681
-443
1634431
-1074
565
-2398
1817
843
164
1635456
-699
817
-2769
2189
149
723
1636481
-141
1069
-3125
2664
229
173
1637506
628
1044
-3817
4636
-1617
-834
1638531
274
855
-4111
8990
-7499
854
1639556
-2147
760
-3587
9045
-11289
2868
1640581
-4337
646
-2174
10490
-6405
1974
1641606
-3188
764
-1113
8398
-6870
28
1642631
-252
1699
-11
4472
-9540
456
1643656
1770
1958
-436
2088
-4816
1089
1644681
675
1607
815
1057
-2807
766
1645706
-1252
777
-982
1671
-2720
115
1646731
-1583
1283
164
-485
-4213
262
1647756
-963
732
181
246
-3499
334
1648781
-590
625
672
64
-1806
187
1649806
-1697
621
814
-1647
-1970
-280
1642623
-2189
32
639
-987
-2978
-231
1643648
-1333
-152
1047
-652
-2115
134
1644673
-590
-291
1418
-1476
-1380
460
1645698
-272
-546
1526
-1395
-1392
469
1646723
61
-716
1586
-994
-1240
358
1647748
441
-841
1675
-894
-915
408
1648773
670
-958
1638
-694
-1066
324
1649798
835
-1037
1558
-9
-1984
-413
1650823
590
-1129
1601
829
-3422
-1468
1651848
-97
-1445
934
4099
-8183
-1270
1652873
304
-1735
-333
10812
-13242
-2006
1653898
2250
-1272
-150
11754
-11990
-2870
1654923
1986
-1155
1246
9964
-7685
-1662
1655948
2081
-1137
2522
8823
-5295
416
1656973
1958
-849
2487
7870
-4064
1411
1657998
1412
-260
2369
6115
-3366
536
1650816
1530
27
2022
4976
-1842
-51
1651841
1421
91
1551
4017
-442
258
1652866
824
105
1173
2596
172
675
1653891
373
94
827
1582
133
904
1654916
93
120
457
1473
70
771
1655941
-83
176
185
1472
126
557
1656966
-228
228
58
1197
142
510
1657991
-534
305
-21
1060
88
481
1659016
-761
504
-63
1139
10
362
1660041
-766
851
-213
1435
86
218
1661066
-668
1208
-457
1787
-48
89
1662091
-549
1411
-805
2210
-305
-37
1663116
-414
1621
-1022
1981
-536
-108
1664141
-254
1770
-1191
1600
-858
59
1665166
119
1862
-1708
2253
-1052
219
1666191
651
1989
-2801
3510
-1306
338
1659008
953
1832
-4512
5348
-1787
447
1660033
-493
1308
-5768
8706
-3935
1279
1661058
-4058
763
-6058
10971
-5473
1107
1662083
-5367
775
-4931
9492
-6625
1704
1663108
-4176
869
-3438
8220
-6472
1116
1664133
-514
1418
-2037
7338
-5738
1864
1665158
317
1099
-1863
5276
-519
1374
1666183
-824
730
-1980
3882
-139
1017
1667208
-3118
440
-578
2995
-4122
-37
1668233
-1676
382
-157
1366
-2417
124
1669258
-134
70
-207
742
-628
584
1670283
-907
-173
-330
781
-1267
458
1671308
-1105
-302
-296
615
-2196
254
1672333
-523
-348
-369
526
-1895
347
1673358
-234
-408
-554
1035
-1645
432
1674383
-148
-373
-633
1270
-1817
360
1667201
100
-297
-865
1723
-1892
430
1668226
396
-201
-1295
3165
-1762
701
1669251
574
-8
-1565
4596
-1694
882
1670276
570
219
-1639
5283
-1631
841
1671301
267
292
-1521
5211
-1139
524
1672326
-347
193
-1229
4802
-717
398
1673351
-1066
29
-840
4482
-738
707
1674376
-1454
-92
-420
4402
-884
1129
1675401
-1434
-153
-79
4309
-882
1412
1676426
-1244
-149
192
4140
-1047
1472
1677451
-1007
-136
364
4205
-1366
1255
1678476
-629
-60
506
4298
-1535
1125
1679501
-216
107
631
4207
-1017
1572
1680526
-199
187
697
3779
-431
1156
1681551
-323
219
711
3879
-913
1137
1682576
-400
353
718
3609
-440
1430
1675391
-717
416
563
3462
-151
1447
1676416
-1107
462
350
3415
-670
1078
1677441
-1020
485
167
3375
-1120
783
1678466
-707
476
-31
3529
-1183
750
1679491
-601
453
-196
3646
-1205
858
1680516
-670
424
-321
3672
-1309
835
1681541
-686
389
-399
3688
-1340
756
1682566
-664
351
-413
3690
-1295
671
1683591
-616
308
-395
3701
-1255
598
1684616
-520
266
-340
3665
-1263
606
1685641
-421
226
-278
3615
-1296
628
1686666
-306
195
-228
3547
-1309
606
1687691
-226
170
-197
3505
-1275
643
1688716
-231
149
-198
3593
-1238
671
1689741
-279
141
-207
3645
-1248
663
1690766
-321
133
-223
3640
-1263
674
1683584
-369
121
-238
3664
-1237
697
1684609
-428
109
-237
3633
-1229
724
1685634
-457
93
-235
3609
-1281
732
1686659
-433
80
-230
3558
-1328
752
1687684
-393
69
-224
3537
-1337
779
1688709
-362
65
-210
3567
-1322
806
1689734
-345
73
-177
3570
-1311
833
1690759
-357
89
-132
3613
-1276
859
1691784
-404
110
-69
3680
-1220
874
1692809
-489
134
7
3673
-1154
864
1693834
-586
151
83
3583
-1128
872
1694859
-675
161
138
3603
-1138
857
1695884
-755
172
183
3643
-1135
802
1696909
-811
185
224
3575
-1151
792
1697934
-837
191
237
3507
-1148
772
1698959
-837
192
231
3465
-1134
761
1691776
-835
185
202
3450
-1144
766
1692801
-866
182
157
3469
-1139
780
1693826
-916
180
104
3537
-1138
738
1694851
-953
178
52
3597
-1125
684
1695876
-985
175
10
3569
-1120
652
1696901
-1030
159
-29
3535
-1134
645
1697926
-1071
128
-74
3559
-1149
616
1698951
-1089
82
-134
3571
-1201
594
1699976
-1074
26
-215
3535
-1301
600
1701001
-1001
-29
-312
3498
-1411
607
1702026
-850
-75
-412
3504
-1461
639
1703051
-660
-107
-494
3536
-1456
630
1704076
-484
-133
-546
3558
-1442
623
1705101
-369
-159
-580
3607
-1425
633
1706126
-306
-180
-597
3644
-1409
653
1707151
-281
-198
-613
3693
-1411
670
1699968
-268
-205
-624
3743
-1441
682
1700993
-246
-203
-621
3803
-1475
672
1702018
-198
-193
-600
3834
-1495
640
1703043
-127
-187
-564
3855
-1475
654
1704068
-62
-186
-509
3911
-1449
679
1705093
-6
-180
-438
3910
-1417
675
1706118
36
-175
-352
3854
-1437
667
1707143
89
-160
-261
3806
-1434
638
1708168
152
-139
-166
3751
-1373
617
1709193
195
-119
-88
3740
-1336
634
1710218
204
-87
-23
3732
-1324
634
1711243
204
-55
36
3703
-1309
601
1712268
209
-27
85
3724
-1267
560
1713293
218
-1
136
3760
-1231
532
1714318
232
23
191
3747
-1201
512
1715343
230
34
235
3724
-1185
497
1708161
241
47
278
3684
-1197
486
1709186
256
58
310
3700
-1155
445
1710211
248
66
334
3768
-1113
405
1711236
234
69
338
3850
-1119
373
1712261
245
71
319
3865
-1146
370
1713286
280
71
287
3810
-1167
370
1714311
329
69
252
3773
-1181
389
1715336
377
69
225
3770
-1134
385
1716361
399
70
225
3744
-1064
378
1717386
382
65
234
3743
-1040
373
1718411
354
65
248
3765
-1043
362
1719436
326
72
259
3747
-1021
339
1720461
286
73
258
3697
-1028
327
1721486
263
67
250
3661
-1052
340
1722511
249
55
233
3680
-1017
344
1723536
212
41
224
3650
-1003
330
1716353
185
21
209
3602
-1027
319
1717378
182
1
181
3600
-1030
313
1718403
184
-19
144
3606
-1027
327
1719428
169
-37
99
3632
-1030
329
1720453
158
-51
55
3629
-1042
313
1721478
158
-69
9
3629
-1036
308
1722503
155
-87
-36
3617
-1029
312
1723528
139
-103
-69
3582
-1040
317
1724553
114
-121
-104
3571
-1061
331
1725578
72
-135
-139
3593
-1080
331
1726603
24
-144
-160
3596
-1095
341
1727628
-27
-152
-178
3642
-1119
342
1728653
-58
-155
-181
3658
-1146
352
1729678
-70
-154
-181
3658
-1172
349
1730703
-83
-159
-183
3689
-1183
341
1731728
-98
-162
-180
3713
-1193
364
1724543
-112
-169
-181
3768
-1214
387
1725568
-123
-171
-179
3784
-1230
416
1726593
-116
-170
-171
3780
-1268
422
1727618
-66
-163
-154
3767
-1294
417
1728643
2
-152
-133
3762
-1281
439
1729668
41
-144
-117
3805
-1252
471
1730693
43
-122
-91
3759
-1234
580
1731718
0
-107
-71
3745
-1211
597
1732743
-42
-93
-45
3739
-1226
535
1733768
-10
-75
-9
3662
-1303
543
1734793
100
-65
17
3635
-1304
551
1735818
207
-53
30
3667
-1228
559
1736843
263
-44
22
3735
-1165
551
1737868
275
-34
9
3823
-1146
530
1738893
310
-20
5
3872
-1175
479
1739918
352
9
9
3864
-1125
455
1732736
327
20
34
3888
-1071
454
1733761
306
15
91
3859
-1091
434
1734786
297
15
132
3821
-1067
420
1735811
289
10
161
3776
-1100
423
1736836
317
-1
181
3740
-1110
422
1737861
348
-9
189
3685
-1052
410
1738886
344
-10
188
3614
-1074
413
1739911
342
-15
182
3592
-1091
400
1740936
343
-18
162
3645
-1091
392
1741961
330
-17
146
3674
-1112
415
1742986
313
-12
134
3724
-1119
411
1744011
285
-2
136
3740
-1091
399
1745036
230
9
158
3712
-1077
405
1746061
172
15
179
3738
-1091
395
1747086
123
26
189
3786
-1076
416
1748111
82
35
202
3744
-1093
422
1740928
50
37
207
3735
-1105
355
1741953
43
46
207
3681
-1094
354
1742978
20
49
202
3610
-1054
404
1744003
-36
44
180
3616
-1101
346
1745028
-26
34
167
3597
-1103
346
1746053
-6
24
142
3600
-1096
354
1747078
-4
13
118
3600
-1090
334
1748103
-32
-1
86
3619
-1076
328
1749128
-65
-14
57
3643
-1074
358
1750153
-133
-31
27
3668
-1071
385
1751178
-190
-47
-9
3706
-1144
379
1752203
-177
-53
-40
3688
-1165
423
1753228
-189
-56
-65
3661
-1170
453
1754253
-185
-54
-82
3669
-1255
443
1755278
-115
-42
-91
3667
-1234
472
1756303
-110
-43
-97
3677
-1225
485
1749120
-133
-40
-107
3667
-1247
491
1750145
-139
-42
-120
3699
-1291
484
1751170
-103
-37
-124
3692
-1319
475
1752195
-78
-31
-136
3681
-1307
490
1753220
-44
-31
-138
3706
-1349
477
1754245
-4
-20
-125
3655
-1304
492
1755270
-12
-22
-123
3730
-1312
459
1756295
-19
-7
-111
3705
-1331
471
1757320
-12
-1
-96
3707
-1325
482
1758345
-31
3
-88
3778
-1327
417
1759370
-13
15
-62
3710
-1352
440
1760395
-22
17
-50
3691
-1325
441
1761420
-28
20
-25
3679
-1331
429
1762445
-7
26
7
3666
-1307
441
1763470
-12
29
22
3677
-1286
430
1764495
5
34
36
3698
-1283
414
1757312
9
41
47
3696
-1225
442
1758337
-15
38
51
3665
-1209
457
1759362
-24
32
45
3690
-1221
441
1760387
-9
30
39
3714
-1212
442
1761412
4
28
31
3703
-1198
455
1762437
12
26
17
3691
-1200
462
1763462
31
23
6
3680
-1202
469
1764487
46
21
-2
3679
-1196
478
1765512
52
22
-6
3674
-1205
480
1766537
53
23
-11
3690
-1210
465
1767562
45
26
-15
3698
-1209
480
1768587
31
29
-14
3689
-1213
474
1769612
29
28
-9
3688
-1235
460
1770637
43
28
-3
3682
-1234
463
1771662
58
26
1
3678
-1215
461
1772687
54
24
-1
3709
-1199
459
1765503
41
26
1
3643
-1195
495
1766528
42
18
-4
3663
-1207
480
1767553
47
17
-11
3710
-1199
468
1768578
47
18
-14
3662
-1209
501
1769603
49
15
-25
3668
-1220
489
1770628
64
17
-20
3662
-1193
503
1771653
59
12
-13
3650
-1185
519
1772678
48
8
-12
3652
-1208
498
1773703
63
7
-16
3670
-1201
496
1774728
64
6
-22
3668
-1186
510
1775753
61
3
-24
3646
-1203
509
1776778
59
-2
-26
3681
-1197
496
1777803
52
-1
-24
3683
-1202
495
1778828
45
-5
-28
3673
-1224
491
1779853
53
-8
-28
3660
-1221
499
1780878
62
-10
-27
3636
-1215
500
1773884
66
-13
-23
3637
-1208
500
1774909
68
-15
-21
3647
-1205
497
1775934
63
-15
-22
3667
-1194
492
1776959
53
-19
-23
3681
-1187
494
1777984
52
-23
-20
3690
-1178
503
1779009
56
-26
-18
3691
-1177
515
1780034
57
-27
-15
3672
-1171
520
1781059
61
-26
-13
3666
-1153
519
1782084
48
-26
-19
3693
-1140
508
1783109
36
-21
-17
3646
-1161
547
1784134
27
-27
-25
3712
-1157
517
1785159
23
-24
-26
3737
-1174
512
1786184
31
-20
-27
3684
-1180
536
1787209
32
-19
-28
3683
-1164
524
1788234
33
-18
-17
3684
-1154
544
1789259
23
-19
-16
3707
-1162
542
1781889
25
-17
-17
3718
-1181
541
1782914
42
-14
-17
3708
-1156
555
1783939
35
-10
-15
3685
-1142
564
1784964
29
-7
-7
3688
-1141
564
1785989
27
-4
-3
3742
-1144
553
1787014
29
6
1
3735
-1140
537
1788039
29
9
-1
3716
-1127
540
1789064
29
7
-6
3700
-1115
539
1790089
25
4
-7
3693
-1113
546
1791114
21
0
-10
3676
-1128
544
1792139
30
0
-12
3676
-1134
527
1793164
42
3
-15
3685
-1123
533
1794189
34
6
-18
3703
-1117
528
1795214
18
8
-17
3701
-1135
529
1796239
9
7
-12
3708
-1137
530
1797264
8
6
-6
3688
-1140
515
1790079
11
5
-2
3713
-1139
513
1791104
8
6
-4
3713
-1118
521
1792129
9
7
4
3649
-1113
552
1793154
7
-2
-3
3727
-1098
512
1794179
-2
5
-4
3713
-1106
535
1795204
-20
4
-14
3680
-1122
531
1796229
-32
4
-16
3685
-1135
515
1797254
-26
3
-4
3656
-1128
547
1798279
-39
-2
1
3654
-1146
539
1799304
-28
-2
2
3665
-1158
521
1800329
-4
-1
1
3684
-1134
526
1801354
-6
3
0
3675
-1135
536
1802379
-12
0
-7
3695
-1134
522
1803404
-22
-2
-9
3723
-1136
521
1804429
-30
-2
-6
3703
-1149
526
1805454
-22
-3
-3
3687
-1150
522
1798272
-9
-3
6
3675
-1131
532
1799297
-9
-5
9
3676
-1109
551
1800322
-17
-6
7
3671
-1123
540
1801347
-20
-8
1
3686
-1127
529
1802372
-18
-9
-6
3704
-1127
533
1803397
-19
-12
-11
3703
-1141
537
1804422
-14
-14
-9
3695
-1153
536
1805447
-4
-16
-6
3692
-1155
529
1806472
7
-15
-1
3680
-1151
530
1807497
4
-17
-4
3736
-1140
525
1808522
9
-9
-1
3681
-1137
560
1809547
17
-15
6
3687
-1122
537
1810572
-1
-15
4
3737
-1119
513
1811597
0
-7
1
3662
-1140
541
1812622
5
-14
-2
3675
-1131
515
1813647
-2
-7
10
3654
-1117
534
1806465
-12
-13
8
3673
-1127
535
1807490
-6
-12
12
3687
-1141
500
1808515
-2
-11
6
3729
-1117
502
1809540
-13
-8
3
3726
-1127
511
1810565
-10
-9
5
3700
-1132
510
1811590
-9
-14
4
3729
-1127
512
1812615
-12
-11
7
3704
-1125
533
1813640
-13
-8
2
3684
-1132
532
1814665
-13
-3
3
3689
-1126
536
1815690
-21
0
5
3704
-1122
543
1816715
-26
1
5
3707
-1140
544
1817740
-11
1
4
3701
-1156
538
1818765
6
1
4
3709
-1139
538
1819790
12
3
8
3717
-1136
526
1820815
15
7
14
3706
-1134
525
1821840
16
11
18
3698
-1116
529
1814655
18
12
21
3691
-1112
526
1815680
10
8
18
3711
-1097
508
1816705
-2
10
9
3723
-1095
517
1817730
-1
12
10
3680
-1089
545
1818755
-17
3
2
3757
-1078
491
1819780
-35
11
7
3707
-1110
517
1820805
-31
8
-7
3687
-1126
530
1821830
-27
9
-5
3679
-1108
524
1822855
-33
5
0
3670
-1105
545
1823880
-46
2
-5
3693
-1130
530
1824905
-41
7
-8
3711
-1137
519
1825930
-34
10
-11
3712
-1131
528
1826955
-32
10
-9
3692
-1146
546
1827980
-26
5
-11
3727
-1143
534
1829005
-24
7
-7
3731
-1133
538
1830030
-25
10
-4
3704
-1144
538
1822848
-18
12
-5
3686
-1145
538
1823873
-12
12
-3
3678
-1120
549
1824898
-15
8
-3
3691
-1111
552
1825923
-18
7
-5
3679
-1131
527
1826948
-19
7
-10
3686
-1135
511
1827973
-18
6
-15
3696
-1131
514
1828998
-17
6
-16
3692
-1146
534
1830023
-18
1
-16
3697
-1147
518
1831048
-14
-1
-13
3694
-1150
518
1832073
-1
0
-9
3680
-1152
529
1833098
-3
-2
-14
3705
-1137
529
1834123
-9
1
-11
3656
-1132
563
1835148
-2
-7
-9
3702
-1139
542
1836173
0
-2
-5
3737
-1126
517
1837198
7
3
-2
3676
-1137
566
1838223
6
0
-10
3673
-1137
546
1831040
6
-2
-1
3662
-1117
548
1832065
-6
-3
7
3679
-1110
545
1833090
-13
-1
14
3696
-1121
528
1834115
-10
0
17
3708
-1095
529
1835140
-31
2
17
3695
-1095
531
1836165
-36
-2
12
3685
-1112
532
1837190
-32
-6
6
3711
-1107
518
1838215
-29
-5
2
3691
-1116
519
1839240
-25
-7
-6
3693
-1131
528
1840265
-19
-7
-6
3685
-1118
543
1841290
-25
-9
-3
3683
-1120
545
1842315
-30
-9
0
3690
-1136
541
1843340
-26
-5
2
3704
-1130
530
1844365
-28
-2
2
3695
-1125
533
1845390
-37
-2
2
3699
-1118
541
1846415
