Device = VHR-0009
time_stamp = 1777360712139
sample_rate = 50
Data format = INT16
TYPE = 6-AXIS IMU RAW DATA
-2161
-385
1303
-255
-72
2076
12797057
-1583
-70
1210
-97
-31
2455
12798082
-1480
105
1063
-184
-205
3353
12799107
-1250
191
846
-208
-505
3830
12800132
-826
260
580
-209
-354
3476
12801157
-718
381
288
-542
-640
3629
12802182
-312
303
26
-733
-302
5728
12803207
49
-6
-148
-145
844
6037
12804232
-91
-159
-273
-135
1816
5186
12805257
-513
-239
-268
-136
656
4162
12806282
-265
-222
-366
-287
-826
3695
12807307
579
-231
-575
-905
-779
3572
12808332
1101
-344
-630
-1099
633
4193
12809357
908
-452
-476
-1066
1683
4717
12810382
387
-426
-246
-742
1495
4306
12811407
203
-268
-62
-521
843
3679
12812432
429
-78
69
-355
795
3372
12805249
528
110
173
-319
781
3443
12806274
367
241
222
-347
716
3822
12807299
201
304
228
-312
472
4120
12808324
177
327
189
-267
354
4154
12809349
235
360
139
-213
481
4000
12810374
211
381
114
-296
703
4100
12811399
173
360
150
-444
699
4369
12812424
219
309
183
-455
487
4424
12813449
211
274
138
-400
570
4319
12814474
98
256
92
-425
694
4207
12815499
49
256
94
-504
665
4157
12816524
6
271
116
-570
779
4187
12817549
-151
286
139
-409
617
4231
12818574
-154
277
134
-465
761
4310
12819599
-210
261
169
-424
614
4246
12820624
-355
235
170
-359
611
4225
12813440
-406
211
194
-297
337
4200
12814465
-171
194
191
-279
246
4120
12815490
26
163
169
-390
468
4236
12816515
3
97
157
-539
646
4576
12817540
-70
6
167
-488
671
4613
12818565
-115
-50
165
-393
596
4336
12819590
-62
-72
172
-449
474
4121
12820615
15
-93
176
-567
519
4185
12821640
-48
-123
169
-658
535
4255
12822665
-151
-127
145
-637
430
4161
12823690
-162
-104
115
-624
405
4043
12824715
-81
-79
110
-615
469
4162
12825740
25
-62
124
-593
435
4218
12826765
65
-42
111
-626
488
4201
12827790
-43
-58
117
-790
685
4572
12828815
-299
-118
86
-736
568
4622
12821631
-367
-40
-1
-632
-23
3526
12822656
-117
-21
-110
-965
168
4309
12823681
84
-145
-134
-759
756
4635
12824706
67
-205
-129
-544
533
4531
12825731
262
-266
-162
-433
146
4349
12826756
414
-306
-280
-379
4
4073
12827781
510
-254
-416
-459
-19
3852
12828806
635
-142
-553
-637
201
3693
12829831
698
1
-656
-806
343
3509
12830856
919
200
-724
-868
393
3227
12831881
1378
439
-755
-877
409
2998
12832906
1928
686
-773
-946
618
2829
12833931
2342
885
-821
-925
754
2572
12834956
2634
1110
-894
-931
717
2290
12835981
3035
1416
-1002
-988
800
2079
12837006
3321
1584
-1124
-1278
1098
1967
12829824
3251
1648
-1335
-1653
1541
2135
12830849
2772
1680
-1589
-2139
2171
2829
12831874
2327
1643
-1728
-2417
2884
3522
12832899
2449
1604
-1642
-2031
2654
3005
12833924
2777
1549
-1633
-1776
1854
2063
12834949
3032
1421
-1827
-2238
2432
2039
12835974
2988
1226
-1853
-3055
4337
2750
12836999
2841
864
-1541
-3226
4202
2435
12838024
2965
609
-1383
-2728
3136
1161
12839049
3244
677
-1186
-2739
3764
603
12840074
3077
695
-856
-3245
5651
1312
12841099
2484
566
-452
-3425
5414
1718
12842124
1743
385
-294
-3029
4396
1696
12843149
1112
268
-172
-2717
3843
1483
12844174
612
245
9
-2668
3665
1310
12845199
186
231
109
-2632
3400
1173
12838017
-81
219
169
-2613
3029
1071
12839042
-183
209
194
-2587
2657
978
12840067
-182
207
161
-2677
2507
1004
12841092
-134
186
117
-2833
2642
1124
12842117
-63
125
115
-2999
2724
1187
12843142
-1
35
99
-3110
2674
1128
12844167
45
-44
66
-3116
2625
1001
12845192
70
-92
31
-3064
2675
889
12846217
100
-127
16
-3021
2791
784
12847242
158
-152
37
-3043
2829
655
12848267
201
-152
49
-3001
2735
615
12849292
217
-131
32
-2930
2715
608
12850317
249
-94
21
-2875
2804
630
12851342
270
-66
22
-2893
2827
726
12852367
288
-76
9
-2854
2725
734
12853392
348
-51
-3
-2819
2793
778
12846207
399
-27
-4
-2820
2882
791
12847232
394
-4
-9
-2777
2925
760
12848257
359
26
-26
-2838
2888
812
12849282
339
18
-44
-2880
2800
828
12850307
346
27
-68
-2885
2848
844
12851332
321
46
-79
-2877
2983
837
12852357
258
47
-99
-2842
2961
817
12853382
221
43
-122
-2822
2886
824
12854407
236
26
-138
-2809
2851
824
12855432
250
14
-167
-2782
2884
811
12856457
238
24
-190
-2754
2940
777
12857482
214
32
-221
-2755
2932
789
12858507
217
23
-251
-2808
2876
814
12859532
255
11
-299
-2821
2804
702
12860557
354
27
-332
-2781
2822
552
12861582
432
74
-355
-2810
2956
603
12854400
427
102
-388
-2893
2965
703
12855425
371
85
-448
-2907
2789
666
12856450
414
83
-499
-2866
2750
576
12857475
517
95
-518
-2906
2934
657
12858500
526
60
-530
-2941
2856
757
12859525
497
-25
-560
-2872
2639
696
12860550
541
-94
-595
-2775
2564
555
12861575
686
-100
-581
-2679
2771
533
12862600
727
-90
-536
-2572
3073
644
12863625
528
-103
-499
-2455
2906
721
12864650
283
-99
-484
-2254
2699
675
12865675
140
-67
-452
-1997
2668
589
12866700
60
-8
-413
-1648
2650
632
12867725
-19
65
-362
-1310
2657
840
12868750
-133
133
-287
-1042
2804
1229
12869775
-202
181
-161
-853
3255
1721
12862592
-36
263
63
-676
4204
1799
12863617
-16
371
449
-912
6084
1778
12864642
-589
519
893
-1840
7605
2099
12865667
-1437
705
1369
-2665
8809
2076
12866692
-2252
841
2024
-3193
9671
1688
12867717
-2640
713
2813
-3958
9174
1729
12868742
-2875
465
3271
-4187
7660
1519
12869767
-3105
216
3401
-3997
6255
854
12870792
-3112
-32
3418
-4053
5113
410
12871817
-2900
-303
3266
-3898
3809
345
12872842
-2601
-545
2910
-3396
2480
-133
12873867
-2182
-630
2396
-2836
1568
-780
12874892
-1617
-551
1777
-2230
899
-1163
12875917
-976
-381
1120
-1561
-22
-1218
12876942
-312
-185
410
-930
-638
-1087
12877967
323
17
-279
-835
-865
-1018
12870784
875
251
-919
-1082
-813
-1253
12871809
1424
492
-1338
-1264
-493
-1352
12872834
1908
678
-1513
-1454
-420
-1103
12873859
2199
757
-1634
-2092
-675
-1095
12874884
2335
674
-1881
-3192
-441
-1739
12875909
2332
538
-2158
-4519
1091
-2145
12876934
2617
436
-2181
-7471
4156
-1837
12877959
3433
265
-1966
-12532
8160
-1448
12878984
3819
-80
-1441
-13108
10864
1064
12880009
3120
-571
-1226
-9175
9615
2736
12881034
1746
-620
-1073
-6396
7836
2298
12882059
135
-544
-1123
-4661
7613
1647
12883084
-932
-625
-1454
-2943
5975
1057
12884109
-646
-670
-1684
-1101
4690
1074
12885134
226
-730
-1733
66
3795
1183
12886159
1008
-890
-1667
721
2570
973
12878976
1704
-965
-1629
1247
2326
732
12880001
2260
-983
-1409
1358
3372
1288
12881026
2238
-971
-939
1513
3301
2359
12882051
1514
-952
-474
1633
2598
2907
12883076
421
-938
47
2005
2086
2540
12884101
-595
-792
560
1995
1980
2025
12885126
-1407
-583
933
1605
1843
1611
12886151
-1924
-441
1177
1147
1647
1316
12887176
-1962
-339
1283
927
2186
916
12888201
-1579
-140
1469
337
3447
295
12889226
-1083
202
1567
-593
6170
410
12890251
-866
453
1806
-2123
10110
291
12891276
-881
499
2622
-5151
13477
-14
12892301
-940
437
3691
-8487
16582
552
12893326
-2388
370
4609
-8696
15607
360
12894351
-3170
225
5354
-7148
12701
-750
12887167
-2531
119
6181
-6416
9659
-783
12888192
-2175
236
6367
-5375
6111
-449
12889217
-2482
425
5920
-4443
3688
-189
12890242
-3212
343
5139
-3731
1875
-641
12891267
-3519
0
4337
-3219
809
-1100
12892292
-2955
-286
3580
-3320
-370
-1375
12893317
-1844
-519
2664
-3505
-2744
-2111
12894342
-446
-595
1625
-3089
-4685
-2710
12895367
605
-247
734
-3237
-5260
-2478
12896392
1224
154
-161
-3956
-5163
-1803
12897417
1361
167
-1271
-4094
-4403
-1374
12898442
890
99
-2430
-4054
-3243
-1179
12899467
823
118
-3384
-4107
-2235
-976
12900492
1151
233
-4164
-4244
-840
-178
12901517
1733
314
-4896
-5396
1732
-191
12902542
2854
430
-5389
-7232
6210
-1459
12895360
4150
346
-5566
-9233
10738
-616
12896385
5444
129
-5136
-10885
16783
1092
12897410
5297
-323
-3998
-8388
18431
1547
12898435
3094
-855
-2964
-4170
14847
1110
12899460
404
-981
-2428
-1344
11360
915
12900485
-605
-1006
-1905
-282
8004
568
12901510
70
-1317
-1286
-342
5855
443
12902535
724
-1595
-1068
1429
3626
713
12903560
1291
-1526
-1187
2698
2936
1052
12904585
1423
-1298
-790
2301
2158
1159
12905610
1170
-1131
-428
2665
1710
1465
12906635
458
-1025
-306
3124
748
1580
12907660
-227
-601
-241
2545
587
1660
12908685
-533
-369
106
2052
292
1329
12909710
-754
-10
441
2510
501
1217
12910735
-1382
276
546
1605
-136
1196
12903644
-1638
396
555
1293
137
1156
12904669
-1533
699
590
1175
1838
631
12905694
-1159
1121
398
994
5393
522
12906719
-529
1659
287
-957
11964
1203
12907744
-690
1520
1508
-5407
17084
1362
12908769
274
1070
3412
-11157
21606
2095
12909794
-991
784
4965
-9655
17979
1735
12910819
-3343
600
5532
-5811
12415
278
12911844
-4192
441
6081
-6267
8095
249
12912869
-4377
190
5787
-5946
3355
-191
12913894
-4034
25
5005
-4924
786
-591
12914919
-3400
-141
4084
-4217
-1105
-882
12915944
-2715
-407
3005
-3120
-2665
-1645
12916969
-1874
-628
1849
-2268
-3886
-2399
12917994
-689
-563
707
-2174
-4194
-2454
12919019
700
-262
-146
-2900
-4628
-1942
12911745
2161
-274
-805
-3282
-4314
-1580
12912770
2786
-406
-1421
-3146
-3142
-1674
12913795
2226
-447
-2150
-3261
-2400
-1948
12914820
1401
-409
-2940
-3209
-1900
-1963
12915845
1074
-281
-3557
-3291
-895
-1235
12916870
942
-99
-3976
-4319
1142
-418
12917895
1759
-169
-4268
-6630
4719
-910
12918920
2822
-286
-5261
-9208
9572
-1250
12919945
3673
-255
-5197
-12766
16646
556
12920970
4991
-664
-3651
-10818
18402
2781
12921995
3635
-1232
-2384
-5260
14081
2751
12923020
658
-1311
-2146
-1975
10769
1610
12924045
-1151
-1217
-2065
-1026
8244
1252
12925070
-1140
-1348
-1930
-222
4917
1232
12926095
-182
-1392
-1932
1246
3068
882
12927120
898
-1328
-1876
2248
2768
621
12919936
1507
-1182
-1784
2933
1878
832
12920961
1623
-1031
-1508
3288
1132
1654
12921986
1082
-900
-1052
3252
1387
1852
12923011
23
-771
-760
3819
1210
999
12924036
-635
-396
-295
3584
522
545
12925061
-848
-47
234
3049
238
652
12926086
-1032
196
368
2349
770
1085
12927111
-1307
406
379
1514
1194
1062
12928136
-1002
788
452
1284
3894
616
12929161
-64
1349
461
-286
10303
1445
12930186
122
1374
1417
-3885
15256
2370
12931211
-860
1169
2900
-8976
18154
2530
12932236
-903
1176
4793
-12067
18945
2524
12933261
-2760
981
5270
-7369
14530
1027
12934286
-3520
819
5904
-6485
10117
343
12935311
-3591
663
6059
-6738
5687
56
12928128
-3731
472
5432
-5864
2313
-413
12929153
-3787
276
4527
-4648
396
-893
12930178
-3256
-12
3575
-3783
-1199
-1552
12931203
-2254
-381
2612
-3098
-2765
-2437
12932228
-1021
-558
1556
-2283
-3773
-3058
12933253
118
-361
664
-2071
-4386
-2885
12934278
1326
-145
-111
-2501
-4399
-2162
12935303
1951
-129
-705
-2724
-3493
-1793
12936328
1658
-178
-1307
-2607
-2708
-1710
12937353
975
-92
-2067
-2820
-2211
-1617
12938378
860
73
-2769
-3257
-1659
-1174
12939403
1316
252
-3290
-3929
-669
-704
12940428
2095
276
-3746
-5176
2027
-1566
12941453
3071
154
-4193
-7960
7538
-1196
12942478
4050
78
-4812
-12591
13370
1182
12943503
5227
-174
-4309
-12424
17000
2376
12936319
5090
-803
-2816
-7849
16015
2103
12937344
2565
-1056
-1986
-3836
11722
1993
12938369
-201
-916
-1891
-1762
8280
1403
12939394
-1213
-958
-1802
-821
5472
1004
12940419
-807
-1081
-1816
643
3293
1066
12941444
-4
-1107
-1752
1785
2635
1131
12942469
703
-1093
-1815
2986
2067
1373
12943494
987
-989
-1640
2912
1407
1789
12944519
715
-843
-1338
3238
1334
1708
12945544
247
-588
-886
3832
1475
1227
12946569
-307
-91
-247
3281
1555
945
12947594
-978
186
255
3160
1129
1029
12948619
-1601
470
506
2827
573
995
12949644
-1786
852
632
2291
750
772
12950669
-1389
1285
586
1890
3610
1011
12951694
-742
1627
408
126
9094
1692
12944512
-577
1400
1186
-3221
15069
1054
12945537
-1092
1021
2952
-9493
20842
384
12946562
-1144
873
4563
-13954
22575
2117
12947587
-2850
379
5185
-8418
15419
975
12948612
-2911
60
6394
-7395
10913
-207
12949637
-2737
-77
6923
-7249
6490
-360
12950662
-3107
-117
6573
-6409
3049
-191
12951687
-3784
-360
5797
-5058
1506
-401
12952712
-4104
-827
4984
-3807
-30
-1265
12953737
-3742
-1202
4083
-3467
-1590
-2486
12954762
-2547
-1263
3237
-3789
-2887
-2897
12955787
-1012
-1184
2712
-3954
-4079
-2860
12956812
273
-1024
2251
-3528
-5148
-2866
12957837
698
-688
1653
-3133
-4743
-2952
12958862
458
-426
766
-3082
-3957
-2721
12959887
308
-212
-693
-3026
-3662
-2116
12952704
472
65
-2145
-2902
-3059
-1349
12953729
778
382
-3137
-3212
-2038
-550
12954754
1046
664
-3985
-3330
-148
-1
12955779
1693
970
-4990
-4057
3959
231
12956804
2722
1145
-6025
-5813
6659
614
12957829
4763
1114
-6149
-9102
11185
1510
12958854
7038
403
-5123
-10240
17658
3241
12959879
5343
-625
-4464
-6013
18557
3097
12960904
1656
-874
-3798
-3209
14936
2321
12961929
-793
-921
-3002
-2648
10538
2192
12962954
-1307
-1288
-2619
-950
7378
1563
12963979
-353
-1598
-2606
264
6319
755
12965004
794
-1710
-2487
903
5511
466
12966029
1591
-1646
-2201
1919
4285
387
12967054
2030
-1531
-1854
2817
3800
470
12968079
1808
-1144
-1422
2954
3365
693
12960896
1036
-628
-708
3170
2746
1217
12961921
6
-310
326
3769
1725
1044
12962946
-895
14
1143
4000
1042
526
12963971
-1401
287
1807
2810
434
581
12964996
-1417
45
1797
2240
-252
548
12966021
-1524
285
1805
1809
-136
172
12967046
-975
690
1583
1837
1438
-317
12968071
-132
1366
1025
1714
5399
969
12969096
51
1837
746
-550
11537
1964
12970121
-1436
1682
1548
-4198
17234
1811
12971146
-3127
1684
2722
-8841
19202
1270
12972171
-3761
1587
3615
-8406
15191
1273
12973196
-3867
1483
3763
-4572
11350
573
12974221
-3732
1470
4122
-4570
7970
-591
12975246
-3064
1442
4208
-4690
5201
-895
12976271
-2343
1499
4189
-4077
3397
-990
12969088
-1933
1585
3985
-3546
2207
-1470
12970113
-1874
1597
3513
-2931
456
-2094
12971138
-1698
1580
2845
-2204
-1217
-2527
12972163
-1344
1634
2233
-1804
-2295
-2541
12973188
-776
1745
1837
-1673
-3411
-2535
12974213
120
1872
1487
-1205
-4239
-2195
12975238
908
2032
1117
-923
-3871
-1628
12976263
1309
2104
681
-748
-3629
-1247
12977288
1454
2155
132
-394
-3163
-1030
12978313
1377
2322
-418
-378
-2106
-659
12979338
1174
2583
-926
-537
-1054
42
12980363
1185
2890
-1597
-653
275
571
12981388
1798
3334
-2646
-3014
4909
79
12982413
2173
2791
-3783
-8804
9844
-926
12983438
3992
2263
-4103
-16998
16272
-1048
12984463
6638
1622
-2851
-12351
19540
1611
12977434
4148
1257
-836
-6369
14907
1695
12978459
-386
1455
-408
-4003
10511
926
12979484
-3351
1626
-574
-2681
7089
221
12980509
-3232
1534
-232
-2033
3499
874
12981534
-1869
1260
-63
-591
1408
1851
12982559
-607
1102
-73
532
775
2202
12983584
-346
1084
-489
1218
590
2088
12984609
-828
1106
-822
1917
502
2162
12985634
-1188
1149
-876
2162
-104
2135
12986659
-1082
1352
-793
2377
-344
1648
12987684
-779
1690
-555
2972
3
1079
12988709
-986
2066
-366
3288
468
1016
12989734
-1874
2410
-417
3421
586
1002
12990759
-2644
2734
-511
3100
734
745
12991784
-2931
3041
-670
2745
2432
186
12992809
-3319
3398
-787
2044
5559
-602
12985472
-3781
3491
-757
-76
10473
-1190
12986497
-4069
3058
73
-3134
15754
-2522
12987522
-3472
2732
1356
-5883
18309
-2806
12988547
-2973
2676
2188
-6734
18690
-1763
12989572
-4023
2618
3265
-6484
15277
-1648
12990597
-4911
2295
4121
-5463
11384
-2419
12991622
-4633
1773
4553
-5055
9275
-3440
12992647
-3698
1403
4611
-4720
5943
-3826
12993672
-2612
1298
4307
-4010
3314
-3207
12994697
-2220
1404
3808
-3455
1932
-2456
12995722
-2291
1425
3193
-3028
1180
-2064
12996747
-2469
1293
2496
-2418
138
-1927
12997772
-2309
1084
1798
-1561
-889
-1912
12998797
-1351
1010
1330
-933
-1067
-1749
12999822
-94
996
1013
-885
-1110
-1608
13000847
844
1009
723
-920
-1470
-1428
12993664
1186
1107
524
-851
-1313
-961
12994689
1088
1203
439
-738
-933
-755
12995714
747
1359
386
-753
-772
-780
12996739
322
1536
184
-929
-795
-494
12997764
188
1632
-232
-1292
-786
34
12998789
650
1775
-896
-2501
730
-39
12999814
1835
1829
-1473
-4726
3447
-162
13000839
3262
1658
-2153
-7450
6239
-827
13001864
4168
1359
-2617
-10518
10394
219
13002889
4263
816
-2387
-11752
14330
2904
13003914
2307
299
-2063
-8198
12677
3207
13004939
-132
95
-1760
-5057
9294
2654
13005964
-1323
65
-1688
-3160
7196
1919
13006989
-1523
-8
-1618
-1833
5357
1248
13008014
-1170
-273
-1450
-909
3589
1196
13009039
-750
-524
-1314
540
2298
1002
13001859
-153
-538
-1248
1492
1893
612
13002884
444
-494
-1219
2186
1457
638
13003909
807
-333
-1292
2555
909
905
13004934
1039
-128
-1220
1977
931
1186
13005959
1070
20
-887
1562
1291
1155
13006984
563
199
-372
1417
1668
1221
13008009
-502
333
139
1214
2234
1539
13009034
-1803
366
537
877
2482
1375
13010059
-2353
427
776
596
3212
889
13011084
-2018
631
982
362
5520
468
13012109
-1417
808
1363
-940
9714
505
13013134
-684
633
2263
-3118
15115
288
13014159
-293
567
3605
-6990
19411
-62
13015184
-1524
749
4785
-9039
18223
-118
13016209
-3716
730
5363
-6442
12977
-1586
13017234
-4330
761
5922
-5598
9397
-1809
13010049
-4540
652
5965
-5685
5015
-1807
13011074
-4253
499
5234
-4812
1953
-2048
13012099
-3553
403
4438
-4045
167
-1822
13013124
-2910
254
3502
-2919
-1067
-1580
13014149
-2101
74
2692
-2137
-1602
-1766
13015174
-964
-58
2009
-1964
-2321
-2119
13016199
280
0
1322
-1825
-2962
-2095
13017224
1439
149
822
-2021
-2732
-1556
13018249
1969
192
447
-2103
-2383
-1048
13019274
1762
206
92
-1765
-2097
-1060
13020299
1016
261
-381
-1568
-1625
-1094
13021324
496
357
-1007
-1978
-1129
-821
13022349
615
434
-1541
-2478
-687
-168
13023374
1016
406
-2091
-2930
51
147
13024399
1811
391
-2695
-4013
3096
-124
13025424
2828
261
-3399
-6120
8045
768
13018240
3658
249
-4082
-9376
15169
2291
13019265
4574
-114
-3266
-9454
19088
3420
13020290
3883
-854
-2154
-4581
15596
3687
13021315
1330
-930
-1613
-1022
11006
3484
13022340
-1495
-669
-1521
44
7268
2223
13023365
-2080
-726
-1391
366
4199
1177
13024390
-1116
-871
-1459
1803
1623
553
13025415
546
-936
-1628
2625
217
618
13026440
1782
-992
-1654
2796
-21
1039
13027465
2063
-931
-1612
2916
-209
1206
13028490
1785
-723
-1556
2712
23
1178
13029515
1176
-456
-1227
2295
540
1281
13030540
234
-204
-736
2153
802
1416
13031565
-1057
45
-266
2247
750
1289
13032590
-2300
325
-138
2052
899
1000
13033615
-2493
659
-48
1281
2360
502
13026431
-1709
1120
400
1157
6125
212
13027456
-758
1431
1001
-662
12348
1106
13028481
-802
1121
1885
-3053
16397
1713
13029506
-1561
808
2860
-6287
19224
2036
13030531
-2342
594
4136
-8279
16854
1767
13031556
-3347
302
4722
-6053
12776
565
13032581
-3067
66
5159
-5050
8703
108
13033606
-2717
110
5236
-4969
4812
204
13034631
-2848
167
4732
-4433
1818
-72
13035656
-3080
137
3975
-3670
96
-586
13036681
-2929
9
3129
-3360
-1269
-1317
13037706
-2246
-184
2134
-3202
-2533
-2214
13038731
-1213
-213
1138
-2985
-3768
-2670
13039756
38
-40
277
-3012
-4704
-2487
13040781
1549
48
-432
-3177
-4576
-1837
13041806
2605
-70
-923
-3600
-3532
-1278
13034624
2437
-339
-1571
-3227
-2616
-1187
13035649
1582
-524
-2361
-2962
-2042
-1246
13036674
1009
-507
-3108
-2931
-1020
-1056
13037699
720
-382
-3743
-3151
136
-383
13038724
775
-408
-4286
-4107
2831
-524
13039749
1808
-624
-4712
-5995
8119
-325
13040774
3046
-730
-5218
-8834
12188
1055
13041799
4809
-607
-4479
-10443
16408
2398
13042824
5383
-1182
-2990
-6349
16865
2757
13043849
3189
-1340
-2205
-2193
12578
2054
13044874
946
-972
-1960
-1426
9482
1825
13045899
51
-954
-1646
-999
6499
1804
13046924
223
-1195
-1454
348
4916
1907
13047949
346
-1297
-1336
1366
4115
1552
13048974
291
-1083
-1222
2085
3180
1019
13049999
596
-862
-955
2605
1862
930
13042816
1070
-733
-752
2707
1027
1088
13043841
1360
-519
-494
2427
728
1412
13044866
1240
-379
-96
2209
427
1537
13045891
719
-146
418
1916
682
1332
13046916
-311
138
874
1794
742
1068
13047941
-1484
328
1040
1780
375
856
13048966
-2253
632
1036
1372
709
500
13049991
-2350
999
1084
1106
2854
8
13051016
-1182
1560
824
647
9551
896
13052041
-371
1704
1299
-2547
14337
979
13053066
-1002
1507
2231
-7678
17646
574
13054091
-40
1531
3500
-10380
18598
2886
13055116
-1566
1340
4195
-5570
13571
1751
13056141
-2957
1218
4780
-4068
10540
484
13057166
-3744
1155
5256
-4903
6387
43
13058191
-4055
923
5035
-4969
2501
-478
13051007
-3865
602
4397
-4008
631
-1004
13052032
-3319
354
3662
-3205
-699
-1751
13053057
-2477
134
2787
-2742
-2250
-2416
13054082
-1570
10
1768
-2506
-3196
-2584
13055107
-477
79
903
-2713
-3868
-2350
13056132
964
82
357
-3347
-4221
-2097
13057157
1849
-94
-173
-3197
-3673
-2007
13058182
1608
-268
-843
-2472
-2916
-1865
13059207
1050
-293
-1723
-2622
-2460
-1594
13060232
786
-265
-2515
-2935
-1704
-1186
13061257
752
-207
-3155
-3267
-467
-434
13062282
813
-241
-3771
-3985
2024
-150
13063307
1480
-212
-4322
-5990
6802
49
13064332
3375
-358
-4882
-9241
11135
1321
13065357
5300
-586
-4521
-10695
16139
2950
13066382
5705
-1215
-3462
-7082
17985
3475
13059201
3411
-1549
-2659
-2734
14029
2645
13060226
653
-1348
-2185
-1173
10074
2389
13061251
-651
-1227
-1823
-482
6663
1742
13062276
-289
-1307
-1645
302
4539
930
13063301
426
-1355
-1481
1461
3490
564
13064326
987
-1297
-1443
2482
2487
665
13065351
1476
-1147
-1499
2784
1462
982
13066376
1698
-1008
-1348
2556
754
1458
13067401
1556
-1023
-896
2331
279
1679
13068426
1132
-935
-424
2358
335
1321
13069451
739
-670
68
2336
665
1073
13070476
138
-428
544
2191
577
1178
13071501
-580
-247
751
1728
338
1184
13072526
-997
49
748
1640
766
696
13073551
-1040
618
615
1970
3500
653
13074576
-363
1335
370
369
10110
1418
13067392
-180
1451
1133
-2826
15122
555
13068417
-682
1460
2411
-8130
20241
762
13069442
-1071
1786
3886
-11771
19844
2644
13070467
-3459
1642
4161
-5886
13152
1118
13071492
-4236
1500
4905
-4770
9190
154
13072517
-4139
1430
5250
-5173
4842
-311
13073542
-3874
1189
4763
-4433
1409
-667
13074567
-3559
793
4060
-3506
-163
-1104
13075592
-3039
415
3304
-2879
-1280
-2018
13076617
-2107
73
2356
-2695
-2752
-2837
13077642
-1022
-85
1310
-2768
-3801
-2916
13078667
229
-141
485
-2788
-4448
-2560
13079692
1221
-230
-111
-2785
-3771
-2187
13080717
1388
-345
-555
-2453
-3030
-1998
13081742
1192
-420
-1060
-2367
-2549
-1818
13082767
1030
-437
-1834
-2859
-1600
-1464
13075583
962
-390
-2552
-3025
-1158
-748
13076608
981
-350
-3244
-3374
276
-94
13077633
1436
-231
-3986
-4921
4284
-243
13078658
2289
-243
-4795
-8127
8940
-96
13079683
4003
-381
-4674
-11574
13109
1622
13080708
6157
-962
-3436
-10161
17088
3448
13081733
4702
-1565
-2646
-4842
14973
2939
13082758
921
-1298
-2440
-1804
11350
2061
13083783
-1153
-960
-2020
-1297
7516
1549
13084808
-936
-893
-1706
-264
4846
1564
13085833
5
-1109
-1548
556
3624
1545
13086858
505
-1283
-1481
1600
3086
1024
13087883
575
-1163
-1591
2848
2150
683
13088908
783
-950
-1693
3255
866
1092
13089933
1047
-803
-1613
3265
318
1825
13090958
1005
-571
-1181
2942
807
1808
13083777
507
-289
-574
2724
1321
1191
13084802
-107
20
71
2593
1072
1009
13085827
-638
325
508
2181
547
1150
13086852
-1008
627
605
1671
901
1085
13087877
-1242
908
797
1362
2099
612
13088902
-871
1458
722
1000
7173
806
13089927
83
1642
1081
-1800
14230
1530
13090952
-666
1190
2249
-6511
18731
971
13091977
-787
1224
3716
-12041
20871
1733
13093002
-2101
1082
4650
-8222
15200
1523
13094027
-3608
953
5140
-4895
10863
-24
13095052
-4060
1056
5688
-5546
6672
-611
13096077
-3858
1007
5297
-5489
2803
-776
13097102
-3595
749
4471
-4412
625
-1155
13098127
-3163
500
3724
-3700
-311
-1752
13099152
-2275
268
2950
-3474
-1960
-2485
13091968
-1111
104
1904
-3138
-3498
-2714
13092993
-63
149
1003
-3033
-4093
-2447
13094018
823
253
381
-3286
-4324
-2174
13095043
1166
257
-252
-2830
-3830
-2027
13096068
871
265
-881
-2613
-3558
-2109
13097093
779
201
-1690
-2926
-2772
-2012
13098118
884
209
-2577
-3144
-1767
-1522
13099143
1062
235
-3285
-3373
-1107
-760
13100168
1398
238
-3909
-4862
2377
-395
13101193
2344
162
-4358
-7349
7908
-309
13102218
3868
-154
-4749
-11292
11849
259
13103243
6371
-688
-3885
-11947
17545
2518
13104268
5903
-1362
-2807
-7277
17166
3246
13105293
2291
-1351
-2267
-3006
12367
2265
13106318
-548
-1137
-1877
-1380
8617
1508
13107343
-1228
-989
-1439
-528
5165
1058
13100160
-579
-1057
-1465
611
3498
887
13101185
176
-1076
-1488
1639
2796
909
13102210
1089
-1114
-1434
1615
1746
710
13103235
1884
-1143
-1437
2306
1199
910
13104260
1872
-1042
-1306
2375
1033
1709
13105285
1279
-993
-984
2274
1103
1785
13106310
494
-821
-445
2777
1109
1067
13107335
-95
-465
228
2871
537
954
13108360
-591
-116
579
2455
400
1236
13109385
-1051
102
646
2018
516
1215
13110410
-1397
383
632
1785
690
659
13111435
-1348
813
507
1837
3208
574
13112460
-561
1538
295
-122
11029
1513
13113485
-196
1419
1317
-4158
16141
1393
13114510
-1220
1249
2728
-9380
20346
1766
13115535
-2058
1265
4069
-10693
17673
2442
13108352
-3585
981
4220
-4961
12949
682
13109377
-3968
940
4999
-5187
9813
-79
13110402
-3530
912
5214
-5914
5586
-206
13111427
-3037
731
4704
-4772
2631
-423
13112452
-2957
580
4095
-3477
1240
-889
13113477
-2800
453
3457
-3057
-333
-1780
13114502
-2059
226
2589
-2774
-2574
-2637
13115527
-914
138
1552
-2162
-4055
-2683
13116552
372
354
785
-2254
-4187
-2234
13117577
1584
367
272
-2587
-3867
-1786
13118602
1753
276
-321
-2232
-3203
-1786
13119627
1017
335
-849
-1914
-2659
-1842
13120652
470
377
-1446
-2263
-1830
-1552
13121677
338
432
-2108
-2532
-1335
-990
13122702
606
514
-2559
-2912
-1077
-246
13123727
1152
491
-3103
-3487
371
-207
13116586
1951
649
-3702
-5061
4440
-740
13117611
2989
719
-4269
-9875
10022
-468
13118636
4872
463
-4300
-14127
14697
1720
13119661
6081
-161
-3497
-10355
16194
2814
13120686
5206
-492
-2351
-6105
13473
2331
13121711
2129
-386
-1901
-3511
10500
2361
13122736
-939
-268
-1554
-1613
7406
2062
13123761
-1838
-309
-1239
-756
4690
1407
13124786
-1261
-375
-1188
156
3238
1208
13125811
-349
-449
-1203
993
2278
1634
13126836
249
-561
-1138
1511
1166
2358
13127861
312
-506
-1054
2470
851
3017
13128886
-149
-339
-511
3707
932
3173
13129911
-953
-10
23
4635
1219
2920
13130936
-1608
397
515
4576
835
2535
13131961
-2005
705
850
3919
580
2099
13124736
-2572
927
902
3459
1257
1545
13125761
-3294
1165
826
3162
1233
304
13126786
-3217
1807
256
2807
5742
-1
13127811
-2518
2031
124
136
11824
551
13128836
-3012
1707
803
-3250
16094
-342
13129861
-2807
1369
2217
-9139
21551
-561
13130886
-3050
1160
3576
-11094
21196
-593
13131911
-3949
883
4499
-6746
15907
-1233
13132936
-4055
758
5866
-6883
11346
-1623
13133961
-3487
680
6486
-6983
8531
-1899
13134986
-2860
508
6520
-6152
5192
-1864
13136011
-2631
320
6182
-4806
3208
-2297
13137036
-2629
174
5643
-3958
1871
-2900
13138061
-2254
67
5083
-3734
653
-3566
13139086
-1405
38
4567
-3645
-711
-3663
13140111
-352
122
4088
-3919
-1844
-3297
13132928
448
273
3634
-3869
-2782
-3162
13133953
483
648
3001
-2966
-3709
-3196
13134978
341
1104
2508
-1926
-3697
-3199
13136003
405
1603
1707
-1789
-3142
-2633
13137028
678
1963
706
-1429
-3404
-1569
13138053
1194
2311
-215
-679
-2737
-601
13139078
1560
2836
-1403
-340
-535
-370
13140103
2234
3539
-2867
-2029
3057
194
13141128
3818
3820
-4125
-4239
5299
58
13142153
5704
3785
-4567
-7747
7858
721
13143178
6533
3105
-4402
-12092
15038
3798
13144203
3445
2443
-4554
-11801
17210
4516
13145228
-492
2194
-4402
-7744
15334
3170
13146253
-1242
2034
-2856
-6080
10449
2725
13147278
-318
1769
-1907
-3809
6555
2821
13148303
743
1237
-1454
-1939
3836
3110
13141119
958
555
-1527
-841
3265
3574
13142144
-57
225
-1598
388
2005
2792
13143169
-448
222
-1652
743
582
1392
13144194
126
98
-1691
2154
286
1513
13145219
88
221
-1815
3500
659
2413
13146244
-697
496
-1626
4126
701
2556
13147269
-1424
886
-1202
3950
713
1672
13148294
-1713
1428
-859
3464
1367
1096
13149319
-1785
1645
-389
2976
2249
1133
13150344
-2441
1965
-222
2591
3931
505
13151369
-2939
2229
146
1524
5678
346
13152394
-2678
2375
366
-321
9309
858
13153419
-2454
1969
1199
-3239
13124
614
13154444
-2558
1294
2498
-6917
16778
-393
13155469
-3363
1216
3323
-8196
16539
-1128
13156494
-3454
1060
3807
-5994
14287
-1677
13149313
-2646
882
4681
-6305
13495
-2279
13150338
-2360
940
5292
-6697
11667
-2831
13151363
-2431
1036
5403
-6046
8684
-2524
13152388
-2650
992
5145
-5324
6021
-1810
13153413
-3410
801
4542
-4489
3630
-2029
13154438
-3717
465
3829
-3669
1515
-2249
13155463
-3238
177
3157
-2891
-60
-2112
13156488
-2408
3
2393
-2411
-1337
-2071
13157513
-1283
-55
1542
-2299
-2057
-2447
13158538
3
141
810
-2281
-2333
-2636
13159563
1153
484
249
-2097
-2482
-2159
13160588
1841
756
-140
-1951
-2186
-1530
13161613
1621
1080
-504
-1315
-1691
-1155
13162638
1046
1475
-793
-1173
-1958
-1121
13163663
844
1691
-1216
-1428
-1281
-805
13164688
619
2005
-1489
-1688
-544
-289
13157504
733
2130
-1825
-2368
353
383
13158529
1440
2117
-2148
-3509
1856
76
13159554
2460
1973
-2588
-5364
4746
295
13160579
3452
1761
-2848
-8470
8170
1224
13161604
3763
1588
-3033
-10280
10958
2889
13162629
2749
1196
-2696
-8100
12161
2927
13163654
877
1028
-2218
-6104
10362
1787
13164679
-371
987
-2068
-4866
8047
1384
13165704
-915
1047
-1955
-3755
6245
1488
13166729
-835
886
-1810
-2894
4807
1385
13167754
-541
533
-1603
-1688
4075
1140
13168779
-451
146
-1302
-402
3574
1193
13169804
-575
-84
-1167
620
2760
1180
13170829
-436
-148
-1136
1222
2062
1108
13171854
-88
-143
-967
1448
1842
1138
13172879
205
-93
-629
1413
1655
1371
13165695
252
-4
-295
1388
1656
1513
13166720
-31
110
56
1464
1703
1479
13167745
-635
213
449
1396
1700
1549
13168770
-1353
283
766
1036
1799
1610
13169795
-1874
407
1017
492
2284
1358
13170820
-2016
645
1404
83
3565
533
13171845
-2149
937
1775
-429
5641
330
13172870
-2107
1058
1966
-2281
9799
752
13173895
-2224
825
2569
-5305
14154
15
13174920
-2321
714
3505
-9882
17115
-674
13175945
-2240
588
4354
-10046
15381
-550
13176970
-2390
423
4996
-6862
12358
-850
13177995
-2859
440
5602
-6768
8949
-1001
13179020
-3503
463
5407
-6122
5017
-1308
13180045
-3671
421
4796
-5061
2194
-1506
13181070
-3568
337
4113
-3980
405
-1557
13173888
-3084
208
3453
-3366
-1022
-1842
13174913
-2302
75
2604
-2983
-2458
-2204
13175938
-1265
47
1610
-2382
-3786
-2464
13176963
-82
147
710
-2335
-4637
-2416
13177988
1251
205
37
-2768
-4755
-2051
13179013
2433
175
-668
-2863
-4114
-1564
13180038
2651
5
-1387
-2894
-2884
-1274
13181063
1864
-94
-2149
-2705
-1801
-1270
13182088
1050
-49
-2740
-3121
-1206
-1181
13183113
692
-12
-3148
-3731
237
-223
13184138
963
-126
-3334
-5438
2519
430
13185163
1527
-324
-3606
-7916
7249
-413
13186188
1873
-402
-4638
-10582
11629
722
13187213
3228
-372
-4695
-10040
14965
1893
13188238
4903
-719
-3453
-6885
14198
2508
13189263
4429
-959
-2511
-3842
11337
2318
13182080
2269
-927
-2207
-2460
8724
1751
13183105
586
-911
-2042
-1223
5946
1412
13184130
310
-1066
-1708
-1006
4645
1010
13185155
869
-1252
-1587
160
3920
361
13186180
1502
-1260
-1399
1957
3496
401
13187205
1709
-1054
-1224
2439
2519
873
13188230
1776
-834
-1171
2420
2000
1809
13189255
1431
-676
-787
2357
1738
2489
13190280
432
-577
-158
2638
1754
2116
13191305
-610
-423
568
2947
1571
1630
13192330
-1345
-173
1106
2408
1014
1540
13193355
-1768
52
1365
1700
802
1472
13194380
-1947
250
1489
1137
1181
917
13195405
-1708
589
1599
1127
2909
211
13196430
-1003
1118
1485
197
7926
1059
13197455
-363
1083
1893
-2917
13815
1666
13190271
-974
635
2863
-7537
18443
1296
13191296
-1537
631
4020
-11251
19007
1930
13192321
-2325
468
4452
-6409
14518
1310
13193346
-2815
370
5299
-5530
12170
477
13194371
-3266
426
5810
-6296
8106
72
13195396
-3193
368
5596
-5515
4245
47
13196421
-3244
160
5091
-4263
2025
-303
13197446
-3420
-84
4596
-3698
813
-1496
13198471
-3122
-243
3924
-3708
-863
-2521
13199496
-2292
-423
2906
-3317
-3027
-2938
13200521
-1045
-437
1871
-3167
-3954
-3162
13201546
444
-95
1250
-3748
-3964
-3173
13202571
1468
190
438
-3737
-3695
-2954
13203596
1577
260
-429
-3036
-2966
-2461
13204621
1025
465
-1303
-2959
-2150
-1749
13205646
532
665
-2207
-2939
-1755
-1097
13198464
551
835
-2880
-2869
-1241
-581
13199489
842
894
-3415
-2937
-452
21
13200514
1151
906
-4076
-3870
1952
223
13201539
1871
820
-4734
-5979
5984
497
13202564
3259
445
-5339
-8076
9535
1948
13203589
4902
64
-5019
-9134
13236
3493
13204614
4956
-526
-4576
-7534
15973
4026
13205639
2929
-840
-3929
-4751
15306
3487
13206664
973
-821
-2957
-3593
12137
2874
13207689
470
-932
-2304
-1913
8252
2126
13208714
1018
-1122
-1868
92
6091
1848
13209739
1238
-1191
-1466
622
4023
1221
13210764
1696
-1259
-1312
1589
2897
869
13211789
1939
-1167
-1229
2509
2891
889
13212814
1990
-900
-997
2431
2021
1375
13213839
1856
-781
-695
2271
1396
2075
13206656
1270
-679
-124
2042
1117
2302
13207681
344
-484
446
1868
1173
2043
13208706
-523
-294
885
1646
965
1744
13209731
-1191
-113
1185
1195
621
1532
13210756
-1773
85
1280
962
271
1434
13211781
-2172
257
1148
1230
575
1108
13212806
-2060
642
747
950
3500
1312
13213831
-1435
1245
442
-1183
8899
2165
13214856
-1544
1041
843
-4986
12038
2344
13215881
-2083
862
1511
-8221
16492
2690
13216906
-1730
703
2629
-8284
18132
3089
13217931
-2146
374
3433
-5251
15950
1827
13218956
-2435
310
4728
-5540
12420
1002
13219981
-2167
249
5682
-5530
8797
358
13221006
-2069
213
6020
-4547
5417
-17
13222031
-2664
193
5937
-3747
2940
-540
13214848
-3514
117
5597
-3500
1525
-1644
13215873
-3748
-119
5131
-3688
201
-2509
13216898
-3113
-499
4439
-3756
-1327
-3078
13217923
-1919
-732
3612
-3886
-2620
-3353
13218948
-742
-623
2816
-3714
-3170
-3137
13219973
-50
-414
2132
-3571
-2913
-2873
13220998
79
-260
1333
-3236
-2846
-2779
13222023
45
58
401
-2987
-3191
-2366
13223048
463
429
-512
-2507
-3337
-1663
13224073
1060
853
-1380
-1960
-2579
-873
13225098
1219
1314
-2461
-1054
-1524
-151
13226123
1286
1908
-3759
-1793
-209
416
13227148
2172
2274
-4893
-3544
2654
1313
13228173
4523
2236
-5150
-5373
5539
1351
13229198
6173
1593
-5334
-8159
8473
2887
13230223
5429
870
-5472
-9725
16324
5281
13223041
2935
202
-4790
-8067
18120
5398
13224066
936
-117
-3880
-4700
13383
4244
13225091
709
-35
-2880
-3012
9505
3316
13226116
1264
-24
-2335
-1706
7446
2907
13227141
1468
-90
-1865
-1179
5487
2859
13228166
974
-140
-1588
-748
4932
2859
13229191
164
-11
-1277
407
3806
2740
13230216
-413
292
-1057
1360
2626
3005
13231241
-1092
633
-954
1966
1625
3198
13232266
-1797
899
-799
2983
1137
3104
13233291
-2282
1019
-404
3867
1064
2663
13234316
-2654
1177
48
4349
1014
2113
13235341
-3031
1408
176
3914
974
1692
13236366
-3378
1484
459
3400
907
1016
13237391
-3610
1792
417
3322
2421
178
13238416
-3413
2154
158
2364
5754
720
13231231
-3108
2232
254
225
10751
610
13232256
-3760
2098
1072
-2338
13828
-382
13233281
-3694
1655
2225
-6215
17800
925
13234306
-4063
1292
3107
-7919
18157
532
13235331
-4245
1045
3732
-6247
13958
-1155
13236356
-3095
924
4518
-5316
10071
-1174
13237381
-2414
1157
4968
-5272
8141
-1046
13238406
-2585
1476
4802
-4854
6038
-1308
13239431
-3054
1682
4335
-3921
3919
-1758
13240456
-2978
1657
3943
-3174
2348
-2042
13241481
-2383
1496
3555
-2539
1124
-2203
13242506
-1707
1366
3155
-1900
312
-2422
13243531
-981
1352
2803
-1637
-150
-2132
13244556
-433
1364
2508
-1582
-292
-1609
13245581
-158
1373
2344
-1438
-368
-1436
13246606
-50
1340
2263
-1130
-445
-1488
13239424
-8
1394
2294
-576
-369
-1553
13240449
62
1541
2313
-660
-128
-1503
13241474
80
1697
2064
-650
-48
-1058
13242499
-37
1981
1569
-552
82
-465
13243524
-133
2329
848
-880
370
358
13244549
-160
2604
-300
-1525
1952
629
13245574
685
2849
-1291
-3299
4416
287
13246599
2836
2924
-1757
-5827
5898
630
13247624
5554
2651
-1574
-8135
8900
2742
13248649
5912
2065
-1600
-8220
11613
4442
13249674
2742
1715
-2038
-6629
11307
3929
13250699
-235
1588
-1892
-5130
8852
3099
13251724
-1324
1495
-1505
-3901
6536
2592
13252749
-1225
1337
-1346
-2351
4559
1964
13253774
-913
1321
-1230
-812
3235
1839
13254799
-507
1401
-1020
-873
1736
1872
13247616
246
1192
-1199
-586
1687
1622
13248641
632
991
-1089
391
1934
1181
13249666
662
967
-979
758
1521
1160
13250691
484
900
-904
1171
1125
1584
13251716
208
802
-779
1720
1360
1631
13252741
-140
728
-492
1971
1596
1368
13253766
-304
731
-218
1873
1865
1112
13254791
-445
852
152
1397
2623
771
13255816
-720
928
699
659
4302
867
13256841
-1215
850
1406
114
6136
920
13257866
-1869
848
2119
-89
8120
376
13258891
-2068
965
2836
-1550
11562
-153
13259916
-1569
706
3642
-4373
14594
301
13260941
-1182
67
4396
-7049
16399
704
13261966
-1829
-273
4969
-8012
15032
468
13262991
-2513
-689
5268
-7390
11315
162
13255807
-2302
-1167
5377
-5969
8047
-27
13256832
-1975
-1364
5316
-5308
5218
-250
13257857
-1896
-1424
4843
-4764
2909
-535
13258882
-2059
-1376
4160
-4215
1298
-899
13259907
-2095
-1235
3372
-3549
104
-1062
13260932
-1995
-1105
2574
-2830
-1160
-1161
13261957
-1656
-925
1882
-2428
-2339
-1265
13262982
-845
-720
1298
-2271
-3101
-1391
13264007
81
-515
705
-2287
-3507
-1481
13265032
475
-365
74
-2097
-3483
-1493
13266057
508
-275
-613
-1984
-3297
-1268
13267082
446
-233
-1222
-2105
-2544
-710
13268107
408
-259
-1810
-2118
-1904
-63
13269132
550
-282
-2376
-1782
-1348
539
13270157
534
-168
-3135
-1595
263
1148
13271182
724
-99
-4090
-2836
2788
1097
13264000
2644
-425
-4861
-4224
5808
1019
13265025
5257
-896
-4747
-5194
10323
1637
13266050
5488
-1513
-3941
-5809
16764
3502
13267075
2293
-1830
-3356
-4986
17975
3930
13268100
-781
-1652
-3009
-2383
13091
2586
13269125
-940
-1413
-2353
-1120
8050
1459
13270150
523
-1498
-1886
-547
5290
803
13271175
1566
-1613
-1756
-512
3918
5
13272200
2072
-1690
-1856
200
2619
-488
13273225
2384
-1560
-1941
926
1560
-448
13274250
2497
-1351
-1965
1026
1935
-47
13275275
2521
-1110
-1950
1303
1759
314
13276300
2447
-861
-1897
1418
1837
751
13277325
2171
-588
-1546
1180
2612
1158
13278350
1356
-550
-771
1077
2897
1208
13279375
362
-665
-116
899
2010
1072
13272191
98
-828
413
853
999
875
13273216
119
-739
714
687
871
873
13274241
119
-586
769
266
1268
919
13275266
296
-514
869
4
3548
1149
13276291
841
-359
975
-706
7650
1617
13277316
608
-118
1355
-3170
13852
2377
13278341
-603
-61
2291
-6811
18478
3504
13279366
-1865
-209
3431
-8104
17398
3249
13280391
-2654
-490
4061
-4964
13486
1993
13281416
-2756
-521
4606
-4711
9782
1357
13282441
-2545
-529
4737
-4946
5631
705
13283466
-2026
-523
4357
-3676
3045
244
13284491
-1797
-374
3991
-3005
1499
54
13285516
-2215
-227
3368
-2546
425
-258
13286541
-2799
-130
2500
-1948
-575
-763
13287566
-2960
-130
1606
-1675
-1464
-1250
13280383
-2398
-190
803
-1633
-2153
-1626
13281408
-1224
-245
110
-1884
-2594
-1829
13282433
-64
-294
-371
-2178
-2560
-1853
13283458
711
-390
-675
-2591
-2072
-1820
13284483
829
-502
-978
-2791
-1400
-1728
13285508
423
-534
-1336
-2968
-1217
-1624
13286533
111
-643
-1804
-3097
-1222
-1462
13287558
193
-672
-2383
-2938
-529
-766
13288583
433
-456
-3105
-3407
1656
-396
13289608
1264
-318
-3915
-5044
4937
-355
13290633
2590
-348
-5006
-6751
9232
603
13291658
4807
-458
-4671
-8833
14246
2344
13292683
5595
-804
-3934
-8154
18424
3432
13293708
3620
-956
-3214
-4119
16483
3060
13294733
607
-830
-2642
-1813
11160
2762
13295758
-990
-770
-2382
-558
7068
2107
13288576
-743
-892
-2238
398
4620
782
13289601
600
-1115
-2041
847
3514
372
13290626
1532
-1222
-1926
1563
2816
913
13291651
1822
-1308
-1767
1859
1195
1417
13292676
1604
-1421
-1640
2088
864
1494
13293701
1051
-1430
-1323
2363
1293
1250
13294726
487
-1311
-753
2774
920
1111
13295751
116
-1095
-99
3006
202
963
13296776
-283
-767
294
2900
124
941
13297801
-817
-537
597
2506
254
755
13298826
-1240
-266
828
1994
363
513
13299851
-1452
100
833
1646
789
-20
13300876
-1303
636
759
1512
3373
206
13301901
-500
1236
718
-36
8012
1190
13302926
-565
1240
1003
-2676
11758
1417
13303951
-1023
977
1762
-6708
16206
1494
13296769
-828
846
2835
-8977
18420
1789
13297794
-1260
773
3511
-6596
15056
1564
13298819
-1337
705
4520
-5556
12322
1293
13299844
-1829
728
5227
-5627
9166
839
13300869
-2438
777
5155
-4697
5566
659
13301894
-2857
753
4753
-3394
2903
469
13302919
-3168
532
4284
-2644
1277
-214
13303944
-3159
249
3702
-2294
129
-1007
13304969
-2648
149
3041
-2239
-996
-1450
13305994
-1687
73
2283
-2089
-1664
-1506
13307019
-561
-9
1580
-2202
-1784
-1553
13308044
368
-52
1028
-2443
-1906
-1723
13309069
855
0
609
-2413
-1785
-1684
13310094
881
91
267
-2278
-1679
-1471
13311119
512
131
-97
-1881
-1902
-1171
13312144
203
186
-576
-1695
-1991
-988
13304961
192
317
-1101
-1505
-1753
-660
13305986
297
527
-1809
-900
-823
111
13307011
434
782
-2789
-1492
1124
761
13308036
1264
693
-3868
-3446
4260
941
13309061
2890
402
-4490
-6204
8497
914
13310086
5266
-35
-4055
-8414
13366
1754
13311111
6133
-728
-3150
-6603
16058
3085
13312136
4040
-1234
-2398
-3456
14746
3720
13313161
573
-1266
-1980
-2664
11764
3217
13314186
-1348
-1435
-1675
-1695
7818
2308
13315211
-967
-1734
-1470
-597
4313
963
13316236
275
-2052
-1374
554
2969
-115
13317261
897
-2018
-1335
1267
2136
-650
13318286
1204
-1936
-1414
2341
825
-136
13319311
1354
-1680
-1559
3071
683
703
13320336
1129
-1234
-1511
2894
1150
1021
13313152
564
-724
-1138
2980
1091
415
13314177
54
-101
-538
3159
1022
235
13315202
-429
365
258
2861
1158
586
13316227
-924
738
769
2462
1074
867
13317252
-1234
1055
945
1786
1112
708
13318277
-1179
1470
879
1980
2316
-56
13319302
-665
2037
770
1664
5902
812
13320327
-686
2387
917
62
12233
1377
13321352
-2506
2773
1631
-2731
17922
447
13322377
-3899
3219
2779
-5360
19105
-1055
13323402
-3577
3470
3449
-5988
18213
-867
13324427
-3625
3527
4033
-4789
14686
-638
13325452
-4004
3368
4777
-3836
10574
-1482
13326477
-4258
3156
5079
-3402
7012
-2364
13327502
-3953
2829
4865
-2695
3948
-2957
13328527
-3116
2471
4488
-2172
1678
-3359
13321343
-2124
2126
4079
-1897
348
-3234
13322368
-1498
1945
3620
-1553
-226
-2986
13323393
-1110
1850
3199
-1317
-769
-2789
13324418
-835
1775
2923
-1300
-1004
-2530
13325443
-506
1710
2795
-1418
-1599
-2390
13326468
178
1600
2773
-1404
-1876
-2162
13327493
781
1509
2699
-1014
-1448
-1770
13328518
885
1498
2468
-772
-1151
-1198
13329543
628
1564
2085
-624
-1116
-740
13330568
427
1741
1600
-180
-1174
-631
13331593
522
2100
1024
637
-1044
-357
13332618
938
2616
85
1221
210
461
13333643
1774
3104
-1213
82
2919
1265
13334668
3148
3281
-2148
-2617
5871
1202
13335693
5014
2990
-2167
-6323
11602
1502
13336718
5815
2556
-1738
-8634
17592
4171
13329786
3421
2060
-1645
-5788
16345
5482
13330811
319
1853
-1417
-2805
11025
4293
13331836
-879
1790
-988
-2350
7775
2871
13332861
-989
1587
-977
-1315
4873
2139
13333886
-489
1453
-1015
-157
2354
2007
13334911
143
1436
-1195
-426
1245
1975
13335936
418
1220
-1468
-214
667
1543
13336961
648
1035
-1643
520
214
1078
13337986
968
942
-1606
817
-215
736
13339011
1260
913
-1437
1045
-243
751
13340036
1021
975
-1186
1430
81
661
13341061
204
1200
-936
1568
149
542
13342086
-848
1438
-712
1266
101
533
13343111
-1615
1546
-524
1142
-31
198
13344136
-1797
1740
-426
1295
67
-710
13345161
-1632
2084
-450
1890
977
-1143
13337728
-1338
2348
-607
1024
3673
424
13338753
-1097
2373
-606
-1236
8966
1719
13339778
-1310
2270
67
-4367
14017
1419
13340803
-1699
2116
794
-6068
15664
581
13341828
-1197
1631
1308
-4873
15312
1617
13342853
-1195
1193
1933
-3321
13863
1611
13343878
-2255
1138
2591
-3912
11907
418
13344903
-2875
1126
2939
-3826
10239
-621
13345928
-2226
1115
3257
-2891
8168
-902
13346953
-1374
1094
3588
-1935
6306
-506
13347978
-1478
1081
3691
-1241
5158
-270
13349003
-1978
968
3763
-1072
4642
-650
13350028
-2109
757
4041
-1240
4416
-1234
13351053
-1765
505
4288
-1317
3002
-1619
13352078
-1531
251
4334
-1333
1219
-1727
13353103
-1684
97
4251
-1638
-247
-1905
13345920
-1879
121
4089
-2217
-1309
-2267
13346945
-1551
111
3961
-2961
-2241
-2412
13347970
-946
88
3585
-2940
-3152
-2558
13348995
-233
310
2975
-2559
-3173
-2462
13350020
337
650
2156
-2509
-2623
-1706
13351045
482
985
1044
-2164
-2274
-105
13352070
344
1318
-564
-1382
-1106
1088
13353095
694
1759
-2166
-2111
1348
937
13354120
2384
2082
-3023
-3780
2153
846
13355145
4753
1968
-3387
-4979
4329
1938
13356170
5991
1201
-3562
-6284
8208
3850
13357195
4687
451
-4405
-6278
10536
4429
13358220
2101
156
-5085
-5427
10547
3327
13359245
141
178
-5269
-5131
9488
2317
13360270
-738
391
-5176
-3894
8507
1168
13361295
5
454
-4595
-3466
8274
1142
13354113
954
97
-3704
-2940
8599
1502
13355138
989
-185
-3168
-1252
7535
1904
13356163
301
-301
-2816
265
5157
1131
13357188
259
-365
-2311
1193
4046
135
13358213
594
-312
-1880
1586
3204
-137
13359238
1121
-327
-1404
1274
2640
906
13360263
1296
-423
-882
1487
2336
1664
13361288
873
-433
-389
1763
2111
1523
13362313
227
-305
47
2250
1817
1369
13363338
-561
-25
575
1567
1079
1299
13364363
-599
-207
1232
1342
761
1012
13365388
-977
72
1316
1164
2365
721
13366413
-1457
344
1600
616
2993
470
13367438
-1355
575
1555
-228
5271
1210
13368463
-1246
850
1609
-2011
9112
1163
13369488
-1353
813
2247
-4861
13058
1068
13362305
-1411
705
2948
-7924
16403
1256
13363330
-1926
784
3630
-8570
16263
1408
13364355
-2555
823
4367
-7079
13188
999
13365380
-2834
834
5072
-7091
10401
499
13366405
-3236
838
5196
-6294
6457
-218
13367430
-3354
896
4798
-4733
3522
-608
13368455
-3164
924
4291
-3721
1303
-1128
13369480
-2734
903
3621
-3028
-303
-1600
13370505
-2016
759
2934
-2462
-1462
-1772
13371530
-1071
588
2220
-1956
-2418
-1934
13372555
-257
672
1486
-1806
-2656
-2099
13373580
657
888
789
-1898
-3263
-1932
13374605
1554
882
268
-1882
-2995
-1295
13375630
1822
774
-91
-1733
-1972
-539
13376655
1318
753
-405
-1508
-1555
-324
13377680
568
760
-628
-1366
-1053
-169
13370495
-78
782
-967
-1605
-146
399
13371520
-414
826
-1220
-1899
571
1021
13372545
-231
936
-1487
-2109
1601
1228
13373570
730
1088
-2179
-2777
5006
1754
13374595
1710
842
-3150
-4954
8003
2925
13375620
2000
1020
-3632
-7108
10576
2612
13376645
3416
1026
-3100
-6736
12494
2818
13377670
3717
554
-2068
-4252
12374
2948
13378695
2195
450
-1427
-2404
9744
2608
13379720
135
724
-1201
-874
7274
2322
13380745
-899
898
-904
-716
4881
1719
13381770
-708
804
-713
-595
3263
1457
13382795
-379
770
-533
198
2985
1400
13383820
-272
809
-246
673
2168
1426
13384845
-428
917
-122
749
1536
1328
13385870
-664
1055
-60
785
1121
1236
13378689
-904
1177
-18
729
701
1157
13379714
-1140
1309
18
685
420
980
13380739
-1218
1421
80
748
167
734
13381764
-941
1580
124
615
760
662
13382789
-511
1748
273
139
2273
904
13383814
-78
1856
511
-546
4344
1316
13384839
81
1864
700
-1285
5659
1327
13385864
-497
1830
695
-1648
6350
248
13386889
-992
1738
931
-2820
8692
75
13387914
-901
1304
1467
-4287
9341
1056
13388939
-1441
921
1592
-4468
7955
910
13389964
-2482
732
1679
-3551
6737
-33
13390989
-3153
707
1896
-2730
5722
-525
13392014
-3287
701
1998
-2272
4843
-638
13393039
-2996
665
2038
-1965
4270
-640
13394064
-2375
669
2069
-1924
3704
-631
13386881
-1709
766
2069
-1827
3480
-460
13387906
-1215
957
2121
-1690
3190
-187
13388931
-997
1156
2151
-1492
3287
-34
13389956
-1167
1347
2163
-1254
3353
23
13390981
-1542
1505
2150
-1118
3285
248
13392006
-1798
1581
2130
-1173
3063
643
13393031
-1769
1559
2060
-1164
2733
947
13394056
-1633
1533
1976
-1043
2693
911
13395081
-1490
1540
1889
-1027
3166
1173
13396106
-1416
1506
1858
-1024
3168
1547
13397131
-1564
1474
1772
-849
2829
1878
13398156
-1795
1417
1681
-824
2471
2248
13399181
-2005
1332
1618
-691
2783
2633
13400206
-2383
1232
1517
-517
3249
3098
13401231
-2609
1068
1482
-632
2742
3584
13402256
-2286
885
1451
-769
2331
3654
13395072
-1729
728
1497
-627
2089
3441
13396097
-1257
650
1665
-423
1742
3416
13397122
-1156
604
1729
-333
1454
3750
13398147
-1261
543
1679
-218
1128
3895
13399172
-1323
527
1658
-6
843
3445
13400197
-1170
540
1666
162
833
3028
13401222
-764
483
1649
252
1213
3363
13402247
-286
463
1569
207
1574
3875
13403272
-209
507
1422
-62
2087
3985
13404297
-624
556
1300
-419
2444
3694
13405322
-1162
526
1222
-673
2282
3746
13406347
-1419
435
1144
-782
1784
3989
13407372
-1237
298
1027
-792
1223
3908
13408397
-816
254
933
-801
1372
3965
13409422
-619
252
775
-992
1475
4248
13410447
-504
182
618
-911
1085
4432
13403264
-220
110
486
-736
919
4394
13404289
-12
65
350
-590
1118
4202
13405314
2
43
195
-581
1246
4148
13406339
-28
-2
94
-524
1261
4279
13407364
-97
-53
26
-374
1106
4301
13408389
-164
-70
-16
-219
1100
4251
13409414
-257
-61
-41
-107
1203
4072
13410439
-283
-44
-44
-109
1217
3940
13411464
-268
-26
-29
-140
1203
3955
13412489
-302
-27
4
-122
1295
4061
13413514
-381
-28
52
-37
1239
4103
13414539
-423
-2
94
19
1121
3986
13415564
-422
30
117
4
911
3949
13416589
-363
28
121
-23
853
4136
13417614
-333
-1
120
15
954
4296
13418639
-362
-23
126
59
855
4220
13411456
-342
-47
138
12
797
4232
13412481
-323
-80
143
14
819
4260
13413506
-335
-99
156
87
865
4188
13414531
-350
-71
184
82
866
3989
13415556
-314
-46
215
-27
740
4027
13416581
-261
-58
236
-70
703
4200
13417606
-287
-65
243
-51
682
4183
13418631
-303
-63
247
3
585
4037
13419656
-245
-44
250
-24
524
3948
13420681
-147
-14
244
-85
421
4029
13421706
-77
-11
220
-103
460
4241
13422731
-91
-16
176
-10
458
4294
13423756
-113
-6
122
62
407
4237
13424781
-74
-6
67
84
370
4262
13425806
-39
-42
9
48
399
4239
13426831
-53
-73
-35
51
467
4177
13419648
-65
-80
-52
158
547
4233
13420673
-58
-78
-26
237
604
4256
13421698
-39
-72
-12
228
472
4107
13422723
40
-77
2
138
463
4091
13423748
42
-104
28
11
705
4285
13424773
-57
-116
100
57
779
4356
13425798
-144
-88
160
133
560
4230
13426823
-141
-64
190
88
460
4208
13427848
-144
-46
201
46
474
4309
13428873
-217
-40
173
-2
575
4266
13429898
-251
15
128
-34
-85
3699
13430923
61
61
-29
-305
-160
3949
13431948
278
51
-204
-257
682
4325
13432973
19
-12
-331
-321
794
4634
13433998
-309
-153
-381
-175
806
4689
13435023
-556
-243
-410
-90
287
4350
13427840
-531
-230
-483
-102
-213
4020
13428865
-291
-186
-606
-157
-240
3941
13429890
-70
-127
-729
-204
66
3927
13430915
35
-36
-769
-176
473
3916
13431940
43
100
-730
0
598
3831
13432965
101
242
-647
121
562
3844
13433990
272
327
-560
54
591
4077
13435015
407
342
-467
-33
723
4130
13436040
305
346
-390
99
741
4152
13437065
80
340
-302
152
734
4262
13438090
45
316
-215
154
595
4341
13439115
128
303
-138
113
475
4431
13440140
147
285
-117
68
259
4356
13441165
92
254
-122
87
453
4225
13442190
-79
236
-71
85
710
4320
13443215
-125
194
-12
61
607
4445
13436032
-24
143
-3
78
648
4451
13437057
39
102
7
138
623
4289
13438082
105
61
19
62
466
4237
13439107
144
0
40
-113
595
4369
13440132
6
-65
70
-136
861
4447
13441157
-184
-93
106
-67
705
4253
13442182
-182
-106
122
-101
401
4101
13443207
-39
-102
104
-156
301
4122
13444232
51
-88
80
-200
291
4193
13445257
48
-84
54
-182
395
4188
13446282
4
-77
26
-175
515
4171
13447307
1
-69
27
-212
467
4256
13448332
37
-62
31
-202
411
4279
13449357
27
-44
8
-118
332
4128
13450382
2
-35
-13
-156
415
4153
13451407
-21
-30
10
-162
560
4305
13444224
-80
-13
56
-128
570
4347
13445249
-138
-5
87
-131
594
4276
13446274
-181
1
112
-119
593
4213
13447299
-162
10
133
-142
465
4214
13448324
-111
6
126
-133
354
4179
13449349
-95
3
92
-99
303
4137
13450374
-84
13
47
-98
313
4176
13451399
-76
14
11
-127
372
4280
13452424
-32
-24
9
-134
462
4369
13453449
-53
-46
24
-80
461
4296
13454474
-106
-44
23
-83
349
4166
13455499
-93
-41
18
-123
447
4148
13456524
-59
-27
49
-124
492
4163
13457549
-22
-10
87
-140
476
4235
13458574
-7
-11
107
-148
470
4278
13459599
-55
-12
113
-150
446
4284
13452416
-93
-14
117
-142
349
4256
13453441
-86
-17
102
-126
297
4203
13454466
-60
-17
77
-132
368
4191
13455491
-36
-18
61
-140
388
4221
13456516
-6
-19
47
-148
310
4192
13457541
7
-27
31
-114
387
4150
13458566
-1
-27
32
-65
456
4136
13459591
31
-26
44
-61
409
4158
13460616
87
-26
54
-54
341
4170
13461641
111
-22
60
-38
325
4186
13462666
109
-27
65
-4
370
4311
13463691
74
-45
70
32
417
4436
13464716
11
-71
85
74
325
4410
13465741
-72
-95
71
97
199
4289
13466766
-170
-107
-9
87
163
4137
13467791
-131
-94
-132
-87
171
4288
13460607
-127
-114
-262
37
762
4396
13461632
-450
-31
-300
146
524
4120
13462657
-324
-21
-355
-74
-142
4244
13463682
185
-166
-412
-192
-418
4401
13464707
576
-255
-551
-302
-185
4660
13465732
537
-414
-641
-450
1498
4837
13466757
-89
-485
-455
-273
1500
4498
13467782
-355
-415
-207
-148
752
4064
13468807
-210
-314
-85
-48
458
3734
13469832
-161
-178
-38
14
451
3545
13470857
-194
-15
-22
-6
423
3505
13471882
-89
119
22
21
207
3563
13472907
120
224
58
82
97
3788
13473932
249
293
35
28
232
4132
13474957
245
311
-6
-5
321
4331
13475982
209
333
-42
73
377
4181
13468939
169
363
-69
12
427
4087
13469964
104
313
-91
-133
549
4426
13470989
45
232
-72
-176
682
4625
13472014
3
204
-59
-73
463
4432
13473039
-4
185
-63
-89
481
4344
13474064
-68
189
-89
-124
536
4297
13475089
-246
214
-134
-182
556
4306
13476114
-282
181
-111
-229
467
4371
13477139
-121
143
-101
-181
345
4353
13478164
25
128
-108
-116
274
4273
13479189
35
112
-143
-95
375
4259
13480214
-32
101
-166
-10
456
4281
13481239
-39
80
-155
38
422
4267
13482264
75
43
-114
-1
398
4294
13483289
158
9
-74
-67
480
4323
13484314
71
-10
-45
-56
518
4288
13476992
-57
-25
-17
-118
492
4221
13478017
-59
-34
29
-196
471
4229
13479042
-23
-31
68
-248
416
4294
13480067
-72
-20
76
-290
285
4343
13481092
-133
15
53
-266
181
4110
13482117
-55
153
-57
-347
-275
3442
13483142
254
58
-169
-733
956
4992
13484167
-25
-114
-98
-384
1343
5189
13485192
-482
-227
-14
-276
681
4990
13486217
-404
-358
60
18
306
4548
13487242
-364
-401
66
181
-49
3889
13488267
-365
-330
42
35
-234
3743
13489292
-253
-264
20
-7
-145
3797
13490317
-88
-159
-1
99
-177
3623
13491342
94
-34
-36
47
-184
3618
13492367
292
-2
-55
-59
77
4004
13485183
358
-5
-50
-62
377
4370
13486208
249
-17
-29
-35
525
4495
13487233
131
-57
5
-3
538
4478
13488258
50
-96
27
15
494
4423
13489283
37
-130
44
72
396
4407
13490308
79
-175
50
121
399
4438
13491333
94
-231
61
168
394
4297
13492358
82
-246
90
287
378
4147
13493383
127
-250
156
380
516
4368
13494408
200
-294
282
418
656
4613
13495433
137
-340
411
463
512
4461
13496458
20
-334
532
492
278
4108
13497483
30
-290
643
549
350
4101
13498508
61
-282
766
508
471
4390
13499533
-25
-300
851
453
463
4350
13500558
-161
-273
896
367
317
4214
13493376
-182
-241
935
330
297
4194
13494401
-219
-173
928
452
284
4078
13495426
-250
-98
848
269
268
4110
13496451
-241
-97
883
171
-20
4162
13497476
-204
-56
719
345
44
4273
13498501
-179
-43
710
310
225
4182
13499526
-153
-30
778
552
153
4248
13500551
-130
-44
717
411
169
4449
13501576
-127
-89
749
592
72
4421
13502601
-128
-110
765
916
90
4345
13503626
-154
-143
739
689
267
4346
13504651
-286
-183
642
873
-162
4283
13505676
-353
-171
418
-56
-4
4311
13506701
-293
-241
589
293
69
4095
13507726
-162
-225
579
278
146
4021
13508751
-44
-218
519
107
171
4022
13501568
-125
-195
455
-78
278
4024
13502593
-243
-128
441
21
270
3819
13503618
-180
15
411
232
153
3512
13504643
17
152
350
-124
113
3861
13505668
82
166
349
-450
287
4155
13506693
-110
197
259
-798
-117
4085
13507718
94
233
171
-480
-378
4224
13508743
244
174
51
-178
82
4279
13509768
-14
162
-89
-19
-189
4261
13510793
-156
121
-274
102
-911
4629
13511818
46
-21
-493
-32
-589
4872
13512843
68
-142
-634
-92
-293
4682
13513868
-63
-172
-721
-94
-258
4324
13514893
-79
-135
-780
-91
-69
4118
13515918
2
-60
-795
33
79
4022
13516943
114
41
-802
96
204
3975
13509760
212
156
-788
79
393
3870
13510785
246
262
-770
146
591
3819
13511810
196
361
-717
336
625
3848
13512835
244
469
-657
548
476
3872
13513860
409
525
-627
491
567
3920
13514885
461
525
-529
517
745
3888
13515910
398
549
-450
491
556
3971
13516935
379
543
-402
368
282
4153
13517960
433
502
-402
306
415
4244
13518985
399
472
-379
336
423
4192
13520010
382
473
-351
381
232
4102
13521035
441
453
-355
370
145
4300
13522060
522
399
-407
382
62
4602
13523085
659
325
-430
434
131
4759
13524110
686
228
-410
412
430
4869
13525135
506
128
-347
342
674
4917
13517952
268
22
-241
249
650
4818
13518977
50
-76
-133
208
567
4640
13520002
-119
-140
-57
260
613
4432
13521027
-224
-169
15
243
735
4383
13522052
-314
-195
83
134
761
4359
13523077
-395
-220
134
58
614
4212
13524102
-419
-238
150
14
434
4175
13525127
-388
-229
130
-76
403
4219
13526152
-402
-215
79
-219
387
4251
13527177
-413
-177
33
-202
346
3947
13528202
-211
8
41
-404
3
2863
13529227
364
62
-21
-763
168
4228
13530252
423
17
-35
-245
1110
4919
13531277
-211
-9
-41
-141
573
4336
13532302
-293
-22
-48
-62
53
4197
13533327
-83
-59
-29
-11
419
4548
13526145
-224
-84
-23
-11
536
4727
13527170
-461
-74
4
100
397
4459
13528195
-472
-12
63
174
135
3969
13529220
-261
31
130
102
303
3713
13530245
-107
79
174
0
483
3737
13531270
-49
136
194
-191
274
3922
13532295
26
178
162
-343
-9
4101
13533320
82
203
29
-420
-259
4187
13534345
103
202
-119
-526
-279
4273
13535370
74
176
-258
-643
-286
4429
13536395
-36
181
-299
-714
-154
4387
13537420
-175
262
-350
-202
-76
4091
13538445
-244
331
-478
0
61
4043
13539470
-181
363
-555
146
-105
4128
13540495
56
378
-713
105
191
4207
13541520
116
326
-698
-25
757
4512
13534336
-5
219
-536
63
921
4720
13535361
-69
113
-369
290
880
4698
13536386
-71
-6
-215
294
730
4645
13537411
-42
-117
-86
212
578
4359
13538436
-104
-171
-5
66
456
4197
13539461
-202
-229
35
-119
333
4228
13540486
-257
-286
46
-271
310
4397
13541511
-279
-295
63
-285
591
4413
13542536
-323
-157
108
-208
570
3195
13543561
-86
70
48
-1013
-732
3419
13544586
690
19
-76
-949
25
4900
13545611
530
-176
-193
-623
851
5033
13546636
-144
-326
-206
-455
238
4753
13547661
-223
-418
-210
-170
120
4619
13548686
-140
-441
-214
-102
151
4381
13549711
-164
-374
-209
-28
-1
4052
13542528
-174
-248
-200
57
5
3750
13543553
-94
-94
-184
82
-81
3570
13544578
76
44
-160
165
-33
3442
13545603
241
164
-114
146
121
3630
13546628
367
258
-52
42
291
4046
13547653
395
278
10
-9
500
4431
13548678
321
235
81
128
668
4615
13549703
243
184
180
250
633
4586
13550728
201
119
279
220
457
4493
13551753
149
42
352
147
377
4587
13552778
47
-26
407
166
364
4686
13553803
-105
-72
458
321
218
4479
13554828
-167
-111
486
362
11
4179
13555853
-116
-135
497
310
114
4143
13556878
-107
-140
472
219
142
4228
13557903
-71
-125
419
221
3
4163
13550720
27
-105
333
313
-19
4082
13551745
114
-102
265
324
212
4084
13552770
75
-110
234
103
443
4310
13553795
-20
-143
239
-100
598
4421
13554820
-116
-164
279
-249
610
4412
13555845
-183
-143
333
-282
439
4155
13556870
-176
-98
347
-400
292
4044
13557895
-101
-60
361
-496
297
4093
13558920
-83
-17
385
-593
264
4199
13559945
-92
34
388
-483
133
4207
13560970
-87
101
303
-254
-10
4077
13561995
3
156
229
-129
-30
4175
13563020
70
181
193
-64
68
4307
13564045
33
182
146
11
142
4307
13565070
1
163
115
94
229
4356
13566095
