Device = VHR-0009
time_stamp = 1777443434085
sample_rate = 50
Data format = INT16
TYPE = 6-AXIS IMU RAW DATA
-1
-2
-11
3765
-684
687
787584
1
0
-6
3796
-687
671
788609
1
-1
-4
3758
-677
697
789634
-6
-2
0
3723
-649
706
790659
-25
-4
7
3773
-683
676
791684
-15
-1
6
3813
-699
684
792709
0
1
-1
3781
-656
700
793734
-8
-1
-2
3721
-664
713
794759
-18
-4
5
3705
-684
718
795784
-10
-3
3
3742
-703
691
796809
12
1
-2
3761
-679
685
797834
3
1
0
3771
-642
709
798859
-22
0
4
3776
-660
707
799884
-26
-1
8
3773
-679
683
800909
-19
-2
10
3771
-664
675
801934
-17
-3
11
3757
-655
675
802959
-21
-6
11
3731
-657
698
795776
-21
-10
7
3754
-668
701
796801
-11
-9
-1
3761
-658
696
797826
-15
-11
-5
3757
-651
696
798851
-29
-13
0
3772
-660
711
799876
-32
-11
6
3746
-665
730
800901
-23
-11
8
3721
-679
717
801926
-11
-10
5
3734
-679
708
802951
-1
-10
-3
3785
-684
707
803976
9
-8
-11
3803
-663
726
805001
5
-7
-9
3781
-648
724
806026
-8
-7
4
3761
-663
716
807051
-12
-4
15
3765
-662
710
808076
-13
-2
16
3758
-662
701
809101
-16
-1
11
3754
-663
698
810126
-14
1
9
3769
-670
692
811151
-6
2
7
3758
-661
692
803968
-3
-1
8
3744
-651
689
804993
-3
-4
10
3737
-653
691
806018
-2
-7
8
3747
-666
673
807043
7
-8
3
3763
-671
666
808068
13
-8
0
3791
-651
674
809093
4
-8
3
3791
-638
669
810118
-9
-12
11
3738
-663
677
811143
-5
-16
16
3701
-654
701
812168
1
-18
17
3735
-650
671
813193
9
-18
10
3811
-665
663
814218
14
-14
-3
3810
-641
689
815243
4
-16
-6
3769
-635
710
816268
-4
-18
6
3731
-652
722
817293
4
-18
16
3740
-675
706
818318
21
-13
11
3770
-662
683
819343
9
-8
6
3785
-647
689
812160
-16
-6
6
3793
-650
710
813185
-19
-4
11
3798
-668
697
814210
-1
-5
18
3785
-666
696
815235
8
-6
18
3765
-664
703
816260
1
-6
12
3742
-659
707
817285
-13
-4
10
3752
-660
693
818310
-15
1
9
3776
-679
684
819335
-1
4
8
3773
-676
680
820360
4
3
5
3779
-664
685
821385
-1
-1
6
3759
-661
687
822410
-7
-3
7
3758
-676
684
823435
-1
-1
6
3751
-684
665
824460
2
3
6
3754
-673
667
825485
-4
4
3
3782
-671
667
826510
-4
1
-1
3796
-672
680
827535
0
-2
-1
3770
-672
678
820352
1
-4
1
3757
-684
675
821377
3
-2
-1
3740
-688
684
822402
0
1
-5
3738
-689
688
823427
3
3
-6
3763
-696
682
824452
12
3
-4
3778
-696
686
825477
17
2
0
3791
-684
698
826502
9
3
6
3774
-678
697
827527
-5
4
12
3738
-690
690
828552
-5
9
10
3741
-702
681
829577
7
13
4
3767
-690
678
830602
11
14
0
3773
-681
683
831627
8
11
2
3759
-672
683
832652
2
7
5
3753
-682
675
833677
2
1
4
3760
-705
678
834702
21
-1
0
3741
-684
694
835727
21
1
1
3751
-647
686
828544
-1
3
7
3791
-672
679
829569
-5
2
3
3777
-684
692
830594
2
-2
-6
3758
-687
699
831619
14
-8
-7
3731
-683
723
832644
15
-9
-3
3710
-682
719
833669
17
-5
-2
3729
-697
691
834694
21
0
-3
3759
-690
699
835719
16
0
-4
3772
-696
719
836744
22
-2
0
3771
-688
721
837769
23
-5
9
3758
-684
716
838794
16
-4
16
3758
-691
701
839819
10
-1
18
3740
-682
702
840844
5
1
21
3741
-678
713
841869
10
4
24
3761
-685
715
842894
15
6
23
3777
-659
705
843919
6
2
19
3792
-662
696
836735
-3
-2
19
3776
-653
707
837760
-4
-2
22
3745
-658
721
838785
0
1
23
3747
-652
718
839810
0
3
19
3752
-661
714
840835
0
3
9
3785
-669
710
841860
17
5
0
3779
-659
726
842885
24
4
-3
3753
-651
729
843910
24
6
-3
3753
-665
723
844935
20
9
-3
3767
-668
739
845960
16
13
-3
3773
-661
742
846985
14
16
0
3749
-652
737
848010
8
16
1
3742
-661
747
849035
3
16
-2
3762
-675
730
850060
4
16
-10
3763
-676
717
851085
9
17
-12
3757
-674
712
852110
12
16
-9
3750
-683
725
844928
9
12
-7
3750
-672
722
845953
1
8
-8
3757
-678
704
846978
3
5
-9
3757
-705
694
848003
23
2
-10
3726
-700
726
849028
30
0
-7
3728
-659
723
850053
13
-1
-2
3801
-681
705
851078
15
-1
-4
3799
-708
708
852103
23
0
-7
3751
-683
733
853128
13
-1
1
3731
-685
746
854153
6
-1
13
3719
-687
753
855178
11
2
19
3728
-681
730
856203
13
5
22
3737
-663
726
857228
-1
3
23
3741
-651
734
858253
-6
1
19
3779
-657
733
859278
-5
-2
18
3758
-634
725
860303
-16
-6
26
3738
-642
725
853121
-17
-6
31
3725
-640
734
854146
-20
-6
29
3735
-622
732
855171
-26
-8
21
3756
-641
724
856196
-26
-9
11
3749
-627
727
857221
-36
-11
5
3745
-632
729
858246
-47
-14
5
3749
-641
733
859271
-40
-16
0
3743
-666
727
860296
-21
-16
-10
3727
-661
727
861321
-26
-18
-15
3752
-659
726
862346
-38
-19
-12
3792
-677
740
863371
-37
-19
-7
3788
-691
749
864396
-28
-22
-1
3774
-698
760
865421
-20
-21
2
3765
-686
768
866446
-26
-17
3
3760
-690
765
867471
-31
-9
4
3755
-699
750
868496
-25
-3
3
3747
-702
749
861313
-10
-1
-3
3757
-707
752
862338
8
-2
-10
3764
-695
758
863363
3
-1
-7
3753
-700
741
864388
-12
1
2
3761
-718
715
865413
-6
5
7
3759
-728
718
866438
8
5
6
3756
-712
717
867463
20
0
6
3721
-691
730
868488
11
-5
13
3741
-662
710
869513
-9
-8
23
3801
-714
675
870538
5
-7
21
3789
-705
682
871563
16
-9
13
3752
-665
705
872588
4
-16
15
3730
-664
710
873613
-2
-21
17
3734
-673
709
874638
12
-22
9
3750
-682
685
875663
32
-22
-1
3751
-662
691
876688
34
-25
-11
3735
-648
729
869504
23
-28
-21
3738
-649
736
870529
13
-30
-19
3752
-670
725
871554
14
-27
-10
3768
-686
718
872579
15
-23
-3
3726
-656
727
873604
-1
-24
-3
3715
-661
728
874629
-5
-28
-8
3718
-682
724
875654
10
-29
-14
3731
-674
714
876679
13
-30
-21
3749
-659
717
877704
4
-32
-21
3773
-667
716
878729
6
-33
-26
3776
-701
711
879754
28
-35
-39
3750
-699
700
880779
39
-41
-52
3738
-705
703
881804
42
-46
-59
3746
-714
694
882829
38
-51
-63
3750
-725
706
883854
43
-54
-65
3728
-725
703
884879
54
-58
-69
3709
-743
685
877696
79
-62
-81
3736
-758
687
878721
114
-66
-103
3770
-753
697
879746
134
-71
-120
3757
-737
689
880771
134
-78
-127
3753
-742
684
881796
144
-83
-130
3753
-752
697
882821
164
-87
-140
3747
-733
700
883846
178
-88
-155
3736
-718
684
884871
180
-88
-169
3729
-727
675
885896
196
-91
-181
3724
-738
699
886921
220
-93
-192
3727
-715
711
887946
225
-96
-196
3827
-717
702
888971
223
-91
-198
3873
-708
704
889996
206
-86
-190
3842
-703
713
891021
188
-81
-168
3786
-683
749
892046
173
-76
-142
3804
-834
687
893071
260
-73
-104
3887
-1034
591
885887
406
-63
-52
3893
-997
700
886912
500
-58
0
3674
-1214
690
887937
658
-51
79
3537
-1433
588
888962
744
-58
205
3564
-1665
447
889987
930
-56
342
3387
-2100
449
891012
1308
-32
436
3061
-2275
492
892037
1582
-34
494
3117
-2197
481
893062
1655
-56
622
3493
-2266
364
894087
1794
-56
759
3825
-2337
276
895112
1942
-57
860
4017
-2165
318
896137
1863
-81
965
4134
-1926
434
897162
1585
-142
1075
4117
-1851
582
898187
1380
-211
1157
4046
-1930
645
899212
1376
-251
1223
3964
-2038
564
900237
1541
-264
1281
3800
-1990
553
901262
1712
-270
1324
3609
-1852
704
894080
1797
-290
1356
3473
-1669
848
895105
1757
-325
1351
3428
-1537
940
896130
1693
-352
1293
3287
-1538
966
897155
1675
-383
1204
3144
-1476
962
898180
1675
-425
1082
3079
-1393
969
899205
1696
-461
919
3040
-1329
974
900230
1699
-479
719
3088
-1292
970
901255
1744
-500
508
3068
-1212
1027
902280
1773
-533
292
3040
-903
972
903305
1633
-457
-21
2754
-289
777
904330
1557
-439
-458
2349
0
399
905355
1468
-576
-828
2345
73
51
906380
1108
-739
-1256
2270
1224
-349
907405
635
-894
-1810
2167
1578
-539
908430
451
-1038
-2099
2988
831
-760
909455
219
-1010
-2229
3235
1545
-1264
902272
-580
-1059
-2455
3806
2055
-1784
903297
-1338
-1186
-2504
4299
1618
-1908
904322
-1766
-1245
-2446
5032
1751
-1681
905347
-2348
-1178
-2370
6000
2015
-1910
906372
-2959
-1101
-2193
6644
2149
-2170
907397
-3519
-1119
-2088
7357
2025
-1896
908422
-4014
-1318
-1921
7659
1261
-1588
909447
-4115
-1471
-1579
7960
235
-983
910472
-3763
-1326
-964
8603
-326
-305
911497
-3371
-996
-297
8166
121
108
912522
-3248
-810
249
7353
-649
-20
913547
-3142
-635
789
7384
-1770
64
914572
-3096
-429
1110
6892
-2015
421
915597
-3195
-297
1193
5730
-2849
214
916622
-2972
-235
1220
4619
-3360
183
917647
-2536
-159
1244
4092
-3159
625
910464
-2328
45
1386
3406
-3060
1195
911489
-2277
225
1501
2429
-3170
1216
912514
-2190
281
1575
1338
-3026
1070
913539
-2041
224
1604
518
-2962
1318
914564
-1811
214
1773
-82
-3202
2029
915589
-1251
354
2114
-370
-3171
2416
916614
-175
621
2470
-440
-2947
2108
917639
880
934
2799
-560
-2625
1758
918664
1197
1098
3094
-297
-2493
1582
919689
894
1107
3381
-31
-1797
1685
920714
541
989
3585
-186
-1789
1362
921739
241
833
3802
548
-3146
650
922764
-51
545
3984
2101
-4945
275
923789
333
257
3850
3413
-6638
360
924814
1181
21
3586
4828
-7253
470
925839
1579
-249
3614
6729
-7089
449
918656
1976
-388
3508
7317
-6757
459
919681
2440
-557
3263
6710
-6359
509
920706
2683
-806
2904
5863
-5349
650
921731
2605
-1103
2495
5212
-4567
883
922756
2459
-1314
2011
4883
-3950
863
923781
2300
-1489
1488
3908
-3199
666
924806
1963
-1608
932
2817
-2077
399
925831
1641
-1506
178
1627
-615
19
926856
1619
-1583
-546
853
-54
-339
927881
1441
-1794
-1138
500
558
-216
928906
869
-1873
-1765
-150
2071
-192
929931
193
-1927
-2376
-218
2289
-28
930956
-294
-1986
-2669
812
1084
24
931981
-63
-1814
-2783
1162
648
-437
933006
403
-1675
-2913
947
1295
-874
934031
549
-1672
-3119
1976
1939
-765
926848
506
-1504
-3214
3097
2259
-656
927873
87
-1386
-3091
3878
1731
-368
928898
-523
-1257
-3062
6429
894
-493
929923
-1002
-759
-3178
8992
1374
-1249
930948
-1833
-742
-3269
10036
1618
-1550
931973
-3381
-1053
-3198
10953
-938
-1073
932998
-4076
-903
-2459
11568
-2941
-341
934023
-3296
-473
-1296
10169
-1304
-349
935048
-3198
-368
-470
8788
-2018
-927
936073
-3783
-469
-101
7586
-3573
-880
937098
-4303
-511
78
6108
-3794
-1057
938123
-4154
-432
262
4436
-4222
-1008
939148
-3322
-241
509
2672
-4225
-336
940173
-2662
-55
687
1292
-4034
245
941198
-2346
3
780
267
-4233
561
942223
-2121
27
872
-634
-4386
1259
935040
-1523
202
1227
-1274
-5021
1486
936065
-277
490
1579
-1320
-4537
1246
937090
1092
747
1679
-1034
-2630
2107
938115
970
847
1752
-1226
-2471
2923
939140
167
848
1821
-1638
-2436
2817
940165
-386
790
1877
-1199
-2166
2196
941190
-378
677
1929
503
-2717
1395
942215
14
736
1823
3583
-3512
535
943240
326
820
1603
7389
-4221
-165
944265
296
606
1420
12469
-3474
-801
945290
187
165
1246
14144
-1874
-1321
946315
948
177
2117
9324
-1321
-1157
947340
1328
-1
2663
9052
-1852
-1086
948365
1547
-216
2445
7674
-2467
-515
949390
1487
-291
2005
6791
-1596
-176
950415
1284
-189
1599
5945
-1155
-426
943233
1061
-58
1187
4295
-966
-610
944258
594
-109
651
2986
-724
-508
945283
50
-246
-36
2331
-458
-290
946308
-388
-332
-688
1805
-261
44
947333
-573
-346
-1189
1097
-31
309
948358
-618
-325
-1420
419
362
361
949383
-349
-211
-1625
-47
694
301
950408
-31
-162
-1745
-10
163
56
951433
264
-175
-1793
272
189
-86
952458
520
-147
-1846
526
543
8
953483
480
-139
-1837
632
603
-96
954508
379
-236
-1846
1090
244
-27
955533
173
-373
-2012
3219
-297
134
956558
-148
-304
-2323
5698
-45
-277
957583
-605
-296
-2663
6444
371
-568
958608
-1531
-705
-2953
7263
-483
-697
951425
-1767
-813
-2683
7789
-1527
-415
952450
-1333
-639
-1955
7457
-586
400
953475
-1602
-644
-1426
7509
-860
363
954500
-1964
-674
-1405
7450
-2209
-203
955525
-1864
-682
-1442
6879
-2237
-431
956550
-1750
-692
-1320
6084
-1999
-95
957575
-1513
-633
-997
5490
-2333
520
958600
-1034
-449
-607
5052
-2176
1006
959625
-961
-266
-292
4389
-1535
1006
960650
-1577
-214
43
3579
-1548
618
961675
-2145
-201
330
2911
-2125
581
962700
-2159
-141
501
2231
-2706
1092
963725
-1743
-16
568
1415
-2913
1427
964750
-1291
34
696
1033
-3013
1384
965775
-861
11
965
666
-3038
1380
966800
-374
40
1232
21
-3304
1593
959616
326
181
1406
-449
-3611
1470
960641
1046
335
1592
-167
-3912
953
961666
1526
392
1910
884
-3721
452
962691
1680
421
2133
2089
-3620
67
963716
1623
382
2174
3692
-4612
-291
964741
1838
301
2191
5797
-5827
-902
965766
2379
63
2463
8258
-6068
-1655
966791
3167
-178
2843
9335
-5047
-1774
967816
3677
-332
3259
8563
-4630
-1439
968841
3657
-543
3396
8538
-5055
-1239
969866
3761
-681
3286
7980
-4281
-1316
970891
3796
-690
3216
7127
-3475
-1189
971916
3784
-619
3021
6347
-2752
-1015
972941
3606
-585
2618
4959
-1771
-891
973966
2996
-701
2209
3690
-994
-657
974991
2254
-831
1772
2613
-126
-583
967808
1689
-895
1183
1481
389
-824
968833
1280
-1074
639
861
60
-985
969858
1096
-1254
43
628
827
-950
970883
1221
-1162
-684
301
2024
-1073
971908
1234
-1112
-1232
639
2084
-1121
972933
1037
-1247
-1517
1270
2009
-1036
973958
1112
-1252
-1663
1129
2693
-966
974983
1333
-1081
-1908
1333
3463
-646
976008
840
-986
-2140
2483
3034
-562
977033
-186
-1030
-2395
4144
2090
-910
978058
-1110
-1134
-2843
6165
1576
-1644
979083
-1853
-1299
-3200
7367
1403
-1294
980108
-2509
-1442
-3576
9013
381
-490
981133
-2641
-1164
-3561
11105
-1063
-625
982158
-2449
-743
-3004
11962
-878
-1661
983183
-3483
-865
-2203
10928
-1624
-1800
975999
-4617
-1073
-1433
8625
-2985
-909
977024
-4521
-1004
-731
6033
-2606
-149
978049
-4117
-857
-344
4273
-3025
-530
979074
-3478
-655
-242
3155
-3691
-779
980099
-3009
-415
-251
2259
-3038
-355
981124
-3126
-204
-255
1357
-2571
351
982149
-3492
66
-156
346
-2777
663
983174
-3912
234
-37
-612
-2938
643
984199
-4195
204
49
-1955
-3555
1076
985224
-3886
201
40
-3076
-4661
1380
986249
-3072
244
-221
-2306
-4512
1111
987274
-2478
182
-455
-988
-4212
672
988299
-1854
18
-487
45
-3998
642
989324
-921
-26
-382
2508
-3516
821
990349
-191
264
-298
6867
-2953
92
991374
586
428
-150
13227
-1947
-678
984192
1817
239
510
13132
1168
-524
985217
1902
-21
2347
10203
2615
227
986242
1772
-37
3523
11247
2433
768
987267
1893
409
3724
9982
2593
1587
988292
494
580
3595
8124
1491
1405
989317
-777
516
3260
6317
1270
533
990342
-1394
599
2962
4508
1759
193
991367
-1813
791
2777
2632
1091
47
992392
-1883
1021
2539
1271
464
-336
993417
-2040
1242
2141
484
1079
-818
994442
-2206
1435
1503
-815
2158
-1060
995467
-2209
1475
704
-2131
1534
-895
996492
-2507
1315
113
-2039
627
-914
997517
-2669
1132
-216
-1234
1073
-728
998542
-2006
1073
-395
-988
1569
33
999567
-1149
1090
-659
-107
1289
714
992626
-1097
1034
-1036
2434
664
533
993651
-1690
990
-1334
6930
290
-234
994676
-2121
1197
-1427
11920
-308
90
995701
-2412
1083
-1988
11713
-977
1561
996726
-3498
819
-2102
8775
-1339
2236
997751
-4657
743
-1490
8869
-1338
1508
998776
-4798
855
-934
8024
-2374
731
999801
-4112
930
-978
6827
-2935
330
1000826
-3530
964
-1275
5965
-2789
-38
1001851
-3339
1007
-1218
5765
-3193
-220
1002876
-3177
1094
-958
5855
-3467
76
1003901
-3011
1161
-761
5495
-3369
293
1004926
-3104
1135
-610
4867
-3055
170
1005951
-3488
1080
-368
4419
-3003
51
1006976
-3737
1026
-129
3776
-3128
-12
1008001
-3714
973
49
2881
-3205
-175
1000576
-3499
973
177
2184
-3050
-312
1001601
-3255
1005
302
1679
-2827
-357
1002626
-3039
1005
398
907
-2697
-384
1003651
-2794
953
474
-181
-2569
-257
1004676
-2642
889
613
-1230
-2414
-203
1005701
-2596
810
799
-2048
-2369
-250
1006726
-2468
729
988
-2187
-2568
54
1007751
-2206
650
1259
-1342
-2721
537
1008776
-1892
593
1602
-81
-3031
965
1009801
-1607
546
1919
1364
-3590
1349
1010826
-1191
588
2169
3036
-4843
1713
1011851
-279
740
2245
5030
-6181
2142
1012876
784
885
2260
6413
-5800
2557
1013901
919
902
2291
6656
-4768
3107
1014926
141
871
2491
5909
-5427
3415
1015951
-154
796
2386
5075
-5490
3030
1008768
-199
627
1985
4516
-5104
2668
1009793
-264
327
1609
3921
-4987
2452
1010818
85
98
1233
3406
-4458
2291
1011843
341
11
786
3177
-3719
1740
1012868
132
-103
367
2764
-3464
1147
1013893
70
-157
-44
2165
-2055
886
1014918
620
50
-651
958
1204
-105
1015943
1464
250
-1309
-84
2488
-683
1016968
1400
80
-1836
478
1754
-587
1017993
933
-192
-2318
940
2503
-1157
1019018
766
-392
-2917
1065
3235
-1408
1020043
187
-717
-3366
1949
2540
-1272
1021068
-299
-1010
-3533
2950
1235
-1038
1022093
98
-972
-3378
3291
732
-786
1023118
639
-806
-3265
4444
585
-689
1024143
283
-938
-3196
6271
-108
-1321
1016960
-359
-1358
-3209
7865
-24
-1033
1017985
-1148
-1526
-3247
9375
138
75
1019010
-2356
-1355
-2850
9784
-776
257
1020035
-3393
-1107
-2260
9599
-1620
-159
1021060
-4217
-990
-1672
9715
-1594
-16
1022085
-4707
-842
-1100
9092
-2456
339
1023110
-4480
-572
-591
8034
-3636
726
1024135
-3864
-313
-275
6671
-3650
767
1025160
-3432
-146
75
5254
-3544
631
1026185
-3318
0
510
3530
-3806
689
1027210
-3279
76
766
1397
-4303
1404
1028235
-2942
94
793
-79
-4508
1962
1029260
-2129
128
896
-802
-4562
1492
1030285
-1310
117
1183
-1403
-4806
1452
1031310
-405
281
1591
-2197
-5245
2272
1032335
368
611
2105
-1932
-5007
2099
1025153
567
785
2629
-495
-4630
1285
1026178
531
832
3121
92
-4694
842
1027203
491
649
3600
687
-5063
383
1028228
818
371
3965
2561
-5545
-26
1029253
1395
244
4226
4895
-5974
-110
1030278
1802
75
4434
6824
-6640
-456
1031303
2211
-274
4523
8942
-6426
-876
1032328
2975
-554
4292
10205
-5429
-495
1033353
3605
-687
4049
8547
-4497
-63
1034378
3726
-971
3631
7417
-4134
23
1035403
3877
-1213
3004
7130
-3828
147
1036428
4073
-1236
2307
6274
-2959
-95
1037453
4440
-1096
1566
4580
-1497
-603
1038478
4607
-963
1063
2628
-23
-648
1039503
3592
-1258
834
1367
1057
-511
1040528
1882
-1648
325
202
3091
-1041
1033344
777
-1797
-667
-867
3359
-1263
1034369
360
-2174
-1441
-200
591
-759
1035394
40
-2476
-1669
1079
-127
-1047
1036419
809
-2176
-1964
623
1754
-1542
1037444
1798
-2000
-2351
778
2741
-1434
1038469
1058
-2362
-2476
2636
1949
-1518
1039494
-183
-2494
-2310
3411
2015
-1161
1040519
-954
-2306
-2489
4815
2125
-469
1041544
-1945
-1967
-2946
8458
1291
-908
1042569
-3028
-1748
-3046
10587
348
-1578
1043594
-3511
-1575
-3108
10921
-1303
-1080
1044619
-3613
-960
-2544
12329
-2175
130
1045644
-3574
-191
-1291
12665
-2218
627
1046669
-4190
276
-324
11020
-2858
677
1047694
-5021
219
-45
8790
-3401
312
1048719
-5160
279
308
6612
-4340
103
1041537
-4226
588
543
4290
-4973
276
1042562
-3002
917
536
2295
-4518
536
1043587
-2230
1019
434
415
-3761
645
1044612
-2004
916
352
-1061
-3822
881
1045637
-2125
814
461
-1616
-3857
1301
1046662
-1932
832
744
-1744
-3635
1532
1047687
-1508
927
1201
-2166
-3205
1289
1048712
-1028
835
1550
-2973
-3055
647
1049737
-661
784
1801
-3455
-2980
420
1050762
-615
580
2042
-2167
-3262
747
1051787
-436
393
2308
-277
-4017
801
1052812
101
359
2519
1727
-5069
741
1053837
493
370
2598
4535
-6220
822
1054862
730
278
2708
7121
-7265
697
1055887
477
-29
3140
10253
-7917
477
1056912
1016
-216
3540
9864
-6667
948
1049728
1503
-394
3802
8260
-5905
1226
1050753
1847
-665
3550
8087
-5211
963
1051778
2291
-890
3048
6710
-3536
740
1052803
2381
-1071
2665
5264
-2321
628
1053828
2616
-1056
2259
3914
-1109
578
1054853
2845
-898
1711
2672
34
716
1055878
2698
-783
1117
1836
572
777
1056903
2112
-650
495
1027
1530
354
1057928
1134
-462
-128
93
3236
-499
1058953
136
-480
-776
-223
3641
-581
1059978
-587
-673
-1313
669
2475
54
1061003
-764
-601
-1657
1679
1756
124
1062028
-321
-270
-1897
1599
2162
-547
1063053
142
-61
-2262
1702
2956
-626
1064078
-167
-128
-2597
2743
1929
-443
1065103
-544
-260
-2876
4017
160
-297
1057920
-308
-326
-3433
6984
-1472
-349
1058945
-109
-510
-3885
9913
-854
-558
1059970
-373
-1036
-4308
11357
-839
424
1060995
-2172
-1460
-4093
12879
-4029
1276
1062020
-2806
-1077
-3253
12379
-4416
1681
1063045
-2817
-496
-2185
10332
-3853
1366
1064070
-2876
-109
-1461
8110
-4487
893
1065095
-2488
142
-1170
5967
-3860
750
1066120
-2463
271
-1139
4237
-3747
591
1067145
-2542
444
-1115
3015
-3625
651
1068170
-2841
604
-965
2076
-3198
774
1069195
-3228
627
-789
1130
-3504
875
1070220
-2909
646
-606
-41
-4104
1128
1071245
-1859
679
-349
-1026
-4606
1406
1072270
-733
724
33
-1704
-4517
1620
1073295
71
890
447
-2426
-3929
1614
1066112
143
987
827
-2522
-3708
1382
1067137
-130
839
1184
-2477
-4144
787
1068162
11
588
1578
-2521
-4087
573
1069187
339
406
1887
-1250
-3930
732
1070212
554
214
2086
1088
-5518
122
1071237
834
-24
2226
3474
-7463
-701
1072262
1340
-468
2382
6335
-8683
-1053
1073287
1892
-808
2938
10159
-8353
38
1074312
2685
-803
3458
11622
-6993
899
1075337
3005
-906
3822
9633
-6645
765
1076362
2957
-1174
3857
9561
-5583
360
1077387
3196
-1220
3797
8575
-3551
442
1078412
3207
-1169
3595
6778
-2323
462
1079437
3212
-1053
3150
5038
-1044
178
1080462
2898
-938
2632
3540
105
-150
1081487
2173
-950
2058
2340
801
-471
1074304
1531
-1030
1372
1253
1742
-676
1075329
1284
-975
600
395
2191
-550
1076354
774
-868
14
208
1856
-447
1077379
94
-860
-356
609
1717
-672
1078404
-168
-748
-706
624
2348
-830
1079429
-136
-630
-1114
649
2409
-676
1080454
-303
-671
-1488
1736
1582
-571
1081479
-426
-639
-1799
3035
1245
-261
1082504
-424
-540
-2248
4607
829
-63
1083529
-622
-595
-2897
6477
468
-534
1084554
-673
-844
-3499
7247
-72
-404
1085579
-828
-1301
-4022
9072
-940
673
1086604
-1275
-1429
-3852
11522
-1977
1596
1087629
-1427
-1112
-2972
10941
-3115
1323
1088654
-1382
-754
-2154
9635
-3766
1097
1089679
-1839
-587
-1629
8444
-3604
1276
1082497
-2384
-495
-1272
6713
-3642
1291
1083522
-2383
-359
-1110
5103
-3981
1166
1084547
-2153
-191
-938
4061
-3980
1032
1085572
-2066
-14
-681
3228
-3762
931
1086597
-2063
159
-478
2000
-3697
984
1087622
-2021
290
-353
355
-3747
1276
1088647
-1827
374
-212
-1012
-4072
1695
1089672
-1489
394
-9
-1351
-4187
1968
1090697
-1055
442
306
-1405
-3906
2175
1091722
-507
554
699
-1915
-3811
2361
1092747
-38
640
1068
-1968
-3977
2202
1093772
221
669
1430
-1557
-3831
1916
1094797
331
635
1729
-848
-3730
1508
1095822
212
487
1863
1131
-4743
1104
1096847
249
328
1916
3978
-6408
884
1097872
1044
328
2098
6262
-7275
479
1090689
1620
203
2604
9232
-7019
498
1091714
2001
103
3217
10204
-6081
690
1092739
2233
-62
3604
8330
-5065
821
1093764
2083
-456
3635
7888
-4495
581
1094789
2257
-729
3505
7438
-3693
466
1095814
2630
-864
3219
6346
-2939
451
1096839
2994
-853
2803
5103
-1989
400
1097864
3220
-646
2253
3619
-745
79
1098889
3159
-424
1730
2011
30
-249
1099914
2516
-560
1246
1024
486
-238
1100939
1507
-778
577
476
2009
-461
1101964
540
-788
-231
-287
2933
-537
1102989
-368
-953
-973
-104
2034
-311
1104014
-682
-1099
-1499
1131
1128
-325
1105039
-422
-951
-1754
1816
1559
-375
1106064
-218
-810
-1816
1932
2065
-427
1098881
-307
-840
-1807
2540
1774
-369
1099906
-290
-770
-1966
4016
1119
20
1100931
-403
-598
-2323
6184
304
-262
1101956
-965
-734
-2546
7519
-227
-621
1102981
-1493
-1112
-2942
8610
-699
233
1104006
-2154
-1328
-3237
10054
-1548
1075
1105031
-2459
-1061
-2853
10534
-2660
1275
1106056
-2142
-691
-2128
9776
-3207
894
1107081
-1910
-530
-1585
8346
-3153
905
1108106
-1968
-530
-1304
6752
-3199
1281
1109131
-2145
-596
-1262
5261
-3287
1277
1110156
-2099
-567
-1259
4117
-3339
1052
1111181
-1936
-436
-1115
3194
-3313
1250
1112206
-1810
-284
-906
2103
-3460
1613
1113231
-1487
-64
-741
748
-3897
1646
1114256
-1096
102
-583
-644
-4205
1796
1107072
-731
141
-462
-1255
-4066
2279
1108097
-364
213
-196
-1064
-4047
2457
1109122
111
367
275
-802
-3976
2263
1110147
684
512
749
-640
-3780
2072
1111172
1041
566
1158
-474
-3377
2025
1112197
1110
540
1447
282
-3742
1490
1113222
1235
497
1641
1799
-4698
653
1114247
1574
359
1580
3699
-5863
593
1115272
2569
303
1517
6010
-6580
353
1116297
3476
268
1893
9160
-6541
-272
1117322
4240
383
2584
10965
-5627
-459
1118347
4580
460
3081
10740
-4884
-863
1119372
4074
236
3180
9999
-4694
-2328
1120397
3794
171
3273
9011
-4142
-3307
1121422
3626
233
3411
7577
-2677
-3512
1122447
2947
99
3451
5547
-1577
-3451
1115264
1810
-290
3290
3911
-1220
-3020
1116289
814
-796
3008
2804
-1541
-2411
1117314
521
-1175
2597
1969
-1665
-1848
1118339
770
-1311
2182
1332
-1394
-1404
1119364
1044
-1301
1849
920
-1084
-1044
1120389
1197
-1290
1586
676
-907
-687
1121414
1328
-1305
1380
557
-741
-379
1122439
1439
-1315
1291
679
-438
-187
1123464
1385
-1287
1339
789
-110
-42
1124489
1155
-1330
1422
727
14
153
1125514
1060
-1392
1407
786
-142
585
1126539
1341
-1415
1138
1351
-431
1108
1127564
1812
-1470
396
2653
-1241
1077
1128589
2436
-1455
-493
4503
-2751
1119
1129614
2858
-1657
-1058
7174
-3823
1661
1130639
2725
-2112
-1536
8609
-2525
1822
1123456
1850
-2306
-1506
8019
-1683
2366
1124481
1083
-2123
-1048
7913
-3283
2797
1125506
1194
-1688
-786
7305
-4315
2365
1126531
1486
-1360
-855
5887
-3665
1971
1127556
1184
-1322
-997
4824
-3449
1784
1128581
670
-1333
-1065
4053
-3656
1477
1129606
492
-1231
-971
3381
-3579
1406
1130631
606
-1053
-815
2802
-3267
1708
1131656
814
-813
-613
2077
-2958
1794
1132681
1084
-570
-368
1204
-2715
1692
1133706
1346
-385
-94
448
-2583
1471
1134731
1522
-243
133
0
-2359
1450
1135756
1612
-50
307
-310
-2087
1504
1136781
1628
224
509
-358
-2733
1635
1137806
1561
468
811
69
-3401
1336
1138831
1535
605
1123
-36
-3069
326
1131788
1335
525
1442
-452
-2945
-179
1132813
1162
218
1717
197
-4492
-410
1133838
1804
-45
1739
2199
-6833
-1076
1134863
2804
-326
1704
4719
-8818
-1696
1135888
3350
-947
2018
8060
-8901
-2252
1136913
3762
-1423
2749
10257
-7117
-1829
1137938
3820
-1655
3464
7810
-6370
-1001
1138963
3413
-1969
3809
6712
-6280
-1490
1139988
3317
-2110
3806
7055
-4768
-1721
1141013
3117
-2120
3716
6250
-3676
-1224
1142038
2831
-2096
3491
5463
-3118
-956
1143063
2542
-2017
3073
4728
-2471
-920
1144088
2123
-1924
2614
3988
-1976
-886
1145113
1674
-1831
2145
3245
-1633
-686
1146138
1346
-1743
1690
2449
-1134
-511
1147163
977
-1639
1241
1576
105
-513
1139839
459
-1524
699
753
1152
-571
1140864
-162
-1583
265
485
791
-485
1141889
-595
-1685
14
577
662
-240
1142914
-599
-1584
-208
767
1026
-43
1143939
-398
-1414
-368
1107
1047
-267
1144964
353
-1267
-589
2082
625
-131
1145989
1644
-1024
-1106
3845
-93
199
1147014
2498
-868
-1632
5173
-655
77
1148039
2860
-1058
-2282
6240
-148
341
1149064
2487
-1447
-2775
8741
106
1393
1150089
1287
-1633
-2668
10803
-345
2333
1151114
63
-1560
-2273
10594
-485
2433
1152139
-789
-1254
-1779
9568
-1817
1623
1153164
-929
-853
-1428
8279
-3478
1219
1154189
-741
-619
-1368
6805
-3125
1431
1155214
-997
-440
-1291
5859
-2685
1651
1148032
-1375
-118
-1108
4898
-2969
1420
1149057
-1567
216
-841
3481
-2957
1115
1150082
-1943
336
-580
2139
-2901
1093
1151107
-2369
340
-401
1020
-2943
1269
1152132
-2299
376
-301
-268
-3244
1294
1153157
-1524
457
-42
-1754
-4244
1256
1154182
-550
515
440
-2530
-4542
1216
1155207
-58
456
910
-2459
-4103
1383
1156232
127
385
1393
-2468
-4198
1443
1157257
331
427
1801
-1976
-4332
1229
1158282
347
401
2182
-498
-4716
987
1159307
370
337
2643
980
-5160
890
1160332
393
196
2998
2961
-6301
1047
1161357
606
49
3329
5459
-7531
1409
1162382
906
-143
3728
7821
-7281
1507
1163407
1182
-232
3910
9495
-6749
1649
1156225
1793
-23
3993
8632
-6626
1645
1157250
2210
74
3743
8699
-6203
1384
1158275
2450
10
3307
8547
-4833
1202
1159300
2482
-116
2845
7005
-3038
1165
1160325
2279
-211
2311
5534
-1644
897
1161350
2013
-237
1812
4026
-920
471
1162375
1587
-346
1299
2677
-266
15
1163400
1137
-432
583
1670
1110
-722
1164425
919
-513
-206
955
1813
-848
1165450
707
-654
-767
526
1405
-577
1166475
599
-750
-1080
219
1329
-819
1167500
769
-851
-1383
172
2283
-1117
1168525
910
-992
-1847
608
2985
-898
1169550
571
-1203
-2267
1267
2399
-649
1170575
-81
-1506
-2443
1931
1623
-728
1171600
-287
-1713
-2505
2743
1432
-506
1164416
51
-1609
-2760
4845
1507
-429
1165441
-23
-1432
-3027
7188
744
-855
1166466
-440
-1510
-3092
7914
-1375
-163
1167491
-448
-1618
-3417
9162
-2305
584
1168516
-269
-1379
-3119
10397
-1401
692
1169541
-915
-1055
-2337
10196
-1224
523
1170566
-2447
-886
-1653
9532
-2868
835
1171591
-3641
-694
-1179
8603
-3350
904
1172616
-3880
-452
-879
7144
-3473
405
1173641
-3534
-222
-653
5756
-4117
388
1174666
-3204
-64
-500
4709
-4612
999
1175691
-2919
81
-444
3558
-4372
1320
1176716
-2728
183
-415
2432
-3954
1222
1177741
-2712
196
-341
1108
-4042
1316
1178766
-2413
192
-206
-820
-4572
1854
1179791
-1723
290
58
-2279
-4850
2237
1172608
-1195
359
385
-1968
-4567
2527
1173633
-947
496
748
-1512
-4195
2359
1174658
-778
579
1123
-1753
-4076
1764
1175683
-729
454
1538
-1197
-4721
1586
1176708
-417
281
2011
343
-5168
1333
1177733
331
193
2378
2393
-5740
1075
1178758
1269
194
2670
4387
-6671
575
1179783
1985
62
3029
6315
-7053
-204
1180808
2133
-350
3455
8800
-7065
-275
1181833
2456
-698
3734
10001
-6241
371
1182858
3109
-738
3880
9313
-5272
505
1183883
3664
-627
3811
8979
-4560
127
1184908
3973
-502
3437
7926
-3258
-82
1185933
3719
-461
2936
6193
-1929
-156
1186958
3173
-489
2431
4483
-846
-200
1187983
2578
-567
1962
2974
210
-234
1180799
1872
-673
1437
1880
1212
-568
1181824
1299
-767
766
1166
1941
-868
1182849
657
-895
148
699
1828
-1005
1183874
-45
-1166
-238
836
1407
-984
1184899
-290
-1277
-623
1484
1826
-1034
1185924
-153
-1136
-980
1695
2235
-1267
1186949
-97
-1127
-1172
1555
1943
-1632
1187974
71
-1286
-1416
1884
1482
-1198
1188999
446
-1297
-1881
3050
1146
-189
1190024
513
-1160
-2532
4998
447
-84
1191049
-20
-1274
-3009
6634
-792
-879
1192074
-356
-1639
-3505
8590
-1823
-1128
1193099
-794
-1655
-3692
11591
-1640
920
1194124
-2175
-1139
-2978
11626
-2631
2076
1195149
-3109
-487
-2039
10216
-4506
1325
1196174
-3570
-106
-1504
8305
-4396
1018
1188992
-3878
-4
-1393
6545
-4057
954
1190017
-4195
82
-1246
5005
-4640
612
1191042
-3943
300
-988
3656
-4773
914
1192067
-3219
575
-744
2563
-4364
1280
1193092
-2564
814
-525
1643
-3807
1427
1194117
-2185
971
-372
716
-3225
1264
1195142
-2090
1070
-118
-450
-3210
1504
1196167
-1984
1233
275
-1780
-3306
2622
1197192
-1527
1559
648
-2968
-3350
2410
1198217
-1360
1537
981
-3581
-3753
1273
1199242
-1451
1117
1278
-2844
-4011
1410
1200267
-1118
887
1670
-1725
-3548
2111
1201292
-555
936
2095
-682
-4099
1788
1202317
-112
847
2587
934
-6357
866
1203342
314
552
3003
3493
-7911
554
1204367
1166
336
3178
5755
-8163
964
1197184
1619
132
3494
8169
-7579
1563
1198209
1619
-144
3959
8989
-7092
1356
1199234
1911
-423
4184
8276
-6839
1116
1200259
2287
-709
3985
8512
-6376
978
1201284
2692
-925
3551
8080
-4926
885
1202309
2822
-1063
3068
6573
-3096
861
1203334
2664
-1097
2577
4698
-1507
668
1204359
2327
-1088
2036
2918
-562
198
1205384
1918
-1183
1484
1438
-55
-5
1206409
1267
-1428
947
562
780
-35
1207434
430
-1563
304
-126
1854
-221
1208459
-195
-1547
-358
-328
1754
-469
1209484
-446
-1505
-794
80
1330
-443
1210509
-364
-1357
-1006
409
1112
-157
1211534
-154
-1149
-1127
634
1306
-80
1212559
127
-911
-1311
1376
1597
-81
1205376
229
-693
-1524
2436
1406
-56
1206401
205
-500
-1794
3528
787
125
1207426
90
-492
-2396
5580
473
-300
1208451
-209
-848
-2952
7704
113
-1095
1209476
-337
-1196
-3359
8282
-1283
30
1210501
-702
-1553
-3567
9042
-1404
2400
1211526
-1820
-1523
-3318
10856
-895
2471
1212551
-2055
-989
-2496
11133
-3453
272
1213576
-1205
-356
-1848
9990
-5418
201
1214601
-1081
-273
-1724
8495
-4702
973
1215626
-1776
-336
-1683
6808
-3703
1266
1216651
-2653
-258
-1465
5508
-3938
1419
1217676
-3065
-47
-1139
4238
-4111
1279
1218701
-3008
247
-783
3040
-4110
1100
1219726
-2656
519
-527
1702
-3899
1132
1220751
-2300
680
-390
-45
-3593
1479
1213568
-2140
707
-264
-1384
-3750
2122
1214593
-1812
678
-71
-1880
-3637
2460
1215618
-1030
725
173
-3102
-3267
2291
1216643
-41
759
358
-5536
-4450
2239
1217668
912
467
257
-6237
-5197
2425
1218693
1511
57
-93
-2900
-5199
2424
1219718
1656
-90
191
604
-5991
2018
1220743
2018
94
840
3923
-7013
1529
1221768
2522
477
1505
7021
-7412
1136
1222793
2639
661
2163
9870
-7659
449
1223818
2360
502
2858
13529
-7372
-169
1224843
3316
768
3677
11494
-5811
-289
1225868
3900
1093
4318
9487
-4333
-156
1226893
3343
917
4236
8419
-3636
-337
1227918
2254
434
4038
7243
-3365
-839
1228943
1645
40
3823
6328
-3333
-1122
1221761
1867
-91
3539
5096
-2992
-1046
1222786
1970
-194
3256
3840
-2023
-945
1223811
1632
-323
3001
2727
-910
-880
1224836
1065
-402
2660
1735
28
-961
1225861
555
-493
2224
1165
131
-1055
1226886
185
-584
1884
1032
258
-1117
1227911
78
-561
1541
743
1266
-1370
1228936
213
-515
1149
366
1664
-1454
1229961
249
-699
915
242
1424
-1055
1230986
531
-913
668
315
1197
-574
1232011
1116
-956
347
166
1468
-399
1233036
1595
-1091
-164
637
1330
365
1234061
1628
-1522
-1115
2701
-73
552
1235086
1532
-2153
-2011
4774
-1081
339
1236111
1747
-2691
-2878
7677
378
427
1237136
1417
-2995
-3368
12076
39
2985
1229951
597
-2730
-2948
10839
-2417
4347
1230976
488
-2332
-2871
8988
-2533
3309
1232001
346
-2005
-2602
8577
-2078
2460
1233026
-156
-1824
-2272
7785
-2441
2555
1234051
-745
-1765
-2254
6846
-2603
2308
1235076
-990
-1662
-2274
5736
-2373
1965
1236101
-1088
-1541
-2227
4898
-2388
1728
1237126
-1143
-1456
-2107
4024
-2452
1144
1238151
-1150
-1378
-1969
3172
-2668
985
1239176
-1186
-1262
-1847
2272
-2657
1054
1240201
-1164
-1165
-1724
1026
-2292
1453
1241226
-827
-1077
-1577
-359
-2775
2400
1242251
371
-809
-1405
-1191
-3557
2546
1243276
1951
-359
-1291
-1312
-3637
2003
1244301
2970
-58
-1266
-847
-3582
1604
1245326
3183
23
-1476
1048
-3820
1438
1238144
2722
68
-1816
4178
-4355
1321
1239169
2196
295
-1854
6928
-3965
356
1240194
2001
651
-1641
10029
-3302
-1471
1241219
2915
1266
-708
10067
-3345
-2447
1242244
3817
1692
507
9406
-2751
-2208
1243269
3137
1575
1315
9854
-1448
-2589
1244294
2196
1199
2029
8702
-936
-3914
1245319
2524
786
2582
7476
-1083
-4854
1246344
3153
511
2581
6865
133
-5243
1247369
2799
136
2270
4891
1287
-5160
1248394
2497
-163
1734
2842
1102
-3887
1249419
2786
-239
1108
2205
337
-2979
1250444
2907
-261
579
1870
386
-3022
1251469
2736
-435
42
1646
445
-2710
1252494
2611
-636
-343
1729
-142
-1935
1253519
2521
-779
-404
1555
-139
-1383
1246337
2401
-749
-285
846
329
-996
1247362
2278
-572
-161
-99
706
-568
1248387
2252
-424
-123
-361
528
-494
1249412
2258
-361
-90
199
602
-572
1250437
2208
-261
-246
1685
485
-420
1251462
2043
-92
-571
4018
393
-561
1252487
2053
-90
-766
6141
671
-666
1253512
2108
-205
-932
7794
989
-182
1254537
1634
-180
-637
7731
1285
-163
1255562
1254
-97
19
7871
1359
-47
1256587
2417
355
463
8653
1123
574
1257612
3634
894
660
7842
322
641
1258637
3884
1181
553
6865
391
885
1259662
2520
1121
585
6453
518
1329
1260687
348
914
716
5602
260
1189
1261712
-1183
807
803
4553
-301
900
1254528
-1628
886
978
3556
-1575
651
1255553
-1359
1010
1182
2373
-2473
66
1256578
-1222
923
1192
1256
-2321
-259
1257603
-1246
649
1009
298
-2472
-204
1258628
-1023
432
885
-448
-2810
-266
1259653
-732
126
1005
-492
-3012
-336
1260678
-93
-203
1317
-475
-3284
-172
1261703
1038
-320
1658
-594
-3475
-10
1262728
2009
-350
1996
-190
-3651
-201
1263753
2284
-410
2330
1045
-3953
-460
1264778
2048
-416
2610
3197
-4667
-631
1265803
1897
-316
2771
5319
-5261
-816
1266828
1868
-325
2950
7463
-5639
-779
1267853
1882
-377
3226
8937
-5054
-504
1268878
1979
-405
3530
8551
-4045
-250
1269903
2018
-493
3639
8207
-4188
-280
1262720
2358
-618
3383
7928
-4192
-376
1263745
2722
-730
3011
7562
-3286
-319
1264770
2838
-811
2642
6619
-2541
-124
1265795
2909
-830
2231
5213
-1692
-73
1266820
2773
-864
1819
3857
-757
-97
1267845
2312
-1004
1452
2847
-161
-43
1268870
1924
-1115
936
1897
1245
-237
1269895
1891
-1021
138
726
2987
-609
1270920
1708
-997
-647
300
2056
-773
1271945
987
-1218
-1166
487
1444
-1011
1272970
535
-1330
-1668
105
3070
-799
1273995
315
-1383
-2288
467
3317
-597
1275020
-54
-1344
-2775
1883
2888
-868
1276045
-315
-1271
-2939
2940
2340
-715
1277070
-659
-1199
-2944
4037
1598
-617
1278095
-1044
-1044
-3089
6469
1479
-1744
1270950
-1367
-1064
-3028
8426
1817
-2303
1271975
-1818
-1302
-3028
9602
1103
-1230
1273000
-2551
-1460
-2765
9758
-908
-671
1274025
-2548
-1336
-2204
9161
-1719
-260
1275050
-2397
-1136
-1554
8684
-1636
323
1276075
-2556
-970
-1087
8689
-1906
535
1277100
-2458
-740
-923
7834
-2508
617
1278125
-2250
-535
-912
6543
-3098
978
1279150
-2439
-396
-863
5596
-3165
1234
1280175
-2916
-250
-675
4718
-3150
1314
1281200
-3309
-96
-471
3867
-3506
1545
1282225
-3354
65
-334
2903
-3745
1650
1283250
-3045
238
-176
1659
-3851
1706
1284275
-2448
407
31
336
-3920
2034
1285300
-1680
600
308
-662
-3685
2397
1286325
-1013
823
659
-1080
-3262
2520
1279105
-664
1070
1028
-946
-3031
2335
1280130
-602
1188
1365
-384
-3182
1900
1281155
-525
1202
1691
67
-3358
1572
1282180
-376
1166
1992
319
-3123
1486
1283205
-276
1031
2183
1168
-3701
1346
1284230
-36
793
2267
3446
-5182
1217
1285255
843
711
2363
5707
-6283
813
1286280
1620
648
2674
8309
-6243
430
1287305
1825
453
3190
10635
-5517
513
1288330
2191
505
3875
10057
-5324
1128
1289355
2405
416
4250
9682
-5068
1065
1290380
2421
150
4243
9377
-4122
627
1291405
2446
-105
4108
8264
-3188
418
1292430
2630
-258
3885
6519
-2242
302
1293455
2627
-316
3459
5049
-876
-106
1294480
2382
-391
2770
3734
-235
-740
1287296
2355
-587
2163
2316
-232
-763
1288321
2355
-805
1598
1156
975
-545
1289346
2182
-782
921
69
2340
-845
1290371
2148
-737
244
-478
2127
-851
1291396
2110
-906
-211
-311
1505
-436
1292421
1931
-1087
-497
-116
1797
-369
1293446
1742
-1114
-805
-285
2581
-289
1294471
1260
-1169
-1103
-92
2458
-112
1295496
812
-1261
-1431
961
1539
82
1296521
593
-1285
-1688
2151
1179
233
1297546
420
-1420
-2120
3842
1416
184
1298571
-26
-1721
-2953
6918
1673
-613
1299596
-889
-2189
-3386
9662
1749
-1529
1300621
-1466
-2654
-3591
10562
235
-331
1301646
-2397
-2793
-3501
11818
-302
1382
1302671
-3305
-2315
-2935
11943
-1244
697
1295489
-3016
-1651
-2333
10790
-3018
-141
1296514
-2635
-1287
-1991
9181
-3091
555
1297539
-3184
-1181
-1814
7468
-2971
725
1298564
-3501
-937
-1621
6161
-3641
795
1299589
-3314
-515
-1496
5402
-4079
814
1300614
-2906
-141
-1320
4622
-4641
747
1301639
-2312
201
-978
3379
-4384
1541
1302664
-2460
602
-608
1746
-3360
2001
1303689
-3488
760
-298
153
-3498
1523
1304714
-3941
697
-10
-1505
-4638
1794
1305739
-3076
771
291
-2973
-5282
2324
1306764
-1994
910
600
-2740
-4885
2397
1307789
-1509
898
931
-1518
-4637
2279
1308814
-1185
831
1345
-760
-4693
2147
1309839
-724
764
1777
-97
-4498
1882
1310864
-289
694
2238
1159
-4806
1316
1303681
49
549
2671
3278
-5751
1292
1304706
582
471
2983
5533
-6082
1139
1305731
879
372
3309
8007
-5866
787
1306756
758
110
3697
10415
-5661
901
1307781
1005
-104
4139
9739
-5353
1091
1308806
1560
-297
4309
8771
-4971
940
1309831
2016
-507
4204
8417
-4072
801
1310856
2069
-705
3974
7952
-3143
817
1311881
2033
-845
3609
7198
-2305
553
1312906
2117
-898
3089
5312
-1021
322
1313931
2219
-977
2464
3411
139
356
1314956
2278
-1052
1818
2479
389
422
1315981
1989
-1040
1176
1821
1105
-126
1317006
1613
-1029
442
483
2221
-558
1318031
1148
-1283
-263
-197
1550
-335
1319056
586
-1605
-889
517
1189
-277
1311872
507
-1516
-1345
543
2375
-341
1312897
587
-1342
-1656
8
2409
-82
1313922
338
-1403
-1925
633
1301
86
1314947
241
-1431
-2028
1735
854
-17
1315972
377
-1331
-2064
2438
1072
-297
1316997
251
-1438
-2349
4229
1168
-327
1318022
-283
-1829
-2736
7555
-179
-854
1319047
23
-2318
-3088
9471
-2163
-1486
1320072
1968
-2472
-3731
9155
-1195
56
1321097
2402
-2197
-3229
9790
1171
1885
1322122
1070
-1706
-2166
9873
263
834
1323147
162
-1191
-1583
9459
-1914
119
1324172
-1082
-1129
-1230
8849
-2427
725
1325197
-2895
-1337
-1251
7085
-1919
702
1326222
-4162
-1321
-1216
5998
-2613
740
1327247
-4245
-924
-899
5097
-3680
936
1320063
-3574
-445
-561
4220
-4007
1064
1321088
-2600
97
-186
3228
-3593
1354
1322113
-2121
605
124
1537
-3235
1526
1323138
-2703
756
294
-482
-3725
1476
1324163
-3490
666
509
-1761
-4089
1686
1325188
-3502
736
794
-1932
-3958
1727
1326213
-3023
917
1045
-1439
-4186
1527
1327238
-2404
910
1255
-805
-4227
1350
1328263
-1774
669
1443
-848
-3719
1361
1329288
-1244
212
1607
-610
-3838
1748
1330313
-374
-144
1547
1289
-4581
2212
1331338
1055
-56
1187
4108
-4522
2490
1332363
1864
183
1104
7631
-4064
1491
1333388
1773
156
1346
11701
-3883
198
1334413
2295
238
1850
10247
-4454
-380
1335438
3470
169
2376
9365
-5765
-856
1328256
4545
46
2488
11015
-4696
-1697
1329281
4475
-35
2691
9182
-2623
-2596
1330306
3604
-300
3121
6886
-3108
-3061
1331331
3606
-578
3311
5696
-3010
-3122
1332356
4001
-716
3215
4329
-1751
-2904
1333381
3638
-857
3180
2675
-1154
-2669
1334406
2851
-1136
3005
990
-841
-2814
1335431
2886
-1457
2518
-357
-1349
-2929
1336456
3808
-1486
2015
-941
-737
-1897
1337481
4192
-1094
1678
-1208
1476
-1214
1338506
3720
-741
1363
-1846
2115
-1013
1339531
2771
-825
961
-1486
1613
-402
1340556
1693
-1016
611
64
1759
86
1341581
1163
-982
381
890
1520
500
1342606
1380
-880
107
1547
1000
979
1343631
1858
-715
-263
2660
875
1082
1336448
2293
-668
-791
4621
-34
985
1337473
2501
-901
-1362
9218
-1144
1861
1338498
2096
-1054
-1474
11654
-301
3532
1339523
769
-1357
-1670
8392
-940
4370
1340548
-620
-1566
-1471
8451
-2256
3359
1341573
-623
-1317
-1000
8919
-4216
2266
1342598
522
-976
-841
7633
-3834
2053
1343623
889
-938
-897
6643
-2339
2443
1344648
-107
-1200
-1088
5908
-2621
1977
1345673
-703
-1402
-1233
5188
-3289
824
1346698
-686
-1287
-1248
4453
-3119
1099
1347723
-620
-1041
-1111
3692
-2532
2132
1348748
-452
-731
-945
2791
-2100
2157
1349773
-308
-339
-772
1722
-2088
1624
1350798
-307
-72
-626
725
-2358
1432
1351823
-176
51
-463
-230
-2275
1921
1344745
155
229
-318
-882
-1894
2833
1345770
363
647
-360
-1024
-1910
2821
1346795
98
1079
-361
-1333
-2126
2264
1347820
-700
1142
-157
-2070
-2621
1714
1348845
-1486
862
147
-1884
-3895
1839
1349870
-1015
758
646
-634
-5766
1309
1350895
1342
902
1040
1146
-7455
189
1351920
3428
934
1114
3951
-7611
-203
1352945
3495
617
1437
6299
-7024
-960
1353970
2224
-174
2359
9976
-7939
-2880
1354995
3047
-830
3613
13123
-9128
-3797
1356020
6077
-817
4284
11660
-7283
-2962
1357045
6998
-678
4824
12083
-5147
-3267
1358070
5751
-587
5321
11279
-3308
-3499
1359095
3702
-741
5699
9325
-2715
-2523
1360120
2050
-967
5673
8521
-2974
-1683
1352833
868
-1054
5208
7584
-2604
-1890
1353858
-198
-1173
4564
5891
-1927
-2233
1354883
-1023
-1434
3886
4387
-1348
-1998
1355908
-1117
-1725
3171
3238
-1220
-1408
1356933
-172
-1827
2438
2415
-1324
-655
1357958
995
-1691
1788
1829
-569
-202
1358983
1670
-1653
1171
1242
720
-380
1360008
2058
-1871
635
625
982
-550
1361033
2412
-2186
231
515
948
-415
1362058
2664
-2370
-22
854
1854
73
1363083
2630
-2225
-100
944
2662
394
1364108
2174
-1917
-255
1340
1662
670
1365133
1365
-1758
-591
3390
153
982
1366158
816
-1293
-1006
5251
-99
677
1367183
587
-1020
-1499
5570
-897
332
1368208
940
-1168
-2115
6215
-2243
1277
1361024
1461
-1337
-2462
8286
-1504
2392
1362049
1337
-1443
-2412
9648
392
3554
1363074
628
-1552
-2115
9088
-940
3642
1364099
289
-1535
-1926
8734
-3039
2474
1365124
442
-1387
-1914
8127
-2315
1798
1366149
440
-1211
-1761
7013
-1731
1754
1367174
305
-987
-1506
5954
-2694
1797
1368199
262
-709
-1373
4392
-2818
1786
1369224
-230
-571
-1266
3019
-2428
1764
1370249
-983
-442
-1102
2178
-2525
1956
1371274
-1473
-240
-905
1451
-2872
1837
1372299
-1603
-23
-661
245
-3252
1560
1373324
-1437
166
-426
-955
-3473
1801
1374349
-1076
402
-132
-1715
-3472
1852
1375374
-799
663
274
-2929
-3753
1529
1376399
-753
906
725
-3953
-3980
1827
1369216
-1084
1074
1084
-2727
-4181
1389
1370241
-1682
1029
1576
-557
-5147
173
1371266
-1927
909
2227
1302
-5886
-287
1372291
-2044
632
2771
3638
-7089
-20
1373316
-1715
158
3374
5961
-8390
12
1374341
-476
-276
3985
9133
-8991
-188
1375366
1428
-678
4419
11156
-8207
-296
1376391
3031
-972
4776
9579
-6859
259
1377416
3382
-1530
4926
9575
-6046
454
1378441
3608
-1940
4824
9631
-4585
405
1379466
3780
-2162
4519
8209
-3622
340
1380491
3906
-2238
3993
6696
-2621
112
1381516
3982
-2081
3273
5194
-874
-222
1382541
3711
-1813
2568
3562
461
-597
1383566
3199
-1719
2004
2303
1039
-659
1384591
2345
-1484
1397
1238
2245
-875
1377408
1180
-1234
605
717
2711
-828
1378433
99
-1282
-130
1031
1638
-802
1379458
-287
-1229
-667
1083
1357
-1223
1380483
29
-986
-1077
672
2687
-1266
1381508
521
-935
-1524
1183
3218
-941
1382533
635
-1130
-1817
2253
2006
-750
1383558
503
-1298
-1863
2571
1431
-842
1384583
406
-1456
-2132
3072
2008
-275
1385608
-240
-1774
-2716
5371
1687
-33
1386633
-1665
-2258
-3118
7338
1056
-1093
1387658
-2865
-2626
-3700
8082
851
-823
1388683
-3954
-2805
-4565
11388
-749
-75
1389708
-3911
-2271
-4546
13925
-3037
-1054
1390733
-2320
-1479
-3766
13170
-3980
-1570
1391758
-1797
-1154
-2800
11514
-3756
46
1392783
-2284
-1047
-2020
9713
-2535
830
1385599
-2697
-855
-1455
7971
-2643
86
1386624
-3026
-755
-1104
6411
-3672
-691
1387649
-2755
-613
-835
4865
-3912
-214
1388674
-2134
-311
-617
3349
-3376
740
1389699
-1767
7
-418
2207
-2873
1236
1390724
-1847
367
-184
1150
-2639
1352
1391749
-2132
617
-40
-37
-2806
1478
1392774
-2093
775
92
-1245
-3158
2297
1393799
-1433
1049
243
-2268
-3377
2623
1394824
-874
1299
216
-2568
-3420
2164
1395849
-813
1282
221
-2911
-3423
2114
1396874
-852
1276
373
-3334
-3575
2124
1397899
-1024
1214
443
-1762
-4544
1630
1398924
-1253
1054
816
692
-5666
941
1399949
-816
995
1439
1973
-6098
143
1400974
-437
769
1948
3998
-7344
-87
1393792
-82
370
2727
8165
-9077
-285
1394817
1296
309
3555
13397
-8283
-294
1395842
2849
343
4218
12421
-4898
101
1396867
2478
19
5084
9661
-4923
13
1397892
2044
-595
5179
11110
-5821
-465
1398917
3024
-850
4920
11109
-3958
-289
1399942
3812
-811
4823
9487
-2918
-175
1400967
4254
-616
4478
7698
-1878
-428
1401992
4020
-421
3878
6126
-78
-705
1403017
3095
-300
3190
4359
968
-1054
1404042
2237
-411
2460
2683
870
-1089
1405067
1655
-667
1653
1263
1215
-994
1406092
1219
-782
822
206
2547
-847
1407117
617
-881
33
269
2609
-481
1408142
167
-1005
-678
1305
1552
-394
1409167
336
-944
-1216
1979
1803
-645
1401984
694
-745
-1698
1459
3383
-849
1403009
714
-852
-2235
1514
3117
-603
1404034
236
-1119
-2439
1927
2138
-540
1405059
110
-1188
-2560
1887
1847
-568
1406084
34
-1283
-2738
2598
1640
-274
1407109
-495
-1447
-3092
5009
823
-603
1408134
-1040
-1750
-3476
7708
-56
-1413
1409159
-812
-1951
-3806
8977
-766
-522
1410184
-1025
-2089
-3900
9890
-1862
497
1411209
-1634
-1949
-3269
11382
-2760
145
1412234
-2229
-1690
-2441
11438
-2294
-224
1413259
-3388
-1734
-1962
9852
-2937
85
1414284
-4154
-1737
-1630
8563
-3446
205
1415309
-4077
-1571
-1305
7048
-3216
497
1416334
-3620
-1366
-1110
5715
-3427
877
1417359
-2870
-1051
-898
4581
-3345
945
1410175
-2415
-787
-664
3564
-3145
1070
1411200
-2440
-567
-474
2678
-3062
1568
1412225
-2579
-325
-290
1472
-2956
1836
1413250
-2679
-121
-56
-58
-3209
2280
1414275
-2565
41
227
-1192
-3785
2997
1415300
-2026
285
475
-1344
-4079
3181
1416325
-1315
603
655
-1257
-4056
2670
1417350
-803
746
759
-1833
-4149
2298
1418375
-501
691
782
-1914
-3790
2448
1419400
-357
550
795
-613
-3599
2261
1420425
-228
408
929
1577
-4340
1361
1421450
426
393
1153
5002
-5793
610
1422475
1717
662
1828
9133
-5911
510
1423500
2501
970
2420
15405
-3301
149
1424525
2385
1169
3538
13552
-651
227
1425550
1373
1088
4415
11875
-1214
427
1418369
1032
962
4450
12184
-1429
-194
1419394
1114
964
4352
10285
144
-608
1420419
581
671
4129
7983
276
-448
1421444
272
291
3666
5988
113
-126
1422469
196
42
3118
4276
353
-217
1423494
149
-69
2564
2813
338
-352
1424519
72
-136
2016
1647
246
-450
1425544
16
-152
1473
612
468
-421
1426569
20
-107
955
118
615
-245
1427594
252
249
385
325
1224
-493
1428619
535
1037
-200
-1
1855
-1046
1429644
-99
1313
-525
-823
2018
-972
1430669
-1281
1167
-847
-1257
1908
-595
1431694
-1796
1109
-1291
-1261
1714
-335
1432719
-1650
1214
-1786
-1135
1578
-308
1433744
-1484
1190
-2280
-751
1026
-391
1426561
-1609
846
-2641
229
503
-67
1427586
-1543
491
-2982
2244
186
558
1428611
-1518
374
-3506
5856
1067
116
1429636
-1701
231
-3929
10598
2465
-1172
1430661
-2035
-340
-4273
14375
1538
-231
1431686
-2492
-633
-4352
13896
-259
673
1432711
-2365
-521
-3606
12701
-61
-517
1433736
-1737
-268
-2182
9724
173
-557
1434761
-2169
-226
-1265
7750
-848
-134
1435786
-3071
-253
-865
6423
-1410
-435
1436811
-3872
-136
-825
5774
-1682
-821
1437836
-4794
-28
-811
5616
-2605
-1426
1438861
-4952
243
-605
4680
-2970
-1330
1439886
-4912
436
-443
3744
-2726
-1087
1440911
-4954
511
-313
3536
-2983
-1016
1441936
-4873
581
-129
3564
-3389
-947
1434751
-4744
573
82
3373
-3577
-972
1435776
-4449
490
204
2767
-3740
-601
1436801
-4057
308
196
2173
-3859
393
1437826
-3605
206
232
1787
-3614
1015
1438851
-3065
248
376
1194
-3267
1370
1439876
-2402
363
536
526
-3234
1385
1440901
-1923
425
645
307
-2918
1471
1441926
-1733
497
699
409
-2187
1807
1442951
-1663
582
831
772
-1700
1734
1443976
-1539
674
1101
1039
-1384
1215
1445001
-1399
744
1418
1176
-1155
947
1446026
-1318
846
1489
3202
-1809
1264
1447051
-1220
1214
1413
6858
-2143
1221
1448076
-1151
1580
1130
10424
-1662
386
1449101
-1243
1422
696
8951
-765
-152
1450126
-2452
1243
994
6836
-1133
679
1442945
-3218
1157
1433
7196
-2085
928
1443970
-2575
1083
1245
5893
-2050
716
1444995
-2179
781
744
4566
-2117
834
1446020
-1901
549
510
3910
-2049
1153
1447045
-1301
576
550
3090
-1855
1221
1448070
-1073
646
639
2624
-2400
1426
1449095
-1034
749
569
2346
-2405
1796
1450120
-990
984
427
1977
-1786
1946
1451145
-1524
1122
424
1620
-1736
1637
1452170
-2284
1148
576
1593
-2359
1518
1453195
-2260
1314
766
1478
-2521
1673
1454220
-1840
1464
931
1475
-2489
1713
1455245
-1761
1495
1025
1679
-2532
1531
1456270
-1736
1486
942
1931
-2814
1111
1457295
-1313
1496
778
2200
-3350
866
1458320
-652
1539
614
2523
-3159
956
1451137
-417
1537
511
2694
-2658
997
1452162
-586
1451
399
2681
-2364
810
1453187
-958
1280
346
2624
-2243
490
1454212
-1117
1100
283
2602
-2052
184
1455237
-919
1108
85
2825
-1419
104
1456262
-757
1201
-289
2932
-424
169
1457287
-780
1115
-731
2476
256
181
1458312
-762
954
-1127
1909
-29
179
1459337
-685
883
-1398
2692
104
-35
1460362
-609
928
-1704
4094
1085
-713
1461387
-764
884
-1985
4812
1057
-811
1462412
-1205
605
-2473
6390
-781
-476
1463437
-1312
384
-2921
8633
-2000
-344
1464462
-1111
235
-3172
9010
-1363
103
1465487
-1435
-28
-3077
8134
-1217
563
1466512
-1793
-205
-2708
7601
-2045
492
1459330
-1675
-269
-2540
6559
-2140
473
1460355
-1838
-460
-2662
5612
-1909
487
1461380
-2187
-643
-2784
4847
-2038
296
1462405
-2254
-693
-2800
4410
-2074
-60
1463430
-2278
-583
-2626
4407
-2049
-231
1464455
-2374
-434
-2317
3939
-2240
-41
1465480
-2369
-313
-1972
2934
-2098
568
1466505
-2303
-111
-1649
2071
-1860
838
1467530
-2365
100
-1348
1577
-2055
600
1468555
-2517
248
-1060
1409
-2108
720
1469580
-2600
459
-807
1554
-2006
958
1470605
-2717
709
-639
2031
-2216
834
1471630
-2852
848
-660
2744
-2660
701
1472655
-2907
813
-772
3131
-3183
665
1473680
-2696
666
-829
3292
-3664
775
1474705
-2211
501
-658
3478
-4091
1126
1467520
-1468
320
-301
3224
-4577
1113
1468545
-722
38
107
2739
-4951
964
1469570
-17
-300
406
2473
-5198
864
1470595
732
-465
726
1959
-5593
685
1471620
1452
-453
1172
2097
-5616
394
1472645
1994
-353
1766
2912
-5075
289
1473670
2189
-219
2432
3711
-4554
422
1474695
2053
-171
3032
4884
-4468
271
1475720
1944
-182
3530
6272
-4431
15
1476745
2157
-127
3959
8167
-4848
-244
1477770
2842
-8
4218
10761
-4700
-314
1478795
3537
98
4270
11890
-3304
15
1479820
3554
108
4356
11074
-2567
55
1480845
3241
90
4326
9901
-2120
-249
1481870
2848
-25
4044
8148
-1346
-521
1482895
2318
-246
3574
6476
-719
-661
1475711
2207
-445
3054
4825
-550
-765
1476736
2648
-508
2550
3287
210
-907
1477761
2841
-508
2022
2177
1325
-1179
1478786
2492
-597
1453
1431
1515
-1349
1479811
2026
-754
947
642
1562
-1340
1480836
1795
-835
520
-77
2024
-1243
1481861
1759
-807
177
-291
2004
-1149
1482886
1625
-778
-13
-80
1885
-1247
1483911
1324
-869
-220
-63
2652
-1640
1484936
931
-1134
-633
-401
3213
-1813
1485961
608
-1602
-1358
1022
2159
-1556
1486986
396
-1939
-2157
4266
1951
-1519
1488011
128
-2064
-2872
6600
2625
-2683
1489036
-371
-2795
-3432
7846
2296
-1487
1490061
-1198
-3488
-4204
10916
1428
-1205
1491086
-1344
-3299
-4269
13142
597
-2355
1483910
-1073
-2576
-3424
12946
-1431
103
1484935
-1150
-2009
-2734
11972
-2965
650
1485960
-1080
-1448
-2224
10452
-1486
555
1486985
-2989
-1419
-1805
8657
-1459
559
1488010
-4719
-1399
-1453
7296
-4100
212
1489035
-3923
-837
-1209
5845
-4349
403
1490060
-2957
-426
-1024
4713
-3834
581
1491085
-2812
-303
-826
3805
-4028
557
1492110
-2803
-180
-525
3033
-3825
837
1493135
-2916
-41
-134
2091
-3387
1112
1494160
-3290
67
343
1086
-3266
1062
1495185
-3526
148
807
154
-3100
1291
1496210
-3127
363
1227
-811
-3136
1711
1497235
-2298
753
1535
-1639
-3291
1680
1498260
-1741
907
1648
-2005
-3367
1504
1499285
-1326
743
1690
-1827
-3064
2066
1492096
-710
807
1818
-1849
-2881
2644
1493121
-342
881
1888
-1394
-3239
2469
1494146
-161
744
1849
-3
-3718
1988
1495171
118
619
1729
1915
-4002
1719
1496196
428
496
1494
4884
-4764
1701
1497221
837
586
1881
8674
-5129
1319
1498246
1250
760
2489
12787
-4614
881
1499271
1677
737
3195
11229
-4397
404
1500296
1834
528
3535
8652
-4762
84
1501321
1960
270
3540
8422
-4008
-272
1502346
2220
311
3794
7345
-3806
-414
1503371
2548
376
3816
6350
-4393
-880
1504396
2546
256
3686
6428
-4533
-1308
1505421
1929
-50
3857
7269
-4893
-1146
1506446
1786
-196
4222
7373
-5405
-1005
1507471
2300
-109
4517
6184
-4919
-1154
1500289
2355
-206
4579
5351
-4118
-1283
1501314
1966
-530
4495
4825
-3572
-1208
1502339
1780
-819
4279
4554
-2709
-918
1503364
1696
-1022
3997
3893
-1752
-944
1504389
1591
-1191
3689
2845
-1105
-894
1505414
1440
-1311
3278
1945
-472
-776
1506439
1146
-1431
2732
1239
117
-918
1507464
728
-1638
2142
930
51
-903
1508489
496
-1778
1542
856
296
-539
1509514
406
-1740
1119
217
1475
-217
1510539
220
-1625
732
-624
2196
69
1511564
-57
-1645
232
-519
1309
376
1512589
-63
-1699
-249
-87
834
540
1513614
324
-1714
-638
271
734
791
1514639
783
-1758
-923
746
654
865
1515664
1296
-1785
-1119
1542
196
741
1508480
1852
-1843
-1404
3963
-1872
711
1509505
2309
-1777
-1550
6956
-2974
1182
1510530
2443
-1926
-1902
7427
-1021
1787
1511555
1347
-2529
-2435
5900
-943
2620
1512580
-614
-2923
-2559
6104
-2386
2503
1513605
-1434
-2883
-2552
7019
-2736
2128
1514630
-998
-2718
-2708
7067
-2350
1661
1515655
-205
-2520
-3076
7312
-3022
1549
1516680
290
-2357
-3426
7466
-2980
1284
1517705
466
-2202
-3477
6594
-2052
1428
1518730
19
-2077
-3395
6762
-2052
2138
1519755
-570
-1961
-3212
7635
-2323
2084
1520780
-890
-1811
-2964
7659
-1669
1457
1521805
-1155
-1708
-2715
7089
-1471
839
1522830
-1016
-1640
-2432
6176
-2180
454
1523855
-353
-1538
-2094
5390
-2182
488
1516672
406
-1408
-1904
4654
-814
942
1517697
1158
-1301
-1891
3926
-226
797
1518722
1556
-1324
-1794
3386
-277
366
1519747
1706
-1387
-1739
3395
-389
276
1520772
1934
-1296
-1634
3369
104
219
1521797
1981
-1368
-1538
2739
-179
563
1522822
2058
-1532
-1595
2458
-1011
1158
1523847
2379
-1415
-1511
2456
-790
1432
1524872
2356
-1128
-1211
2220
-422
1159
1525897
1779
-965
-943
2136
-1123
1155
1526922
1304
-857
-783
1899
-1616
1694
1527947
1227
-737
-731
1429
-1492
2221
1528972
1338
-615
-713
1189
-1490
2412
1529997
1630
-476
-701
1533
-1900
2229
1531022
2271
-218
-819
3012
-2140
1787
1532047
3118
290
-1218
5564
-2601
1509
1524863
4291
1307
-1557
7763
-2477
612
1525888
5212
2455
-1707
8060
-1397
-1089
1526913
4806
3050
-1650
7302
-248
-2439
1527938
3631
3115
-1346
7247
270
-1852
1528963
2675
3130
-992
7618
448
-929
1529988
1770
3301
-643
7622
514
-1544
1531013
778
3221
-287
6139
232
-2197
1532038
-333
2789
158
4765
-629
-1788
1533063
-709
2541
616
4049
-815
-879
1534088
-691
2466
787
4324
-1372
-1025
1535113
18
2619
845
4691
-1834
-1375
1536138
640
2833
722
5359
-1684
-1579
1537163
724
2984
705
5338
-797
-2097
1538188
194
2899
858
4699
-214
-2170
1539213
-564
2563
1130
4579
-901
-1670
1540238
-803
2238
1480
4627
-1035
-1313
1533056
-756
1926
1737
4724
-1016
-1492
1534081
-529
1622
1932
4795
-1275
-1921
1535106
-11
1384
2062
4828
-1398
-2194
1536131
636
1177
2106
4720
-1286
-2241
1537156
1095
919
2124
4412
-955
-2066
1538181
1327
593
2171
4120
-848
-1753
1539206
1497
277
2259
4068
-872
-1550
1540231
1647
8
2357
4111
-836
-1515
1541256
1775
-230
2435
4269
-799
-1542
1542281
1835
-416
2491
4510
-720
-1529
1543306
1800
-594
2494
4592
-622
-1449
1544331
1685
-783
2468
4527
-501
-1283
1545356
1454
-995
2445
4530
-392
-1048
1546381
1154
-1240
2445
4596
-480
-872
1547406
951
-1461
2450
4898
-535
-777
1548431
869
-1652
2404
5317
-526
-751
1541248
898
-1831
2296
5649
-394
-744
1542273
892
-1966
2242
5953
-280
-695
1543298
774
-2155
2225
6095
-220
-633
1544323
687
-2469
2243
5699
-318
-382
1545348
914
-2815
2335
4954
-521
286
1546373
1541
-2997
2413
4840
-739
1124
1547398
2499
-2853
2460
4994
-901
1412
1548423
3380
-2521
2544
5007
-569
1378
1549448
3805
-2195
2534
4774
-121
1003
1550473
3612
-2071
2375
4528
-113
509
1551498
3170
-2195
2054
4558
-273
767
1552523
2681
-2298
1677
4729
-69
1646
1553548
2231
-2297
1244
4703
402
1772
1554573
1893
-2318
925
4468
129
1519
1555598
1872
-2380
649
4286
-450
1319
1556623
2234
-2406
434
4218
-463
1708
1549440
2583
-2327
341
4174
-290
1951
1550465
2795
-2192
256
4141
-435
1772
1551490
3118
-1909
134
4031
-767
1863
1552515
3613
-1466
8
3893
-647
2349
1553540
3776
-959
-106
3943
-118
2953
1554565
3222
-468
-250
3759
419
2972
1555590
2113
-161
-480
3375
600
2778
1556615
721
-44
-853
3247
511
2499
1557640
-566
20
-1238
3333
439
2203
1558665
-1584
102
-1560
3640
214
1867
1559690
-2211
254
-1822
3990
-218
1518
1560715
-2432
433
-2029
4177
-449
1310
1561740
-2475
537
-2175
4308
-568
1102
1562765
-2407
585
-2284
4411
-589
851
1563790
-2397
574
-2334
4500
-487
715
1564815
-2425
546
-2297
4589
-453
723
1557632
-2415
558
-2204
4464
-392
605
1558657
-2480
566
-2115
4401
-454
368
1559682
-2592
556
-2062
4464
-536
181
1560707
-2753
533
-2053
4596
-523
126
1561732
-2928
517
-2092
4704
-526
155
1562757
-3002
547
-2085
4629
-661
119
1563782
-2973
576
-2012
4462
-740
32
1564807
-2961
546
-1906
4395
-608
-81
1565832
-3003
472
-1772
4446
-672
-200
1566857
-2936
389
-1630
4411
-892
-243
1567882
-2702
319
-1510
4160
-937
-170
1568907
-2435
220
-1415
4024
-985
-169
1569932
-2096
134
-1342
4022
-997
-164
1570957
-1745
92
-1266
3978
-933
-125
1571982
-1544
14
-1229
3964
-924
-109
1573007
-1412
-72
-1222
3931
-1008
-90
1565824
-1248
-167
-1219
3741
-947
-22
1566849
-1108
-288
-1191
3711
-842
99
1567874
-1012
-390
-1096
3733
-754
243
1568899
-933
-464
-969
3730
-784
273
1569924
-809
-529
-827
3769
-896
301
1570949
-643
-578
-723
3816
-791
429
1571974
-565
-623
-622
3854
-690
562
1572999
-591
-642
-500
3813
-698
601
1574024
-638
-634
-382
3843
-705
718
1575049
-658
-608
-267
3805
-543
805
1576074
-786
-624
-164
3854
-514
929
1577099
-903
-659
-75
3854
-618
1121
1578124
-861
-648
3
3716
-667
1248
1579149
-751
-650
48
3792
-722
1317
1580174
-533
-632
116
3858
-669
1340
1581199
-279
-535
192
3910
-735
1463
1574016
-6
-381
281
4041
-678
1573
1575041
148
-259
381
4115
-373
1642
1576066
104
-170
477
4118
-226
1714
1577091
-34
-93
617
4077
-180
1711
1578116
-153
2
775
4045
-253
1592
1579141
-146
93
895
4030
-387
1402
1580166
-21
171
953
4000
-416
1254
1581191
107
218
985
4063
-404
1150
1582216
220
230
993
4064
-392
1038
1583241
352
233
983
4000
-398
949
1584266
479
226
966
3890
-426
854
1585291
615
197
944
3818
-416
777
1586316
756
172
918
3781
-361
724
1587341
865
165
890
3739
-359
703
1588366
946
161
849
3715
-365
711
1589391
975
175
779
3737
-278
705
1582208
885
178
699
3794
-250
665
1583233
743
175
614
3712
-240
609
1584258
588
155
540
3599
-215
620
1585283
417
135
467
3586
-213
751
1586308
266
131
394
3589
-280
764
1587333
150
122
319
3622
-339
703
1588358
95
94
236
3661
-417
676
1589383
118
62
159
3670
-447
699
1590408
163
24
85
3679
-418
768
1591433
190
-4
14
3703
-443
861
1592458
186
-30
-46
3659
-483
830
1593483
159
-64
-106
3607
-556
797
1594508
138
-86
-155
3591
-625
816
1595533
153
-103
-199
3677
-629
858
1596558
188
-105
-226
3724
-627
897
1597583
196
-108
-258
3741
-607
877
1590400
151
-119
-290
3736
-642
843
1591425
112
-129
-315
3674
-653
889
1592450
72
-142
-329
3636
-648
935
1593475
53
-150
-320
3631
-684
949
1594500
69
-138
-304
3659
-674
911
1595525
71
-129
-285
3710
-674
888
1596550
74
-126
-279
3766
-661
893
1597575
76
-121
-274
3787
-611
921
1598600
46
-118
-255
3763
-612
923
1599625
5
-122
-228
3767
-632
892
1600650
9
-129
-209
3773
-641
899
1601675
44
-133
-187
3766
-674
923
1602700
109
-128
-172
3740
-660
903
1603725
169
-119
-154
3687
-643
884
1604750
190
-105
-134
3671
-619
881
1605775
172
-100
-124
3702
-610
884
1598592
157
-104
-123
3759
-612
886
1599617
160
-102
-118
3810
-605
872
1600642
161
-102
-102
3827
-579
839
1601667
155
-102
-75
3812
-575
821
1602692
164
-99
-40
3791
-589
825
1603717
167
-103
-10
3827
-583
803
1604742
184
-110
16
3816
-589
783
1605767
230
-116
47
3778
-583
767
1606792
285
-117
83
3839
-543
767
1607817
313
-105
125
3859
-529
790
1608842
306
-86
162
3854
-498
826
1609867
271
-67
196
3898
-420
836
1610892
218
-44
246
3910
-435
802
1611917
190
-18
302
3877
-462
777
1612942
188
-1
345
3820
-447
802
1613967
196
1
363
3799
-448
821
1606785
212
-2
358
3828
-444
813
1607810
229
-3
345
3836
-458
784
1608835
255
-2
321
3749
-453
760
1609860
268
-7
292
3690
-450
772
1610885
270
-10
261
3689
-455
796
1611910
283
-15
218
3697
-446
786
1612935
280
-18
170
3712
-445
755
1613960
260
-27
125
3759
-441
722
1614985
260
-40
90
3722
-475
680
1616010
297
-68
48
3685
-519
695
1617035
369
-101
-18
3752
-536
723
1618060
463
-132
-92
3727
-555
739
1619085
557
-163
-157
3614
-559
736
1620110
627
-200
-220
3644
-591
753
1621135
706
-219
-281
3699
-617
794
1622160
797
-216
-341
3753
-556
806
1614975
814
-202
-376
3802
-511
787
1616000
751
-185
-379
3884
-471
790
1617025
682
-153
-356
3945
-441
790
1618050
616
-105
-298
3887
-457
756
1619075
553
-72
-238
3892
-497
711
1620100
508
-52
-184
4004
-500
711
1621125
489
-33
-117
3945
-470
723
1622150
466
-13
-40
3829
-481
715
1623175
430
7
36
3890
-509
689
1624200
409
38
113
3976
-470
666
1625225
380
75
191
3981
-401
624
1626250
296
100
271
3875
-392
591
1627275
201
110
349
3808
-419
599
1628300
140
119
407
3857
-408
615
1629325
107
123
445
3858
-399
604
1630350
86
120
470
3787
-420
580
1623169
72
111
476
3797
-442
561
1624194
73
108
470
3837
-427
569
1625219
77
106
458
3838
-386
611
1626244
52
102
447
3736
-349
629
1627269
-14
85
440
3683
-383
626
1628294
-48
64
409
3761
-438
614
1629319
-27
59
364
3752
-436
634
1630344
-5
50
308
3720
-406
673
1631369
-6
32
242
3661
-402
716
1632394
-21
0
168
3625
-406
732
1633419
-17
-9
97
3641
-458
736
1634444
5
-1
24
3579
-482
755
1635469
4
-6
-57
3580
-453
760
1636494
-23
-14
-130
3638
-462
783
1637519
-65
-27
-200
3706
-467
785
1638544
-97
-39
-266
3755
-466
771
1631360
-112
-43
-308
3757
-518
777
1632385
-99
-50
-344
3747
-531
781
1633410
-83
-52
-368
3782
-505
782
1634435
-99
-46
-373
3812
-472
781
1635460
-140
-42
-359
3804
-522
774
1636485
-158
-38
-341
3784
-574
754
1637510
-143
-33
-335
3801
-581
741
1638535
-125
-34
-333
3852
-587
748
1639560
-107
-33
-325
3859
-573
756
1640585
-109
-35
-311
3820
-583
756
1641610
-108
-35
-288
3801
-594
730
1642635
-101
-32
-250
3790
-595
742
1643660
-93
-22
-201
3786
-584
749
1644685
-96
-16
-150
3858
-594
716
1645710
-97
-7
-106
3844
-593
704
1646735
-97
-7
-68
3810
-572
722
1639551
-103
-7
-29
3790
-565
736
1640576
-116
-6
11
3747
-579
723
1641601
-112
-7
33
3755
-620
699
1642626
-75
-4
41
3768
-617
705
1643651
-34
-1
47
3739
-578
720
1644676
-19
-3
55
3712
-571
724
1645701
-29
-7
68
3741
-576
713
1646726
-31
-11
77
3791
-560
718
1647751
-11
-17
92
3791
-565
737
1648776
14
-23
112
3822
-531
727
1649801
27
-28
138
3873
-522
713
1650826
50
-22
162
3848
-522
745
1651851
68
-16
177
3788
-512
767
1652876
81
-15
178
3754
-499
773
1653901
87
-11
178
3753
-497
762
1654926
74
-2
169
3746
-479
775
1647745
55
5
155
3738
-492
786
1648770
36
9
136
3755
-476
775
1649795
29
4
121
3792
-469
769
1650820
25
4
118
3755
-476
781
1651845
31
1
119
3735
-484
779
1652870
59
6
109
3823
-513
763
1653895
85
9
85
3815
-494
784
1654920
101
9
49
3787
-467
815
1655945
90
11
23
3764
-476
800
1656970
69
23
12
3742
-469
784
1657995
43
39
13
3749
-484
770
1659020
18
47
11
3714
-479
764
1660045
-5
42
6
3709
-488
773
1661070
-7
39
0
3670
-504
743
1662095
-15
36
-2
3701
-508
692
1663120
-21
34
-12
3779
-512
684
1655936
-33
31
-23
3811
-527
701
1656961
-57
16
-33
3797
-532
693
1657986
-66
-4
-50
3759
-546
685
1659011
-59
-21
-55
3734
-568
698
1660036
-44
-26
-53
3798
-541
711
1661061
-62
-27
-50
3810
-530
712
1662086
-75
-38
-56
3786
-568
726
1663111
-61
-40
-59
3809
-583
751
1664136
-48
-40
-62
3790
-559
771
1665161
-43
-43
-56
3758
-551
768
1666186
-42
-44
-45
3737
-570
753
1667211
-21
-37
-23
3661
-590
780
1668236
-13
-46
-29
3716
-582
792
1669261
8
-48
-33
3835
-600
785
1670286
31
-36
-44
3820
-527
794
1671311
-7
-36
-46
3783
-531
783
1664128
-47
-22
-31
3746
-558
791
1665153
-73
-7
-12
3730
-547
798
1666178
-86
0
8
3791
-551
757
1667203
-86
5
27
3841
-548
725
1668228
-81
8
47
3815
-551
742
1669253
-73
9
59
3757
-560
734
1670278
-60
6
64
3745
-553
704
1671303
-45
4
65
3742
-568
705
1672328
-33
-2
57
3728
-562
707
1673353
-20
-8
42
3746
-564
681
1674378
-6
-7
29
3742
-556
667
1675403
-18
-15
23
3742
-530
665
1676428
-38
-24
27
3734
-544
663
1677453
-31
-29
35
3746
-566
670
1678478
6
-30
36
3758
-575
651
1679503
13
-30
39
3732
-536
640
1672320
-24
-38
41
3755
-518
641
1673345
-54
-44
45
3801
-533
648
1674370
-49
-55
47
3806
-567
628
1675395
-3
-64
39
3766
-566
667
1676420
33
-63
21
3814
-534
660
1677445
27
-64
1
3834
-499
653
1678470
-1
-63
-13
3767
-517
700
1679495
-14
-60
-24
3687
-536
708
1680520
-24
-52
-30
3638
-558
694
1681545
-37
-45
-39
3708
-573
700
1682570
-52
-40
-46
3758
-556
716
1683595
-91
-42
-40
3792
-543
705
1684620
-132
-40
-19
3825
-580
658
1685645
-135
-37
12
3825
-615
652
1686670
-89
-32
37
3809
-630
670
1687695
-36
-29
43
3761
-609
680
1680512
-27
-37
38
3718
-605
684
1681537
-48
-43
29
3726
-597
687
1682562
-80
-41
34
3753
-602
676
1683587
-86
-34
50
3802
-624
650
1684612
-66
-25
67
3828
-619
626
1685637
-35
-28
75
3862
-625
658
1686662
23
-30
70
3830
-588
690
1687687
46
-34
68
3753
-537
665
1688712
13
-41
66
3810
-561
627
1689737
5
-41
49
3898
-603
652
1690762
58
-31
10
3833
-589
715
1691787
90
-30
-30
3740
-542
742
1692812
45
-22
-44
3812
-509
722
1693837
-33
1
-33
3884
-547
691
1694862
-66
32
-10
3880
-560
672
1695887
-68
59
26
3829
-555
675
1688704
-75
65
53
3795
-544
681
1689729
-76
53
63
3808
-543
665
1690754
-62
42
56
3763
-558
656
1691779
-58
40
40
3710
-563
604
1692804
-56
42
31
3698
-568
596
1693829
-58
42
14
3749
-569
612
1694854
-63
38
-11
3799
-548
613
1695879
-62
24
-32
3781
-553
611
1696904
-70
14
-36
3765
-541
609
1697929
-146
5
-27
3817
-432
628
1698954
-354
-16
-13
3859
-393
633
1699979
-556
-32
4
3825
-448
646
1701004
-637
-36
11
3811
-564
585
1702029
-565
-30
7
3816
-694
505
1703054
-360
-14
-15
3739
-701
554
1704079
-167
-8
-52
3712
-633
603
1697124
-51
-11
-79
3686
-604
607
1698149
-9
-25
-109
3657
-604
613
1699174
-6
-35
-140
3669
-615
643
1700199
-3
-31
-161
3755
-634
639
1701224
-2
-28
-183
3883
-632
636
1702249
-7
-22
-196
3881
-626
654
1703274
-15
-18
-188
3837
-621
663
1704299
-23
-6
-160
3785
-663
672
1705324
-18
5
-129
3770
-637
675
1706349
-20
8
-96
3846
-627
647
1707374
-20
11
-63
3855
-652
646
1708399
5
22
-30
3821
-637
649
1709424
11
31
4
3810
-601
622
1710449
4
32
31
3804
-627
622
1711474
25
34
42
3796
-645
636
1712499
69
41
43
3743
-618
620
1705088
84
39
39
3696
-611
606
1706113
77
30
33
3724
-598
620
1707138
78
27
28
3760
-588
615
1708163
77
28
29
3777
-599
605
1709188
80
32
40
3801
-591
584
1710213
96
30
51
3812
-581
586
1711238
111
20
55
3788
-583
605
1712263
127
10
54
3772
-571
629
1713288
140
7
58
3786
-548
630
1714313
135
12
70
3768
-541
606
1715338
118
20
89
3706
-527
620
1716363
93
14
101
3797
-517
628
1717388
79
4
94
3858
-550
631
1718413
100
-5
63
3849
-550
658
1719438
120
-10
34
3815
-536
658
1720463
134
-10
25
3714
-551
658
1713280
163
2
33
3696
-535
681
1714305
162
14
45
3724
-505
698
1715330
136
15
41
3761
-512
720
1716355
115
13
19
3805
-501
685
1717380
95
13
-2
3796
-532
658
1718405
95
15
-16
3789
-559
684
1719430
109
26
-26
3793
-535
707
1720455
104
29
-22
3814
-523
698
1721480
77
31
-14
3835
-525
683
1722505
57
39
2
3825
-535
662
1723530
54
43
18
3804
-555
670
1724555
60
39
24
3763
-553
684
1725580
59
30
21
3734
-542
678
1726605
53
20
16
3719
-542
674
1727630
54
19
12
3724
-555
654
1728655
