Device = VHR-0009
time_stamp = 1777368431842
sample_rate = 50
Data format = INT16
TYPE = 6-AXIS IMU RAW DATA
10
5
-8
3809
-1015
290
4883584
6
6
-8
3816
-988
289
4884609
-3
6
-11
3834
-978
277
4885634
0
3
-15
3809
-964
280
4886659
1
-1
-17
3805
-965
308
4887684
1
-1
-18
3827
-964
341
4888709
2
2
-22
3859
-964
343
4889734
-1
8
-25
3850
-971
348
4890759
-9
8
-27
3867
-992
337
4891784
-12
15
-21
3868
-1003
332
4892809
-7
20
-14
3841
-1009
322
4893834
-3
22
-10
3827
-1014
318
4894859
-5
25
-6
3838
-1012
315
4895884
-9
28
-2
3828
-1026
327
4896909
1
27
-3
3823
-1036
340
4897934
22
24
-3
3810
-1027
341
4898959
39
21
-1
3824
-1004
337
4891777
49
23
-1
3840
-994
361
4892802
49
24
-2
3845
-982
368
4893827
45
24
-2
3832
-979
377
4894852
43
22
1
3815
-960
364
4895877
45
18
4
3809
-944
348
4896902
51
14
0
3821
-933
356
4897927
48
12
-6
3822
-933
377
4898952
35
11
-9
3836
-938
383
4899977
18
13
-9
3836
-952
394
4901002
11
13
-6
3830
-978
403
4902027
19
10
-4
3834
-983
413
4903052
29
9
-1
3835
-972
417
4904077
24
9
0
3833
-954
412
4905102
14
10
-2
3819
-968
417
4906127
15
7
-6
3819
-978
424
4907152
20
4
-6
3821
-979
422
4899969
23
2
-6
3818
-966
426
4900994
19
0
-5
3827
-973
417
4902019
24
-2
-7
3833
-969
420
4903044
26
-4
-10
3850
-959
408
4904069
19
-4
-10
3837
-964
412
4905094
12
-6
-9
3861
-969
403
4906119
2
-1
-9
3845
-978
415
4907144
1
-2
-10
3810
-975
434
4908169
1
-6
-12
3838
-976
421
4909194
3
-5
-12
3845
-977
413
4910219
1
-3
-10
3854
-980
401
4911244
-3
-1
-7
3850
-979
405
4912269
-12
-3
-2
3856
-980
408
4913294
-13
-5
1
3848
-988
404
4914319
7
-8
1
3831
-962
408
4915344
21
-11
3
3814
-930
430
4908161
15
-12
4
3828
-903
435
4909186
0
-7
1
3825
-898
447
4910211
-15
-6
-3
3828
-917
439
4911236
-23
-4
-5
3826
-934
429
4912261
-29
-2
-2
3838
-955
415
4913286
-26
-3
1
3851
-971
406
4914311
-15
-4
3
3850
-977
401
4915336
0
-6
6
3846
-960
402
4916361
8
-7
6
3834
-943
413
4917386
9
-8
5
3845
-938
417
4918411
11
-7
5
3839
-920
425
4919436
5
-4
7
3834
-911
425
4920461
-1
-2
9
3840
-909
407
4921486
-1
-1
8
3842
-903
398
4922511
-6
-3
6
3854
-913
387
4923536
-15
-3
5
3856
-927
384
4916352
-18
-2
5
3852
-950
400
4917377
-18
-4
9
3845
-953
417
4918402
-18
-2
13
3840
-954
416
4919427
-15
-1
14
3840
-960
410
4920452
-9
1
15
3826
-946
414
4921477
-7
1
17
3812
-945
409
4922502
-7
-1
15
3815
-942
397
4923527
-7
-4
11
3848
-969
397
4924552
-2
-3
8
3849
-975
413
4925577
1
-4
9
3862
-968
401
4926602
3
0
12
3842
-957
397
4927627
9
-1
17
3824
-954
389
4928652
14
-3
16
3823
-945
387
4929677
12
-5
15
3826
-944
374
4930702
9
-5
13
3823
-949
374
4931727
6
-6
11
3832
-973
374
4924543
9
-7
11
3810
-983
395
4925568
14
-9
11
3814
-976
403
4926593
15
-9
5
3835
-969
388
4927618
10
-9
1
3842
-966
384
4928643
-1
-10
-2
3853
-979
377
4929668
-5
-8
-3
3845
-987
365
4930693
0
-11
-2
3840
-982
369
4931718
5
-17
0
3844
-978
366
4932743
9
-19
2
3855
-976
372
4933768
9
-19
2
3838
-975
381
4934793
10
-20
-1
3826
-975
397
4935818
9
-20
-1
3819
-978
398
4936843
10
-19
0
3817
-982
402
4937868
9
-16
1
3827
-980
391
4938893
5
-15
1
3844
-984
393
4939918
0
-14
2
3858
-978
386
4932736
-5
-12
2
3852
-978
376
4933761
-10
-10
3
3844
-985
378
4934786
-9
-10
4
3839
-989
391
4935811
-10
-9
5
3838
-987
410
4936836
-13
-6
6
3844
-985
402
4937861
-15
-3
5
3840
-989
390
4938886
-12
-1
6
3828
-983
387
4939911
-8
0
8
3815
-975
392
4940936
-4
0
7
3824
-960
390
4941961
-10
1
2
3849
-961
379
4942986
-18
3
-3
3847
-968
383
4944011
-21
0
-5
3853
-982
374
4945036
-17
1
-1
3841
-967
390
4946061
-15
0
4
3839
-946
406
4947086
-22
-1
8
3843
-935
413
4948111
-39
2
6
3858
-932
404
4940928
-65
5
4
3857
-931
408
4941953
-86
8
6
3852
-955
390
4942978
-88
9
12
3841
-977
386
4944003
-76
9
12
3829
-981
392
4945028
-64
10
6
3815
-969
383
4946053
-68
9
-6
3812
-972
377
4947078
-72
8
-18
3836
-1002
390
4948103
-63
10
-25
3848
-1016
411
4949128
-47
11
-22
3847
-1013
427
4950153
-43
12
-10
3880
-1016
437
4951178
-58
14
17
3911
-1036
452
4952203
-58
13
55
3936
-1007
480
4953228
-70
11
100
3958
-980
545
4954253
-90
20
137
3978
-960
646
4955278
-134
44
172
4026
-999
737
4956303
-219
91
230
4059
-1079
724
4949119
-316
154
308
4059
-1126
669
4950144
-389
216
399
3977
-1220
617
4951169
-420
249
489
3905
-1330
625
4952194
-400
276
554
3856
-1354
675
4953219
-395
318
604
3760
-1260
728
4954244
-534
369
673
3679
-1233
776
4955269
-802
400
763
3640
-1365
733
4956294
-979
405
854
3639
-1568
678
4957319
-943
379
923
3697
-1588
700
4958344
-948
353
953
3707
-1560
704
4959369
-988
293
964
3716
-1705
603
4960394
-963
213
910
3694
-1659
587
4961419
-925
129
827
3633
-1699
605
4962444
-811
50
731
3450
-1712
638
4963469
-752
-38
654
3076
-1666
645
4964494
-786
-171
623
2865
-1713
661
4957328
-713
-335
562
2955
-1874
652
4958353
-448
-461
446
3146
-2062
645
4959378
-31
-520
274
3345
-2257
700
4960403
281
-529
118
3596
-2328
631
4961428
265
-475
84
3708
-2091
518
4962453
-1
-378
174
3616
-2123
453
4963478
-276
-278
310
3490
-2227
402
4964503
-494
-174
457
3515
-2397
366
4965528
-667
-74
594
3592
-2385
244
4966553
-877
29
712
3543
-2272
37
4967578
-1040
112
789
3478
-2273
-264
4968603
-1079
169
816
3470
-2241
-463
4969628
-1036
226
802
3427
-2191
-477
4970653
-910
282
754
3337
-2119
-419
4971678
-752
327
695
3248
-1947
-396
4972703
-651
374
628
3157
-1779
-415
4965505
-616
422
533
3049
-1633
-405
4966530
-642
465
413
2933
-1542
-380
4967555
-688
505
275
2830
-1513
-361
4968580
-705
538
118
2710
-1473
-335
4969605
-703
562
-54
2584
-1425
-295
4970630
-688
576
-251
2601
-1398
-296
4971655
-657
595
-485
2731
-1452
-314
4972680
-598
625
-755
2916
-1610
-334
4973705
-489
641
-1034
3177
-1797
-385
4974730
-347
647
-1293
3495
-1882
-415
4975755
-237
644
-1503
3672
-1907
-371
4976780
-211
610
-1636
3745
-1901
-256
4977805
-317
554
-1724
3791
-1874
-119
4978830
-562
486
-1776
3819
-1882
-50
4979855
-879
425
-1767
3865
-1998
-58
4980880
-1086
388
-1729
3816
-2112
-27
4973695
-1130
339
-1657
3844
-2272
-17
4974720
-1000
316
-1577
3821
-2371
31
4975745
-745
301
-1497
3703
-2391
60
4976770
-472
278
-1437
3649
-2311
67
4977795
-249
251
-1371
3657
-2197
107
4978820
-87
226
-1307
3706
-2120
176
4979845
51
206
-1248
3840
-2104
280
4980870
165
185
-1180
4063
-2033
318
4981895
215
196
-1101
4128
-1941
274
4982920
207
196
-1019
4172
-1818
272
4983945
141
184
-915
4206
-1718
318
4984970
32
153
-776
4223
-1678
366
4985995
-54
110
-622
4246
-1639
411
4987020
-57
70
-462
4281
-1605
502
4988045
14
12
-292
4450
-1583
488
4989070
120
-36
-132
4618
-1549
401
4981889
241
-73
-1
4725
-1485
376
4982914
350
-100
106
4735
-1403
404
4983939
418
-111
193
4583
-1318
462
4984964
360
-128
277
4339
-1306
554
4985989
144
-174
366
4131
-1141
589
4987014
-188
-191
510
3790
-879
614
4988039
-463
-164
773
3366
-1466
701
4989064
-369
-158
1025
3137
-2104
673
4990089
96
-182
1240
2885
-1866
730
4991114
415
-214
1494
2880
-1519
780
4992139
516
-194
1711
3023
-1511
699
4993164
678
-110
1877
3046
-1479
683
4994189
1028
-13
2032
2967
-1188
823
4995214
1469
29
2263
3805
-1547
1014
4996239
1572
127
2427
5294
-1907
338
4997264
1447
282
2332
6138
-755
-349
4990080
1112
439
2191
6551
460
-412
4991105
569
623
2082
6488
545
-298
4992130
92
643
1733
6352
519
-260
4993155
-244
404
1108
6896
273
-253
4994180
-357
260
409
7481
-644
-520
4995205
38
509
-100
7344
-2051
104
4996230
429
799
-400
6040
-2482
1085
4997255
232
780
-693
4878
-2153
1328
4998280
-476
824
-836
3963
-2701
1339
4999305
-1121
995
-945
2908
-3165
1530
5000330
-1595
1150
-1011
1989
-2935
1508
5001355
-2023
1360
-1004
1041
-2512
1262
5002380
-2261
1568
-942
-133
-2248
1094
5003405
-2245
1628
-849
-1414
-2193
1063
5004430
-1970
1551
-693
-2361
-2235
1429
5005455
-1591
1417
-486
-2905
-1822
1651
4998272
-1280
1268
-188
-3104
-1481
1548
4999297
-1138
1091
163
-2888
-1964
1245
5000322
-940
814
520
-2164
-2946
1183
5001347
-721
575
921
-1360
-3772
926
5002372
-401
372
1203
-540
-5399
354
5003397
427
-58
1355
1301
-9919
386
5004422
1762
-590
1697
4783
-13722
379
5005447
2802
-1128
2459
9677
-13231
-315
5006472
1824
-691
3604
11355
-10826
-1703
5007497
328
135
4360
7119
-8883
-1108
5008522
3
-930
4511
6604
-7468
-1114
5009547
782
-1748
4157
6745
-5670
-1354
5010572
1822
-2027
3675
5340
-3513
-891
5011597
2386
-2456
3187
4732
-1843
-835
5012622
2410
-2631
2728
4393
-606
-892
5013647
2111
-2526
2311
3572
251
-821
5006464
1787
-2411
1997
2818
527
-810
5007489
1563
-2276
1773
2510
858
-949
5008514
1575
-2018
1622
2130
1646
-1007
5009539
1642
-1701
1498
1749
2380
-960
5010564
1487
-1319
1243
1553
2742
-745
5011589
1130
-951
746
1678
2757
-508
5012614
575
-667
35
2266
2248
-144
5013639
73
-258
-878
2920
1516
451
5014664
-405
66
-2219
3540
716
57
5015689
-722
-146
-3937
4977
-755
404
5016714
-994
-440
-5172
8197
-5711
308
5017739
-1169
-340
-5543
11728
-9726
2236
5018764
-1060
-257
-4082
12359
-9539
5021
5019789
-1976
-72
-1794
8677
-10837
2868
5020814
-1705
587
-1102
3855
-8069
1499
5021839
-777
489
-877
1606
-4603
2122
5014655
-755
208
-1009
409
-2415
2147
5015680
-1767
259
-1205
-186
-2067
1698
5016705
-2403
314
-1219
-144
-2527
1380
5017730
-2319
490
-1091
-943
-2318
1330
5018755
-2089
542
-975
-1917
-1914
1139
5019780
-1481
410
-952
-2476
-1904
857
5020805
-224
167
-943
-2594
-2687
1109
5021830
1182
-167
-792
-1848
-4212
1606
5022855
2214
-301
-383
-1179
-4278
1715
5023880
2543
-253
251
-1530
-2179
1512
5024905
1802
-394
889
-1740
-1337
1314
5025930
710
-634
1410
-1168
-4302
1531
5026955
782
-911
1573
75
-9058
1735
5027980
2794
-1394
1387
3386
-13322
1718
5029005
5379
-1748
1355
8089
-14043
503
5030030
5557
-1335
1946
12774
-11636
339
5022848
2524
274
3087
10340
-7759
54
5023873
-351
524
4001
5904
-5889
264
5024898
-1406
-657
3929
5540
-4930
73
5025923
-907
-1270
3425
4679
-3965
-222
5026948
572
-1595
2831
3642
-2932
-423
5027973
1969
-1702
2320
3306
-1434
-878
5028998
2481
-1388
1992
2761
191
-1184
5030023
2088
-1084
1793
1996
1259
-1156
5031048
1351
-960
1574
1636
1504
-1039
5032073
889
-693
1349
1414
1535
-1230
5033098
670
-314
1163
1145
1934
-1477
5034123
342
-60
886
1026
2262
-1478
5035148
-23
21
387
1314
1880
-1257
5036173
-143
51
-247
2088
1164
-738
5037198
-59
195
-1018
2830
964
-453
5038223
-314
165
-2146
3558
622
-562
5031040
-832
-317
-3467
5456
-1501
-44
5032065
-1476
-556
-4194
9046
-6772
-413
5033090
-1223
-56
-4211
12338
-9731
1722
5034115
-719
286
-2503
11199
-10150
4224
5035140
-1677
335
-998
7326
-8596
2519
5036165
-2414
567
-447
4350
-5800
1460
5037190
-2722
560
-422
2711
-4084
1615
5038215
-3192
562
-679
1689
-3812
1718
5039240
-3611
661
-784
1318
-3749
1651
5040265
-3429
880
-612
839
-3430
1741
5041290
-2909
1157
-501
-69
-2676
1699
5042315
-2342
1364
-421
-879
-2012
1396
5043340
-1977
1531
-331
-1573
-1448
1295
5044365
-1916
1619
-189
-2154
-791
1406
5045390
-2008
1626
29
-2455
-613
1737
5046415
-1887
1535
251
-2393
-1039
1889
5039232
-1271
1355
413
-2075
-1368
1661
5040257
-375
1159
526
-1793
-1403
1116
5041282
329
996
461
-2094
-1966
893
5042307
786
406
-37
-1692
-5463
1720
5043332
1261
-466
-715
1600
-10540
2104
5044357
2453
-1110
-691
6432
-13827
2423
5045382
2553
-1675
735
14436
-15389
1523
5046407
1742
126
2565
11649
-11657
597
5047432
964
863
3418
4543
-6555
1520
5048457
656
-674
3446
5049
-4753
1101
5049482
792
-1049
3071
4767
-3364
366
5050507
1010
-1136
2703
3264
-1634
221
5051532
1003
-1475
2405
2754
-591
-67
5052557
1047
-1517
2099
2529
44
-769
5053582
1414
-1254
1784
2131
545
-1230
5054607
1928
-901
1433
1896
1537
-1366
5047424
2084
-448
1065
1660
3256
-1406
5048449
1375
71
671
1316
4285
-1362
5049474
36
412
121
1228
3683
-1374
5050499
-902
542
-673
1991
2530
-1258
5051524
-987
793
-1567
3057
1774
-804
5052549
-702
1212
-2526
3688
1168
-433
5053574
-835
1223
-3895
4724
321
-936
5054599
-1151
690
-5312
7078
-2340
-1029
5055624
-1996
408
-5470
11556
-8651
-774
5056649
-2773
1000
-4109
13643
-12476
3573
5057674
-3776
946
-1619
9394
-12514
2942
5058699
-3557
916
-656
5483
-10712
722
5059724
-1411
1107
-695
2983
-8264
1346
5060749
86
924
-989
1529
-4778
1665
5061774
-1002
943
-956
525
-2597
1774
5062799
-2894
990
-697
146
-2720
1669
5055616
-3704
1111
-491
-525
-2943
1393
5056641
-3425
1213
-418
-1534
-2584
1345
5057666
-2625
1162
-380
-2101
-2263
1491
5058691
-1588
1134
-221
-2582
-1474
1625
5059716
-745
998
176
-3368
-557
1369
5060741
-271
567
619
-3584
-623
1072
5061766
-22
81
824
-2984
-1298
1284
5062791
151
-202
892
-2160
-1793
1621
5063816
337
-137
818
-1994
-3143
1289
5064841
757
-287
378
-1269
-8244
984
5065866
1255
-977
12
2915
-15178
1430
5066891
2516
-1640
926
9776
-16562
1316
5067916
1887
-877
2644
13775
-11757
-303
5068941
-532
1335
3938
6475
-7410
-2
5069966
-2083
482
4344
3297
-5946
380
5070991
-1588
-1113
3828
5212
-5573
-613
5063807
197
-1139
3138
4447
-4227
-349
5064832
1892
-1434
2506
3336
-2176
-293
5065857
2762
-1918
2022
3486
-149
-838
5066882
2846
-1970
1677
3682
1569
-1224
5067907
2552
-1631
1353
3112
2804
-1175
5068932
2190
-1149
1037
1917
3477
-1067
5069957
1517
-904
609
1328
3700
-1079
5070982
573
-713
-141
1430
3582
-698
5072007
-168
-475
-925
1856
2522
-321
5073032
-195
-210
-1743
2615
1267
-71
5074057
385
134
-2656
3604
965
384
5075082
467
503
-3735
4361
854
-42
5076107
-625
307
-4850
6957
-1508
-352
5077132
-3086
559
-5117
11317
-6967
93
5078157
-5128
1164
-4076
14007
-12508
2017
5079182
-5496
1431
-1952
10459
-15396
1075
5072000
-3559
1775
-887
5468
-11801
895
5073025
-1058
1682
-446
2635
-7672
1471
5074050
505
1514
-594
1030
-5077
1405
5075075
360
1556
-632
125
-2833
1333
5076100
-1089
1621
-480
-98
-2139
1239
5077125
-2045
1736
-292
-425
-2635
991
5078150
-1766
1821
-143
-1102
-2920
796
5079175
-830
1725
-41
-1720
-2417
704
5080200
-75
1501
32
-2073
-1376
654
5081225
145
1245
110
-2473
-641
555
5082250
153
879
171
-2688
-696
480
5083275
390
446
246
-2520
-1082
389
5084300
934
36
364
-2376
-1441
370
5085325
1364
-325
485
-2387
-1945
143
5086350
1475
-623
451
-2469
-3830
-110
5087375
1633
-1407
185
-478
-9771
266
5080192
2371
-2180
229
4190
-15034
890
5081217
3750
-2854
984
10326
-14682
516
5082242
2555
-1831
2368
12289
-9932
-78
5083267
221
-14
3624
5459
-7013
1047
5084292
-681
-1175
3811
3968
-5660
1057
5085317
-275
-2223
3310
5380
-4474
514
5086342
551
-2148
2891
4276
-3005
579
5087367
1408
-2399
2519
3257
-1693
371
5088392
2035
-2696
2184
3398
-555
-183
5089417
2361
-2472
1885
3282
787
-584
5090442
2604
-1894
1618
3092
1780
82
5091467
2933
-637
-474
2879
7003
679
5092492
1482
536
-935
569
8386
207
5093517
-1348
28
1194
135
844
-1094
5094542
-733
-123
-322
2038
-1872
-1103
5095567
356
40
-1715
3684
1125
-129
5088384
-639
1108
-2813
3874
2176
322
5089409
-1648
1193
-3373
5252
-2043
-650
5090434
-1508
891
-3460
8797
-7761
83
5091459
-2035
1191
-3096
10317
-8789
2311
5092484
-3156
1066
-2099
7803
-8276
1919
5093509
-3041
781
-1470
5950
-9711
1032
5094534
-977
694
-1511
5318
-8247
1417
5095559
498
760
-1647
3955
-5401
1719
5096584
263
887
-1679
2416
-3976
1849
5097609
-580
898
-1615
1620
-3693
1930
5098634
-1067
881
-1547
1206
-3270
1913
5099659
-1327
987
-1452
496
-2347
1761
5100684
-1671
1073
-1326
-348
-1799
1576
5101709
-1938
1073
-1192
-1011
-1546
1401
5102734
-1972
1068
-984
-1640
-1200
1231
5103759
-1883
1028
-677
-2402
-1001
1118
5096576
-1706
793
-375
-2962
-1169
1115
5097601
-1217
405
-164
-2856
-1611
1098
5098626
-405
86
25
-2506
-2156
1040
5099651
336
-110
177
-2417
-2664
774
5100676
805
-359
98
-2112
-4767
782
5101701
1060
-942
-149
584
-10356
1403
5102726
1755
-1356
64
5255
-14768
1649
5103751
2307
-1657
1096
11331
-14492
334
5104776
1346
-475
2197
12257
-8922
-1306
5105801
-101
858
3343
6319
-5596
76
5106826
-1310
-358
4140
5747
-5913
1185
5107851
-1368
-1167
3948
5790
-5062
1229
5108876
-164
-1434
3391
4055
-3232
1055
5109901
1159
-1870
2931
3199
-2320
449
5110926
2193
-2061
2479
2886
-1363
-80
5111951
2598
-2013
2053
2629
48
-325
5104768
2411
-1840
1748
2442
973
-269
5105793
2133
-1482
1504
2020
1279
-164
5106818
1952
-1102
1280
1481
1460
-405
5107843
1768
-857
997
1267
1850
-712
5108868
1457
-728
634
1633
2100
-618
5109893
998
-538
232
2272
2076
-293
5110918
622
-141
-208
2725
1935
99
5111943
376
371
-917
3083
1686
450
5112968
-136
592
-2140
3723
749
225
5113993
-1193
319
-3626
5440
-1765
29
5115018
-2683
544
-4694
8166
-5924
-635
5116043
-3005
934
-4938
10671
-8233
1460
5117068
-3786
755
-2850
12602
-11900
3128
5118093
-4145
1135
-1162
8881
-12878
1280
5119118
-1980
1536
-694
3982
-9137
1171
5120143
161
1225
-695
2175
-5684
1418
5112960
561
1140
-925
915
-3089
1304
5113985
-615
1095
-982
362
-2144
1430
5115010
-1864
1086
-929
302
-2064
1399
5116035
-2492
1233
-818
-232
-1975
1190
5117060
-2517
1322
-721
-970
-1890
978
5118085
-2061
1279
-639
-1532
-1694
804
5119110
-1474
1228
-528
-2184
-1130
711
5120135
-1152
1091
-380
-2819
-466
612
5121160
-1083
901
-286
-3194
-442
406
5122185
-823
639
-267
-3043
-1399
250
5123210
-188
325
-212
-2633
-2120
155
5124235
420
67
-93
-2482
-2954
-235
5125260
602
-333
-23
-1927
-6848
-433
5126285
825
-1224
-69
905
-12733
727
5127310
2300
-2009
406
5150
-14200
762
5128335
2968
-2446
1726
10112
-12850
87
5121153
2314
-1417
3023
10482
-10615
66
5122178
2097
-627
3490
6655
-7853
840
5123203
2166
-1318
3358
6686
-5088
602
5124228
1900
-1353
2989
6640
-2759
565
5125253
1348
-1138
2674
5137
-1426
747
5126278
1043
-1280
2319
4164
-940
563
5127303
1251
-1302
1896
3575
-684
86
5128328
1705
-1055
1426
2747
-120
-296
5129353
1956
-832
1009
1922
883
-417
5130378
1713
-661
655
1278
1924
-341
5131403
1073
-453
283
730
2601
-336
5132428
455
-329
-178
597
2338
-285
5133453
59
-220
-785
1148
1593
-234
5134478
42
44
-1405
1853
1414
-175
5135503
23
489
-1969
2189
1476
121
5136528
-261
912
-2560
2194
1170
341
5129344
-645
811
-3501
3041
500
327
5130369
-1059
322
-4672
5134
-507
488
5131394
-1855
-151
-5307
8825
-3705
460
5132419
-2391
-396
-4956
13326
-7716
1870
5133444
-2158
-81
-3301
12990
-10792
3068
5134469
-1325
23
-1783
9636
-10247
2244
5135494
-299
158
-760
6793
-7204
1717
5136519
159
408
-261
3980
-4067
2210
5137544
-322
462
-255
1833
-2291
2220
5138569
-1359
370
-327
1045
-2009
1904
5139594
-2095
390
-366
927
-1922
1739
5140619
-2464
660
-359
286
-1622
1661
5141644
-2535
858
-365
-561
-1665
1500
5142669
-2159
918
-374
-1238
-1750
1395
5143694
-1575
950
-331
-1967
-1438
1314
5144719
-1139
905
-209
-2834
-1203
1253
5137537
-916
684
-4
-3667
-1868
1370
5138562
-661
219
173
-3533
-3142
1380
5139587
-28
-184
457
-2705
-3683
1096
5140612
695
-412
931
-2003
-4142
523
5141637
1266
-752
1251
-691
-6910
765
5142662
2115
-1392
1227
3412
-12733
2433
5143687
4025
-1780
1121
9633
-14733
1844
5144712
5096
-1087
1057
15331
-10799
-46
5145737
2972
1530
2085
10788
-6364
40
5146762
-139
2140
3506
5695
-3868
1652
5147787
-2709
403
3944
6230
-3243
1265
5148812
-3360
-423
3967
5285
-3837
1285
5149837
-1529
-1185
3435
4050
-3754
1227
5150862
1466
-1962
2753
3758
-2881
608
5151887
3919
-2344
2303
3511
-1073
-45
5152912
4827
-2318
2169
3186
941
-523
5145729
4205
-1853
2047
2583
2571
-997
5146754
2780
-1151
1859
1518
3388
-953
5147779
1162
-742
1356
964
3185
-775
5148804
63
-463
577
1303
2114
-702
5149829
-70
-16
-199
1703
941
-583
5150854
387
409
-934
1858
770
-399
5151879
765
680
-1627
1936
1502
-129
5152904
489
758
-2396
2095
1612
128
5153929
-415
228
-3535
3220
913
105
5154954
-1251
-491
-4964
5204
379
479
5155979
-1927
-1237
-6270
7791
-1324
867
5157004
-2131
-2213
-6950
11761
-4008
1067
5158029
-1502
-2162
-6406
13565
-3866
1841
5159054
-996
-1756
-5044
10742
-3088
2437
5160079
-1597
-1794
-4118
8517
-3993
1758
5161104
-1245
-1500
-3669
7536
-4993
1684
5153919
-245
-878
-3238
5984
-3775
2218
5154944
267
-588
-2588
4679
-3148
2619
5155969
-94
-472
-1809
3540
-2529
2753
5156994
-1165
-200
-1191
2381
-2074
2811
5158019
-2093
126
-749
1392
-2735
2702
5159044
-2112
455
-488
374
-3430
2821
5160069
-1359
590
-249
-374
-3719
3130
5161094
-427
655
7
-740
-3677
3283
5162119
273
699
295
-720
-3459
2955
5163144
702
754
634
-644
-3559
2502
5164169
1054
703
946
-601
-3750
2014
5165194
1411
408
1068
-12
-4112
1577
5166219
2019
-113
830
2213
-5504
2302
5167244
2946
-699
466
6268
-7462
2524
5168269
3616
-700
453
10894
-7395
455
5169294
2921
597
905
13097
-4834
-1081
5162112
260
2118
2210
9605
-3602
-1005
5163137
-1718
1601
3527
8828
-4877
-998
5164162
-1099
583
4221
9073
-5382
-1426
5165187
893
-32
4247
7579
-4210
-1608
5166212
2636
-796
3955
7277
-3034
-2205
5167237
3756
-948
3819
6642
-1863
-2329
5168262
4124
-859
3913
5322
-549
-2191
5169287
3776
-923
4057
4327
354
-2157
5170312
3370
-1042
4133
3591
536
-2032
5171337
3068
-983
4100
3067
234
-1749
5172362
2906
-718
3964
2548
208
-1536
5173387
3026
-392
3816
1995
417
-1634
5174412
3639
-83
3585
1567
689
-1219
5175437
4421
66
3290
1216
1326
-429
5176462
4520
-14
2993
1223
2204
-48
5177487
3747
-44
2508
1248
2677
520
5170538
2467
-352
1599
1511
2563
931
5171563
1237
-1077
159
2347
1292
1171
5172588
198
-1947
-1535
3523
-1178
1440
5173613
-571
-2748
-3161
4738
-3231
2352
5174638
-471
-3735
-3808
7196
-3283
3577
5175663
160
-4130
-3011
9940
-3879
3473
5176688
986
-3273
-1700
9056
-6115
3571
5177713
1658
-2404
-889
5589
-5086
3298
5178738
1881
-2529
-538
4359
-2827
3011
5179763
1263
-2482
-472
3522
-1688
3002
5180788
364
-2280
-446
2206
-1448
3331
5181813
-304
-2229
-433
1654
-1530
3614
5182838
-345
-1923
-438
1082
-1789
3093
5183863
216
-1515
-347
156
-2150
2577
5184888
1087
-1330
-284
-250
-2244
2788
5185913
1844
-1233
-218
-196
-1968
2827
5178497
2299
-1029
-50
-227
-1616
2551
5179522
2485
-848
176
-217
-1575
2291
5180547
2418
-772
429
-59
-1591
2017
5181572
2079
-749
711
58
-1851
1706
5182597
1943
-776
819
511
-3219
1305
5183622
3080
-877
604
2098
-6591
705
5184647
5675
-1124
88
5467
-11273
326
5185672
7407
-1400
-471
10609
-12532
-1527
5186697
5552
-556
-257
15149
-8460
-3083
5187722
1379
1954
2361
9723
-6508
-2559
5188747
-976
1676
4382
5151
-6864
-1028
5189772
-227
-503
4261
6196
-6905
-1753
5190797
2170
-1015
3686
6348
-6128
-2642
5191822
3777
-829
3113
5424
-3468
-2423
5192847
3836
-845
2758
4467
-1114
-1669
5193872
2899
-972
2578
3729
-511
-1023
5186688
2037
-1059
2323
3151
-915
-841
5187713
2190
-1075
1961
2840
-1437
-1144
5188738
3325
-1017
1555
2688
-1322
-1287
5189763
4388
-1014
1245
2337
427
-1526
5190788
4337
-1055
1197
1761
2710
-1555
5191813
3141
-1078
1180
1153
4045
-1658
5192838
1680
-1194
874
819
3671
-1717
5193863
905
-1623
167
1538
1987
-1473
5194888
814
-2047
-889
3305
615
-1120
5195913
524
-2073
-2094
4507
408
-1096
5196938
-125
-2063
-3216
4915
848
-1108
5197963
-462
-2440
-3938
6348
841
-1199
5198988
42
-2763
-3999
9632
-1507
-263
5200013
703
-2473
-3099
12780
-4713
1179
5201038
1078
-1451
-2008
11901
-3891
2298
5202063
652
-699
-577
9025
-3723
2632
5194880
-434
-214
247
6903
-3543
2396
5195905
-1261
308
434
4601
-1852
2612
5196930
-1919
554
500
2890
-1832
2651
5197955
-1592
512
428
2291
-2320
2382
5198980
-947
611
315
1761
-1424
2086
5200005
-1144
791
326
910
-768
1811
5201030
-1798
850
416
137
-667
1485
5202055
-2229
805
473
-359
-676
1314
5203080
-2197
715
477
-403
-1274
1483
5204105
-1573
717
528
-182
-2110
1662
5205130
-663
795
691
-196
-2109
1609
5206155
-230
772
952
-233
-1587
1557
5207180
-490
687
1238
-125
-1528
1523
5208205
-778
561
1549
61
-2192
1406
5209230
-548
329
1781
259
-3203
1124
5210255
144
-102
1729
662
-4843
1117
5203073
1313
-890
1456
2565
-7595
1834
5204098
2899
-1717
1426
6929
-11540
1817
5205123
4228
-2030
1941
13151
-12699
-441
5206148
4038
-550
2587
13608
-8388
-1438
5207173
1662
933
3685
8021
-4856
-325
5208198
-363
172
4386
6663
-4906
-148
5209223
4
-624
4168
6368
-5152
-673
5210248
2029
-934
3574
5428
-3832
-1141
5211273
3649
-1035
2992
4770
-1770
-1724
5212298
3903
-846
2536
3972
371
-1836
5213323
2918
-647
2231
2942
1752
-1630
5214348
1631
-599
1922
2113
1877
-1487
5215373
898
-536
1499
1558
1565
-1577
5216398
770
-436
1080
1130
1535
-1558
5217423
746
-383
672
796
1826
-1469
5218448
466
-462
221
848
1965
-1265
5211264
47
-577
-273
1421
1580
-1037
5212289
-114
-572
-787
2118
1105
-835
5213314
-66
-491
-1328
2729
902
-493
5214339
-253
-518
-2056
3532
942
-535
5215364
-918
-768
-2973
4795
815
-576
5216389
-1666
-906
-3789
6138
-53
187
5217414
-2322
-1326
-4223
9069
-2894
614
5218439
-2175
-1373
-4074
13463
-6820
1668
5219464
-1131
-557
-2919
13602
-9514
2475
5220489
-197
155
-1696
9912
-7625
2303
5221514
-700
487
-873
7139
-4363
2455
5222539
-2262
807
-535
4750
-2653
2684
5223564
-3493
904
-638
2922
-3070
2301
5224589
-3741
964
-888
2251
-3678
1751
5225614
-3316
1223
-934
1524
-3063
1683
5226639
-3061
1473
-889
268
-2108
1764
5219456
-3078
1497
-811
-972
-1397
1561
5220481
-2903
1431
-745
-2134
-1293
1439
5221506
-2177
1257
-676
-3054
-1851
1442
5222531
-918
901
-521
-3525
-2249
1325
5223556
229
374
-365
-3151
-2104
1318
5224581
520
-4
-106
-2072
-2343
1494
5225606
337
-58
263
-994
-3794
1490
5226631
777
-10
635
131
-5975
1393
5227656
2024
-56
882
1721
-8226
1620
5228681
3237
-211
1081
4184
-9248
1921
5229706
3763
-291
1289
7661
-8974
2178
5230731
2939
133
1559
11167
-7664
1475
5231756
1311
1497
2201
10266
-6317
1041
5232781
-368
1927
2892
7567
-4752
1201
5233806
-1783
1110
3209
7184
-3810
1016
5234831
-2221
397
3251
6403
-3907
997
5227648
-947
-233
2945
5320
-3869
722
5228673
1237
-810
2496
4536
-2755
-4
5229698
2688
-1204
2116
3709
-690
-487
5230723
3007
-1568
1919
2973
1279
-365
5231748
2589
-1770
1830
2426
2375
-591
5232773
2054
-1556
1654
1672
3026
-1035
5233798
1366
-1310
1301
1004
3653
-1065
5234823
288
-1248
705
922
3671
-988
5235848
-670
-1005
17
1053
2993
-872
5236873
-888
-678
-690
1376
2101
-724
5237898
-654
-364
-1458
2093
1666
-417
5238923
-593
-92
-2363
3206
1419
181
5239948
-1271
-61
-3610
5037
957
-227
5240973
-2081
-310
-5008
8152
246
-539
5241998
-2629
-484
-5225
13580
-3851
75
5243023
-3173
81
-3767
16137
-8891
2197
5235840
-2898
739
-1938
11015
-8453
2483
5236865
-2432
359
-568
8463
-7180
800
5237890
-1527
681
-192
6107
-6755
1207
5238915
-144
844
-611
3724
-3942
2090
5239940
-146
788
-782
2084
-2099
1957
5240965
-1394
899
-826
1128
-2352
1791
5241990
-2312
996
-740
388
-2552
1422
5243015
-2655
1180
-700
-1063
-2240
1389
5244040
-2558
1117
-697
-2193
-2305
1549
5245065
-1694
921
-611
-2496
-2528
1459
5246090
-414
797
-209
-2662
-2670
1296
5247115
290
561
349
-2502
-2613
1325
5248140
186
359
786
-1795
-2393
1398
5249165
40
330
1129
-1112
-2701
1485
5250190
410
355
1403
-678
-3238
1349
5251215
927
288
1479
-426
-4245
1363
5244032
1155
-184
1207
1258
-7209
2245
5245057
1652
-731
1048
4766
-10681
2437
5246082
3182
-1028
1395
8694
-11460
1976
5247107
4019
-345
1816
10188
-8829
1729
5248132
3378
665
2429
7474
-6733
1977
5249157
2402
87
2636
7618
-5336
1130
5250182
1888
-174
2669
8322
-3357
529
5251207
1153
256
2976
6267
-1829
928
5252232
134
-3
3093
4577
-1298
857
5253257
-283
-451
2933
3820
-1449
240
5254282
313
-619
2631
3014
-1305
-267
5255307
1331
-757
2224
2406
-486
-507
5256332
1940
-781
1905
1893
507
-469
5257357
1844
-710
1695
1361
1397
-596
5258382
1357
-649
1480
1038
2111
-937
5259407
664
-608
1218
1077
2362
-1230
5252224
147
-517
820
1299
1985
-1022
5253249
-62
-446
279
1809
1483
-668
5254274
-77
-378
-399
2593
1304
-296
5255299
-198
-288
-1305
3379
1254
186
5256324
-754
-691
-2681
5079
792
222
5257349
-1441
-1040
-3946
7394
-726
332
5258374
-1765
-999
-4492
9930
-3775
543
5259399
-1252
-776
-4075
12374
-7114
3249
5260424
-1227
-444
-2584
11602
-8615
3692
5261449
-1328
52
-1622
8394
-7169
2340
5262474
-1511
513
-1259
6065
-5346
2353
5263499
-1999
785
-1335
4180
-3307
2812
5264524
-3013
916
-1501
2366
-3012
2448
5265549
-3833
878
-1659
1894
-4001
1697
5266574
-3569
1021
-1566
1487
-3980
1629
5267599
-2964
1249
-1415
297
-3034
1730
5260417
-2716
1234
-1307
-783
-2334
1492
5261442
-2556
1150
-1206
-1493
-1981
1367
5262467
-2170
1141
-1045
-2125
-1915
1457
5263492
-1545
1105
-750
-2687
-1883
1432
5264517
-781
863
-354
-2743
-1840
1452
5265542
-250
551
53
-2219
-2229
1588
5266567
112
437
382
-1583
-2999
1624
5267592
587
382
595
-898
-3946
1179
5268617
1187
198
672
-10
-5623
1243
5269642
1649
-352
734
2405
-9334
2227
5270667
2108
-908
1066
6101
-11404
2052
5271692
2821
-1145
1672
9724
-9703
609
5272717
2124
-80
2574
9003
-7411
218
5273742
981
425
3319
5376
-6314
1051
5274767
703
-934
3391
6252
-5698
588
5275792
1264
-1214
3154
6539
-4585
202
5268607
1809
-1025
2866
5001
-3355
216
5269632
2036
-1295
2507
4335
-2371
112
5270657
2045
-1369
2241
3798
-1465
81
5271682
1910
-1263
2095
3054
-661
-50
5272707
1690
-1128
1962
2438
106
-341
5273732
1418
-1006
1775
2020
777
-543
5274757
1135
-926
1519
1886
1261
-561
5275782
873
-733
1249
1799
1583
-577
5276807
639
-465
940
1674
1695
-616
5277832
421
-300
511
1873
1579
-612
5278857
283
-197
-3
2477
1371
-406
5279882
296
19
-495
2938
1395
-19
5280907
209
76
-1145
3502
1173
480
5281932
-351
-524
-2202
5586
24
578
5282957
-1296
-706
-2945
8203
-2094
384
5283982
-1908
-229
-3051
9568
-4212
1733
5276801
-2341
-160
-2234
9930
-7112
3072
5277826
-2540
5
-1505
8972
-8273
2425
5278851
-1696
540
-1210
6850
-7001
2042
5279876
-984
842
-1247
5090
-5088
2288
5280901
-1186
939
-1494
3717
-3351
2305
5281926
-2373
1048
-1590
2420
-3020
1991
5282951
-3366
1049
-1520
1910
-3773
1787
5283976
-3109
1197
-1362
1259
-4001
1831
5285001
-2142
1344
-1309
164
-3404
1732
5286026
-1356
1274
-1325
-699
-2406
1516
5287051
-1089
1170
-1285
-1310
-1503
1360
5288076
-1200
1114
-1122
-1895
-1097
1258
5289101
-1200
974
-848
-2268
-1316
1296
5290126
-936
707
-454
-2207
-2080
1409
5291151
-349
463
-101
-1923
-2800
1673
5292176
353
251
167
-1402
-3415
1510
5284992
922
111
381
-998
-3978
973
5286017
1357
-278
504
-20
-6085
1652
5287042
1454
-936
700
2919
-10134
2568
5288067
2192
-1292
1099
6345
-11194
1900
5289092
3048
-1190
1631
8966
-9464
977
5290117
2523
-106
2410
7849
-7777
1069
5291142
1638
203
2983
5705
-6387
1334
5292167
1101
-433
3065
6125
-5007
897
5293192
873
-441
2953
5542
-3734
748
5294217
819
-429
2746
4211
-2876
643
5295242
968
-680
2501
3397
-2183
411
5296267
1181
-885
2273
2812
-1328
213
5297292
1236
-1012
2101
2396
-477
-36
5298317
1134
-1089
1908
2223
185
-342
5299342
1042
-1054
1648
2015
574
-472
5300367
1124
-953
1326
1831
732
-508
5293184
1339
-830
971
1981
964
-540
5294209
1344
-653
558
2456
1390
-624
5295234
948
-371
81
2946
1657
-618
5296259
406
-15
-363
3165
1545
-287
5297284
-51
218
-869
3418
1242
94
5298309
-523
101
-1651
4201
696
93
5299334
-1047
-113
-2549
5217
-69
79
5300359
-1687
-257
-3101
6583
-1717
177
5301384
-2276
-471
-3227
9008
-4641
1710
5302409
-2706
-426
-2774
10401
-7605
2852
5303434
-2113
-125
-2151
8955
-8497
2328
5304459
-813
299
-1661
6476
-7111
2239
5305484
-300
515
-1445
4619
-4612
2432
5306509
-977
569
-1481
3155
-3061
2502
5307534
-2161
528
-1557
2298
-3135
2326
5308559
-2879
548
-1521
2049
-3686
2244
5301376
-2752
766
-1359
1485
-3843
2247
5302401
-2116
1004
-1221
510
-3355
2068
5303426
-1526
1072
-1118
-397
-2443
1879
5304451
-1321
1045
-1000
-1080
-1630
1770
5305476
-1384
1016
-802
-1687
-1361
1660
5306501
-1340
917
-513
-2182
-1635
1532
5307526
-903
676
-159
-2433
-2015
1471
5308551
-173
324
187
-2233
-2313
1478
5309576
469
15
434
-1908
-2661
1194
5310601
794
-287
456
-1438
-3846
1063
5311626
1231
-801
256
403
-7476
1732
5312651
2329
-1282
283
3589
-11067
2041
5313676
4287
-1689
739
7484
-11829
2036
5314701
4713
-1268
1444
10912
-9523
1463
5315726
3458
373
2343
9049
-6649
1449
5316751
1601
749
2992
6643
-4867
1436
5309701
67
282
3139
6524
-3460
1085
5310726
-873
236
3130
5322
-2838
1121
5311751
-903
-93
2906
4244
-2844
930
5312776
49
-514
2549
3719
-2440
565
5313801
1249
-728
2204
3189
-1532
204
5314826
1954
-831
1951
2774
-388
-135
5315851
2017
-911
1756
2589
787
-380
5316876
1664
-854
1571
2429
1621
-391
5317901
1204
-573
1355
2114
2027
-565
5318926
982
-177
1033
1763
2013
-660
5319951
781
97
561
1736
1803
-594
5320976
510
292
-36
2028
1647
-411
5322001
298
537
-707
2340
1621
20
5323026
-68
604
-1554
3007
1135
189
5324051
-604
279
-2684
4311
358
173
5325076
-1170
67
-3656
5420
-778
306
5317759
-1986
-287
-4165
6902
-2639
492
5318784
-2369
-797
-3994
9333
-5447
2297
5319809
-2201
-1069
-2956
11148
-9001
2721
5320834
-499
-560
-2226
8953
-9549
2259
5321859
1406
-113
-1616
5799
-6752
2257
5322884
1669
-81
-1272
4129
-3255
2520
5323909
194
-6
-1091
2569
-1591
2732
5324934
-1838
-35
-1057
1757
-2054
2420
5325959
-3036
-21
-1005
1658
-2845
2056
5326984
-3134
259
-849
1014
-3144
2039
5328009
-2424
485
-731
91
-3251
1965
5329034
-1313
529
-609
-643
-2889
1696
5330059
-456
513
-463
-1303
-1933
1578
5331084
-277
417
-260
-1718
-1255
1562
5332109
-517
279
-2
-1843
-1312
1466
5333134
-563
124
253
-1856
-1878
1447
5325952
-128
-98
512
-1634
-2761
1359
5326977
597
-309
722
-1353
-3196
971
5328002
1200
-624
696
-1014
-4018
1169
5329027
1572
-1335
405
1401
-8464
2357
5330052
2567
-2056
333
6176
-12112
1884
5331077
4563
-2363
708
11378
-10422
602
5332102
3844
-868
1809
12126
-6467
36
5333127
1373
757
3175
6702
-4633
1054
5334152
-185
-336
3576
6050
-4112
1052
5335177
-171
-992
3387
6641
-4056
722
5336202
929
-748
2999
5105
-3453
581
5337227
2333
-870
2559
4014
-2417
143
5338252
3053
-925
2155
3451
-724
-166
5339277
2628
-679
1900
2519
771
-181
5340302
1573
-544
1751
1610
1085
-300
5341327
822
-628
1513
1395
698
-597
5334145
772
-568
1232
1328
639
-777
5335170
861
-393
983
1093
1186
-971
5336195
502
-227
689
992
1702
-1011
5337220
-206
-87
321
1171
1644
-849
5338245
-782
3
-113
1729
1059
-687
5339270
-904
117
-625
2517
559
-602
5340295
-966
23
-1500
3656
261
-468
5341320
-1404
-463
-2516
5719
-937
18
5342345
-2411
-552
-2913
8151
-3501
-247
5343370
-2924
-404
-2505
10565
-6467
896
5344395
-2639
-260
-1132
10983
-8948
2085
5345420
-1560
-56
-385
8444
-7703
1698
5346445
-376
158
-176
5939
-5427
1553
5347470
226
249
-276
4655
-4017
1643
5348495
17
461
-460
3528
-2797
2031
5349520
-1082
649
-524
2868
-2559
2294
5342336
-2150
868
-377
2525
-2580
1997
5343361
-2711
1273
-132
1395
-2174
1641
5344386
-2935
1475
-48
92
-1899
1387
5345411
-2751
1421
-113
-690
-1916
1249
5346436
-2167
1353
-160
-1226
-1945
1139
5347461
-1490
1254
-85
-1750
-1727
1095
5348486
-1095
1028
138
-1974
-1643
1076
5349511
-902
761
436
-1897
-1749
1102
5350536
-587
515
752
-1685
-2073
1168
5351561
-158
287
993
-1170
-2729
1011
5352586
294
242
1053
-992
-3449
661
5353611
700
186
754
-949
-4978
796
5354636
903
-256
196
1228
-8928
1045
5355661
1394
-491
-79
4349
-10930
913
5356686
1420
-469
361
6999
-9422
901
5357711
9
267
1255
6783
-7769
950
5350529
-1261
463
1951
5185
-7630
1278
5351554
-1228
-382
2256
5835
-7254
984
5352579
-46
-720
2271
6125
-6025
1277
5353604
1697
-1072
2090
5784
-4158
1377
5354629
3588
-1301
2016
4562
-1581
1523
5355654
3871
-1268
1731
3730
567
1299
5356679
2914
-791
1595
2872
1084
747
5357704
1627
-236
1257
1860
1374
319
5358729
663
31
833
1424
1185
44
5359754
372
185
525
1519
812
-187
5360779
535
424
279
1345
900
-217
5361804
601
525
-42
1268
1188
-163
5362829
196
525
-499
1614
1332
7
5363854
-434
512
-1027
2220
1115
156
5364879
-816
580
-1622
2884
782
91
5365904
-908
507
-2526
3782
221
60
5358719
-884
67
-3615
5456
-1632
674
5359744
-1046
-499
-4475
8960
-5013
963
5360769
-1445
-359
-4595
11795
-7030
1559
5361794
-1978
158
-2957
10165
-9020
2052
5362819
-2263
367
-1529
7599
-9223
1361
5363844
-1610
744
-937
5184
-6767
1456
5364869
-852
832
-901
3250
-4766
1809
5365894
-588
742
-1144
2212
-3897
1434
5366919
-899
882
-1275
1518
-3574
1138
5367944
-1410
1046
-1202
722
-3169
1168
5368969
-1970
1057
-1079
-99
-2656
1162
5369994
-2345
967
-992
-653
-2551
1112
5371019
-2156
907
-889
-1076
-2912
1011
5372044
-1466
881
-743
-1625
-2819
934
5373069
-823
742
-528
-2175
-2064
910
5374094
-569
485
-238
-2505
-1490
988
5366913
-429
142
100
-2356
-1680
1067
5367938
30
-234
368
-1649
-2324
1060
5368963
821
-479
614
-1016
-2627
873
5369988
1460
-546
736
-985
-2768
503
5371013
1882
-922
489
-98
-5414
836
5372038
2352
-1609
80
3468
-9774
1392
5373063
3830
-1988
119
7961
-11565
618
5374088
4321
-1650
748
11957
-9838
-414
5375113
2601
257
2130
9292
-7171
108
5376138
359
610
3212
5697
-5189
987
5377163
-982
-641
3480
5898
-4231
793
5378188
-1136
-968
3281
5331
-3876
549
5379213
-172
-1017
2911
4195
-3585
529
5380238
1306
-1293
2477
3640
-2616
358
5381263
2231
-1396
2075
3245
-924
229
5382288
2182
-1321
1849
2709
372
289
5375104
1602
-1310
1727
2264
593
259
5376129
1187
-1273
1496
2095
363
20
5377154
1100
-1049
1219
1948
617
-259
5378179
966
-693
906
1750
1237
-299
5379204
493
-306
529
1637
1397
-181
5380229
-117
23
3
1917
1053
-116
5381254
-532
406
-575
2378
717
-25
5382279
-756
868
-1085
2694
640
128
5383304
-1072
1151
-1707
3104
685
12
5384329
-1639
1021
-2605
4199
363
174
5385354
-2365
728
-3360
5993
-1589
461
5386379
-3038
590
-3623
8688
-5612
618
5387404
-2964
768
-3101
10769
-9873
1875
5388429
-2277
740
-1651
9671
-11064
1531
5389454
-1471
872
-620
6443
-8360
1108
5390479
-1150
1022
-308
3723
-6204
1827
5383295
-766
671
-517
2428
-5148
1913
5384320
-645
563
-692
1715
-4125
1511
5385345
-955
793
-602
901
-3330
1521
5386370
-1329
871
-389
148
-2677
1407
5387395
-1568
913
-266
-522
-2136
1218
5388420
-1559
985
-150
-1283
-1947
1075
5389445
-1278
958
-42
-1808
-2108
917
5390470
-900
824
78
-1807
-2000
699
5391495
-679
723
281
-1584
-1715
596
5392520
-727
657
618
-1338
-1974
513
5393545
-571
569
1028
-1198
-2617
454
5394570
-136
379
1424
-958
-2989
482
5395595
149
211
1673
-797
-3235
706
5396620
14
-7
1674
-612
-4456
1050
5397645
-115
-239
1412
-44
-6915
1435
5398670
338
-658
1152
2029
-10453
1572
5391488
1544
-991
1097
4334
-10602
1531
5392513
1993
-848
1298
4669
-8235
1846
5393538
866
-924
1526
4635
-7023
1924
5394563
-70
-1387
1570
5553
-6222
1194
5395588
260
-1371
1663
4775
-5036
809
5396613
1035
-1564
1446
3701
-3807
781
5397638
1880
-1967
1234
3699
-2817
425
5398663
2283
-1816
1001
3104
-1142
91
5399688
1883
-1478
832
2000
122
23
5400713
1023
-1288
615
1470
458
-132
5401738
499
-1038
339
1282
306
-363
5402763
391
-696
9
1147
135
-414
5403788
383
-394
-351
1121
172
-333
5404813
275
-131
-662
1161
372
-231
5405838
79
25
-1008
1591
584
-20
5406863
-241
154
-1423
2414
588
165
5399681
-713
362
-2024
3329
337
23
5400706
-1157
424
-2851
4636
-600
-12
5401731
-1363
249
-3492
6898
-2977
289
5402756
-1301
198
-3710
9873
-5962
760
5403781
-957
524
-3272
11112
-8029
1518
5404806
-624
824
-2183
9044
-8070
1517
5405831
-866
863
-1361
6856
-6261
1277
5406856
-1650
1040
-934
5072
-4728
1384
5407881
-2205
1215
-823
3363
-4514
1417
5408906
-2205
1298
-931
2296
-4816
1083
5409931
-1608
1448
-974
1470
-4515
1021
5410956
-1074
1533
-920
613
-3418
1037
5411981
-1093
1510
-821
-43
-2347
972
5413006
-1478
1472
-680
-555
-1806
869
5414031
-1868
1419
-506
-964
-1756
729
5415056
-1968
1379
-302
-1409
-1803
610
5407872
-1761
1273
-74
-1852
-1922
611
5408897
-1394
1038
181
-2081
-2024
694
5409922
-899
772
439
-2234
-2048
721
5410947
-398
401
692
-2091
-2451
647
5411972
77
15
940
-1804
-2932
465
5412997
530
-336
1098
-1685
-3839
404
5414022
1013
-967
943
-556
-7540
1099
5415047
1792
-1741
709
3178
-12541
1136
5416072
4141
-2097
687
7152
-12682
521
5417097
4803
-1701
1316
9863
-9449
705
5418122
2804
-208
2378
7526
-6148
1411
5419147
383
-80
3220
4764
-4151
1541
5420172
-1103
-893
3355
4530
-3214
1228
5421197
-1087
-974
3127
3785
-3359
948
5422222
301
-956
2771
2752
-3135
689
5423247
1694
-1186
2367
2509
-1484
288
5416064
1883
-1207
2038
2573
221
46
5417089
1191
-905
1895
2114
600
0
5418114
576
-698
1677
1559
178
8
5419139
515
-709
1233
1642
20
-133
5420164
586
-508
723
1804
359
-302
5421189
354
-184
181
1842
682
-214
5422214
-157
25
-497
2005
571
67
5423239
-600
141
-1229
2224
13
413
5424264
-675
126
-1967
2733
-391
656
5425289
-553
-104
-2822
3869
-430
674
5426314
-540
-417
-3635
5526
-932
692
5427339
-986
-614
-3932
7523
-2780
729
5428364
-1526
-601
-3648
9604
-5254
1920
5429389
-2008
-583
-2644
10950
-7974
2420
5430414
-1759
-192
-1558
9549
-9713
1520
5431439
-548
430
-1119
6699
-7656
1531
5424257
-137
709
-967
4622
-4565
2134
5425282
-951
804
-859
3147
-3717
2179
5426307
-1728
919
-788
2214
-3832
1782
5427332
-1971
1153
-717
1395
-3267
1610
5428357
-2016
1366
-626
408
-2537
1511
5429382
-1983
1424
-584
-427
-2055
1398
5430407
-1875
1399
-578
-1048
-1593
1240
5431432
-1795
1423
-551
-1711
-1170
1161
5432457
-1729
1387
-482
-2270
-1032
1080
5433482
-1403
1242
-407
-2443
-1289
886
5434507
-705
1033
-278
-2311
-1701
747
5435532
69
785
-107
-2156
-1840
730
5436557
500
525
31
-2042
-1911
562
5437582
632
205
58
-1635
-3676
455
5438607
893
-286
-104
-121
-8150
818
5439632
1664
-831
-60
2650
-12056
1283
5432449
2690
-1614
568
6754
-13786
1138
5433474
2504
-1732
1788
11067
-12448
192
5434499
1680
-177
2992
8884
-8731
264
5435524
684
101
3695
5036
-6151
757
5436549
143
-1168
3636
5567
-4712
325
5437574
340
-1532
3384
5687
-3862
94
5438599
1142
-1512
3090
4459
-2908
109
5439624
2030
-1827
2684
3833
-1579
-131
5440649
2536
-1924
2274
3591
-304
-456
5441674
2528
-1697
1934
3100
838
-677
5442699
2136
-1375
1659
2482
1745
-690
5443724
1530
-1010
1351
1903
2302
-804
5444749
892
-626
1040
1492
2515
-946
5445774
248
-304
629
1268
2554
-894
5446799
-319
-66
96
1354
2141
-585
5447824
-633
70
-552
2020
1453
-366
5440640
-647
335
-1318
2938
1096
-103
5441665
-805
633
-2294
3832
777
-337
5442690
-1179
539
-3552
5134
-89
-163
5443715
-1849
228
-4382
7553
-3336
-505
5444740
-2532
148
-4467
11178
-7401
84
5445765
-2850
324
-3019
12509
-10831
2109
5446790
-2759
328
-1406
9567
-11575
1068
5447815
-1308
721
-770
5788
-8860
915
5448840
183
724
-730
3346
-5528
1523
5449865
352
527
-883
2026
-3244
1635
5450890
-691
542
-888
1477
-2872
1580
5451915
-1510
666
-748
1309
-2886
1362
5452940
-1817
976
-578
591
-2301
1251
5453965
-2065
1196
-516
-385
-1622
1251
5454990
-2177
1198
-473
-1031
-1457
1169
5456015
-2011
1175
-433
-1461
-1495
1050
5448864
-1628
1138
-345
-1821
-1290
937
5449889
-1248
1010
-176
-2016
-1144
1019
5450914
-910
817
44
-2032
-1241
1053
5451939
-490
588
249
-1874
-1536
961
5452964
57
359
388
-1556
-1921
791
5453989
592
218
406
-1505
-2402
519
5455014
1118
20
110
-1337
-5020
758
5456039
1630
-674
-562
1481
-10605
1753
5457064
2444
-1369
-933
6331
-14189
1169
5458089
2694
-2027
-264
13500
-12913
-5
5459114
1187
-135
1821
13547
-9222
-51
5460139
-556
1547
3817
5611
-6685
1393
5461164
-1055
-235
4199
4587
-4666
1241
5462189
-462
-1207
3837
5063
-3438
834
5463214
471
-1196
3377
4199
-2511
772
5464239
1490
-1333
2969
3325
-1704
894
5457024
2211
-1732
2595
3270
-776
453
5458049
2524
-1810
2296
3471
-110
-242
5459074
2669
-1374
2087
3061
295
-578
5460099
2659
-878
1834
2451
919
-750
5461124
2281
-449
1442
2005
1724
-764
5462149
1472
-4
938
1549
2169
-535
5463174
454
286
425
1209
1761
-409
5464199
-230
423
-166
1271
1092
-448
5465224
-387
520
-810
1550
728
-429
5466249
-337
594
-1492
1957
701
-225
5467274
-504
589
-2323
2569
893
-299
5468299
-1073
387
-3438
3625
692
-339
5469324
-1806
103
-4618
4964
-380
134
5470349
-2504
-305
-5490
6927
-2645
-18
5471374
-2602
-721
-5834
10342
-5583
-11
5472399
-1658
-528
-4991
13437
-8583
1105
5465216
-278
-62
-3518
11888
-9519
1794
5466241
88
64
-2232
8361
-7200
1404
5467266
-716
209
-1353
6248
-4416
1481
5468291
-1995
585
-783
3982
-2906
1797
5469316
-3033
772
-707
2275
-2811
1558
5470341
-3312
793
-852
1926
-3296
1252
5471366
-2850
1019
-945
1705
-3159
1184
5472391
-2360
1427
-990
836
-2424
1101
5473416
-2242
1654
-974
-70
-1863
951
5474441
-2416
1698
-964
-669
-1661
847
5475466
-2632
1642
-931
-944
-1650
700
5476491
-2701
1572
-767
-1113
-1834
630
5477516
-2545
1458
-493
-1276
-2119
731
5478541
-2120
1232
-212
-1294
-2462
770
5479566
-1501
933
14
-1093
-2755
611
5480591
-766
629
79
-688
-3182
758
5473407
67
184
-245
764
-4144
1403
5474432
1067
-207
-904
3043
-4328
1840
5475457
1753
-621
-1631
6267
-4210
1040
5476482
1227
-628
-2198
10980
-4443
-78
5477507
168
534
-1510
12133
-4443
631
5478532
-928
1263
339
8710
-4391
2096
5479557
-1651
223
2000
7313
-3960
1207
5480582
-1496
-635
3260
6754
-3819
732
5481607
-519
-798
3410
5570
-3260
1073
5482632
901
-896
3193
4508
-2609
854
5483657
2105
-869
2989
3669
-1673
652
5484682
2546
-722
2865
3043
-538
612
5485707
2156
-480
2732
2598
386
544
5486732
1386
-155
2642
2060
613
375
5487757
779
138
2477
1611
436
177
5488782
568
373
2161
1481
464
5
5481600
537
681
1699
1552
1050
-267
5482625
219
1095
1107
1584
1828
-391
5483650
-627
1430
477
1867
1942
-540
5484675
-1410
1722
-144
2338
1381
-713
5485700
-1656
1943
-722
2739
841
-575
5486725
-1535
1986
-1336
3277
726
-300
5487750
-1639
1711
-2306
4407
666
-540
5488775
-2133
1164
-3596
6158
170
-570
5489800
-2960
571
-4558
8715
-1731
-790
5490825
-3614
214
-4812
10654
-4239
297
5491850
-3691
-189
-4206
10839
-4719
2824
5492875
-3811
-710
-3405
10198
-4027
2317
5493900
-3106
-432
-2624
8391
-5438
625
5494925
-1341
153
-2389
6632
-5932
348
5495950
-36
668
-2626
4924
-3028
1030
5496975
-779
922
-2555
3572
-1126
1548
5489792
-2555
962
-2222
3326
-1651
1331
5490817
-3785
1311
-1770
2985
-2260
1014
5491842
-4137
1666
-1337
2332
-2371
797
5492867
-4009
1816
-904
1972
-2469
375
5493892
-3558
2161
-522
1178
-2277
321
5494917
-3102
2281
-240
258
-1790
457
5495942
-2914
2101
-87
-200
-1395
472
5496967
-2906
1913
45
-339
-1401
370
5497992
-2717
1786
200
-496
-1667
326
5499017
-2211
1532
309
-349
-2082
317
5500042
-1582
1099
156
670
-2763
316
5501067
-939
681
-278
2253
-4106
460
5502092
-201
156
-627
4791
-6609
507
5503117
761
-356
-507
8822
-7853
7
5504142
1518
280
340
10452
-6154
324
5505167
441
1157
1834
7593
-3738
1133
5497983
-1744
806
2801
5739
-2580
1246
5499008
-2879
101
3252
5447
-3170
1246
5500033
-2428
-82
3180
4562
-3124
1463
5501058
-1191
-94
2934
3425
-2302
1771
5502083
-73
-194
2636
2683
-1574
1919
5503108
577
-254
2227
2281
-698
1899
5504133
545
-220
1816
1948
173
1692
5505158
19
-187
1433
1738
524
1416
5506183
-456
-154
1015
1904
368
1374
5507208
-585
-20
579
2328
169
1292
5508233
-612
330
154
2371
360
1087
5509258
-872
679
-289
2433
623
937
5510283
-1336
1009
-755
2831
572
819
5511308
-1788
1436
-1213
3107
331
666
5512333
-2162
1869
-1630
3098
224
461
5513358
-2599
2196
-2008
3129
374
270
5506176
-3335
2346
-2471
3734
649
-160
5507201
-4389
2416
-3052
4922
609
-801
5508226
-5455
2492
-3624
6402
-125
-1153
5509251
-6125
2548
-4100
7969
-1539
-1193
5510276
-6039
2420
-4410
9516
-3851
-1473
5511301
-5339
2214
-4220
10190
-5756
-1026
5512326
-4322
2024
-3342
9115
-5993
263
5513351
-3435
1488
-2012
7230
-5622
300
5514376
-2461
1091
-1057
5315
-5671
-220
5515401
-1170
945
-872
3630
-4836
138
5516426
-110
671
-981
2443
-3097
443
5517451
6
448
-1015
1832
-2390
582
5518476
-503
415
-927
1541
-2404
726
5519501
-1018
538
-688
1058
-2166
863
5520526
-1436
653
-435
385
-1930
887
5521551
-1638
665
-233
-183
-1946
777
5514368
-1548
619
-78
-601
-2050
743
5515393
-1352
520
68
-817
-2162
758
5516418
-1199
373
271
-795
-2229
701
5517443
-1095
170
493
-472
-2521
453
5518468
-928
-113
516
421
-3748
436
5519493
-400
-368
347
1743
-5798
701
5520518
657
-700
366
3756
-7754
424
5521543
1835
-1113
786
6781
-8425
31
5522568
2078
-878
1447
9756
-7116
-118
5523593
951
167
2416
9728
-5188
250
5524618
-938
707
3233
7563
-4061
475
5525643
-2376
451
3622
5835
-3301
400
5526668
-2979
-101
3735
4861
-3377
606
5527693
-2420
-818
3529
4579
-3704
764
5528718
-669
-1436
3112
4518
-3257
850
5529743
1306
-1779
2689
4134
-2252
863
5522661
2826
-2002
2385
3697
-1383
772
5523686
3752
-2114
2187
3512
-719
654
5524711
4121
-1987
2039
3478
35
261
5525736
3903
-1544
1874
3129
896
-26
5526761
3166
-1026
1656
2624
1621
94
5527786
2137
-625
1223
2657
1948
276
5528811
1093
-138
585
3151
1741
-10
5529836
317
611
-90
3178
1221
-213
5530861
-132
1225
-782
2905
741
6
5531886
-210
1525
-1529
2932
452
331
5532911
-131
1538
-2380
3473
483
224
5533936
-303
1372
-3286
4062
-5
438
5534961
-764
942
-4076
4951
-1976
839
5535986
-1020
302
-4687
6776
-4709
1167
5537011
-473
-239
-4682
9051
-6598
1715
5538036
598
-321
-3732
9769
-7493
2520
5530752
1198
-32
-2552
7705
-6577
2936
5531777
511
93
-1609
5332
-4896
2544
5532802
-419
186
-1017
3762
-3661
2350
5533827
-960
324
-781
2379
-2894
2290
5534852
-1412
421
-762
1624
-2762
2050
5535877
-1600
532
-718
1391
-2786
1714
5536902
-1573
741
-588
920
-2469
1412
5537927
-1582
920
-434
211
-2158
1079
5538952
-1548
979
-293
-394
-2000
864
5539977
-1457
882
-140
-716
-1828
790
5541002
-1434
752
93
-972
-1657
705
5542027
-1444
605
412
-1373
-1749
577
5543052
-1279
328
704
-1620
-2315
444
5544077
-684
-97
918
-1577
-3067
343
5545102
168
-580
1111
-1436
-3583
388
5546127
796
-1064
1312
-930
-4190
308
5538947
1327
-1612
1381
325
-6133
529
5539972
2003
-2416
1402
3942
-10850
1655
5540997
3116
-2935
1683
9528
-13321
905
5542022
4417
-2178
2116
13555
-9885
-441
5543047
3304
-104
3225
9646
-5631
-73
5544072
846
257
3940
6002
-3904
993
5545097
-773
-756
3866
6927
-4052
734
5546122
-645
-768
3599
6185
-3948
638
5547147
384
-773
3169
4549
-2760
646
5548172
1277
-1095
2653
3809
-1658
246
5549197
1835
-1214
2203
3237
-682
-62
5550222
1931
-1156
1871
2492
97
-78
5551247
1693
-1135
1577
1937
411
-97
5552272
1400
-1117
1272
1734
481
-220
5553297
1190
-946
1013
1585
617
-228
5554322
1085
-673
789
1345
594
-126
5547137
1006
-423
524
1207
435
-15
5548162
938
-188
201
1226
518
8
5549187
840
0
-159
1505
772
95
5550212
567
207
-624
2007
1032
134
5551237
-17
299
-1466
2715
1066
-196
5552262
-895
52
-2734
3795
166
216
5553287
-2191
-459
-3834
6086
-3197
710
5554312
-3326
-697
-4498
9432
-7024
687
5555337
-2116
-561
-3879
11970
-10299
1365
5556362
225
-95
-2037
11110
-11802
1438
5557387
1720
707
-982
5827
-7118
1409
5558412
1124
532
-478
2780
-2967
1951
5559437
-248
131
-386
1849
-1880
1973
5560462
-1473
263
-482
1049
-2215
1602
5561487
-2014
432
-651
745
-2599
1471
5562512
-1802
553
-650
394
-2370
1478
5555329
-1527
679
-585
-303
-1988
1427
5556354
-1253
702
-503
-854
-1650
1235
5557379
-918
682
-429
-1273
-1196
1113
5558404
-737
605
-358
-1557
-912
1197
5559429
-857
483
-254
-1569
-1218
1282
5560454
-1010
371
-86
-1393
-1891
1207
5561479
-836
288
171
-1324
-2524
1182
5562504
-343
146
488
-1138
-3250
1185
5563529
240
-32
772
-813
-4332
1157
5564554
887
-235
919
-149
-6539
1266
5565579
1721
-577
938
1625
-9575
1850
5566604
2737
-1053
997
4802
-11043
2007
5567629
3022
-1231
1299
8464
-10483
1208
5568654
1946
-336
2047
9649
-9051
715
5569679
626
629
2832
7060
-7594
974
5570704
-113
216
3090
5721
-5603
676
5563519
-378
-314
3039
5086
-3914
516
5564544
-187
-588
2874
3994
-3298
590
5565569
565
-1028
2552
3320
-2725
304
5566594
1458
-1379
2165
2942
-1511
-29
5567619
1900
-1483
1840
2512
-290
-200
5568644
1806
-1462
1598
2027
426
-318
5569669
1399
-1407
1367
1629
782
-442
5570694
855
-1271
1116
1344
1155
-610
5571719
275
-1041
923
1165
1414
-608
5572744
-266
-756
721
1114
1371
-252
5573769
-634
-486
359
1410
800
101
5574794
-693
-173
-238
2099
129
233
5575819
-459
297
-970
2898
-283
463
5576844
-335
742
-1846
3955
-967
-31
5577869
-655
897
-2790
5626
-2287
-584
5578894
-1986
1038
-3358
7829
-4368
110
5571713
-4420
1084
-3055
9450
-6236
1632
5572738
-6204
839
-1837
9325
-9045
1207
5573763
-5141
882
-865
7603
-11569
251
5574788
-1205
1157
-784
4749
-9811
830
5575813
1919
978
-982
2696
-5348
1183
5576838
2127
731
-1010
1602
-2337
1214
5577863
361
722
-907
1081
-1862
1202
5578888
-1281
831
-791
846
-2246
1151
5579913
-1993
986
-701
477
-2289
1137
5580938
-2034
1121
-664
-35
-2243
1016
5581963
-1615
1180
-650
-609
-2100
890
5582988
-1083
1125
-653
-1106
-1626
863
5584013
-795
992
-631
-1460
-986
788
5585038
-793
819
-543
-1742
-657
664
5586063
-919
583
-366
-1946
-902
653
5587088
-1080
300
-165
-2032
-1430
560
5579904
-1097
19
-7
-1974
-2013
405
5580929
-741
-258
71
-1782
-3165
164
5581954
174
-581
-116
-1287
-5855
-267
5582979
1141
-1191
-566
743
-10357
-297
5584004
1888
-1811
-763
4520
-13243
-507
5585029
2401
-2310
-127
9448
-13368
-1748
5586054
2292
-1426
1342
10992
-11175
-2203
5587079
1697
-20
2608
6373
-7904
-450
5588104
1073
-581
3099
4535
-4998
-10
5589129
783
-1102
3009
4410
-3350
-185
5590154
822
-1089
2695
3554
-2724
38
5591179
1291
-1307
2291
3075
-2064
79
5592204
1709
-1505
1871
3028
-954
-166
5593229
1683
-1422
1458
2806
231
-325
5594254
1386
-1180
1092
2233
727
-337
5595279
1232
-971
737
1798
496
-470
5588096
1241
-745
308
1784
469
-656
5589121
1094
-428
-117
1976
953
-703
5590146
678
-79
-461
2149
1119
-525
5591171
232
214
-711
2285
644
-445
5592196
111
416
-985
2439
303
-331
5593221
256
562
-1355
2666
445
-325
5594246
236
541
-1938
3192
583
-496
5595271
-313
362
-2666
4141
-309
-109
5596296
-1185
150
-3251
5544
-3220
177
5597321
-1735
-40
-3914
7430
-5736
146
5598346
-1496
-348
-3653
9958
-7984
1017
5599371
-1127
-362
-2169
10751
-10963
1301
5600396
-235
145
-1325
7491
-9454
1396
5601421
565
233
-885
4599
-5542
1905
5602446
356
21
-557
3235
-3709
1835
5603471
-367
101
-509
2387
-3353
1675
5596289
-948
297
-563
1907
-2861
1646
5597314
-1233
566
-513
1196
-2280
1687
5598339
-1381
761
-429
330
-1985
1552
5599364
-1343
842
-375
-288
-1876
1310
5600389
-1136
890
-324
-792
-1721
1155
5601414
-916
891
-231
-1207
-1542
1049
5602439
-727
820
-103
-1513
-1308
898
5603464
-552
640
91
-1728
-1249
744
5604489
-280
362
351
-1644
-1783
506
5605514
264
135
571
-1366
-2347
770
5606539
847
-238
775
-526
-2647
1501
5607564
973
-618
879
519
-2713
1764
5608589
849
-1000
837
1542
-3627
1614
5609614
939
-1364
521
3132
-6407
2323
5610639
1292
-1716
368
6294
-9814
1667
5611664
2441
-1581
355
9613
-9944
556
5604481
2881
-418
1110
8585
-7960
1167
5605506
2052
261
1974
5296
-6258
1618
5606531
1519
-195
2351
4692
-5213
1004
5607556
1488
-299
2311
4482
-3743
476
5608581
1225
60
2156
3248
-2477
575
5609606
804
118
2033
2311
-2083
715
5610631
531
-8
1880
1939
-1669
622
5611656
297
-63
1723
1684
-1117
413
5612681
79
-40
1535
1422
-830
147
5613706
95
-13
1299
1317
-684
-138
5614731
364
43
1063
1233
-476
-292
5615756
623
82
857
1174
-86
-395
5616781
650
95
657
1243
290
-378
5617806
498
60
394
1581
367
-286
5618831
389
38
2
2177
24
-183
5619856
509
158
-480
2565
-263
113
5612671
690
119
-1071
3053
-164
386
5613696
578
-209
-1829
4149
-66
322
5614721
142
-408
-2645
5378
-429
189
5615746
-619
-481
-3297
6452
-1686
228
5616771
-1133
-783
-3753
8007
-3672
1337
5617796
-1201
-1189
-3609
10282
-5629
2271
5618821
-739
-1003
-2752
10935
-7620
2085
5619846
121
-257
-1880
8223
-7131
1636
5620871
428
179
-1321
5418
-4038
2117
5621896
-769
166
-1019
3792
-1983
2402
5622921
-2372
211
-912
2608
-1980
2065
5623946
-3332
323
-895
1986
-2562
1527
5624971
-3423
527
-920
1411
-2761
1286
5625996
-2939
714
-915
641
-2745
1315
5627021
-2253
735
-900
13
-2556
1361
5628046
-1672
701
-875
-478
-2087
1262
5620865
-1431
678
-766
-877
-1784
1199
5621890
-1426
619
-591
-1112
-1849
1195
5622915
-1282
540
-347
-1204
-2192
1297
5623940
-840
433
-29
-1233
-2315
1259
5624965
-269
301
280
-1295
-2210
1110
5625990
-4
142
468
-1239
-2424
879
5627015
65
36
384
-1190
-3294
745
5628040
196
-260
-16
71
-6257
504
5629065
559
-724
-514
3318
-9251
181
5630090
825
-1157
-461
7991
-10770
-83
5631115
-312
-975
593
12786
-10113
-648
5632140
-1220
139
2479
10299
-9501
-495
5633165
-599
-222
3482
6882
-8566
-94
5634190
1171
-1468
3432
7377
-5735
-389
5635215
2481
-1586
3230
6405
-3406
7
5636240
3059
-1808
3110
5516
-2356
265
5629057
3455
-2080
2947
5282
-1270
-25
5630082
3579
-1952
2818
4467
-153
-262
5631107
3386
-1731
2649
3533
464
-476
5632132
3080
-1467
2403
2926
879
-784
5633157
2538
-1049
2137
2360
1663
-925
5634182
1484
-625
1843
1720
2413
-979
5635207
307
-317
1473
1312
2399
-921
5636232
-394
2
1034
1139
1518
-646
5637257
-454
293
468
1065
768
-466
5638282
-91
403
-232
1331
696
-290
5639307
49
496
-1002
1980
897
-45
5640332
-131
774
-1834
2491
871
157
5641357
-615
740
-2953
3437
575
-156
5642382
-1312
411
-4346
4892
225
-104
5643407
-2109
-15
-5438
6934
-2206
-4
5644432
-2303
-558
-6202
9755
-5200
-183
5637248
-581
-786
-6316
12096
-5997
1598
5638273
1431
-915
-5133
12562
-6181
2407
5639298
2341
-678
-3547
9751
-6400
1491
5640323
2340
-412
-2558
6985
-4667
1621
5641348
1056
-247
-1805
5079
-1598
2381
5642373
-1204
-21
-1221
3452
-964
2280
5643398
-2987
258
-915
2334
-1924
1750
5644423
-3679
541
-869
1621
-2555
1417
5645448
-3441
866
-897
943
-2886
1242
5646473
-2565
1080
-884
217
-3198
1081
5647498
-1490
1081
-850
-471
-3049
1077
5648523
-864
958
-736
-850
-2441
1047
5649548
-890
828
-479
-999
-2293
1008
5650573
-1130
674
-124
-1061
-2748
818
5651598
-990
433
267
-885
-3486
835
5652623
-398
167
610
-356
-3986
703
5645440
361
12
901
38
-4108
314
5646465
910
-136
1079
521
-4523
200
5647490
1246
-409
1029
1962
-6161
564
5648515
1605
-869
972
5059
-8742
698
5649540
2256
-1333
1168
9666
-9659
-17
5650565
2309
-821
1754
13136
-7939
-960
5651590
1011
425
2983
10436
-5689
-562
5652615
-267
106
3969
8152
-4797
142
5653640
-367
-1053
4326
8417
-4502
-112
5654665
648
-1557
4199
7698
-3871
-292
5655690
2263
-1884
3870
7165
-2978
-675
5656715
3720
-1806
3569
6276
-1601
-841
5657740
4426
-1628
3329
5068
121
-888
5658765
4159
-1508
3202
4108
1554
-727
5659790
3224
-1238
3099
3098
2503
-532
5660815
2234
-780
2906
1707
2772
-548
5653631
1437
-538
2490
633
2397
-620
5654656
770
-647
1822
595
1909
-641
5655681
406
-569
1084
827
1546
-444
5656706
442
-283
425
616
1217
-165
5657731
774
-239
-238
701
977
-10
5658756
1049
-316
-933
1402
887
173
5659781
846
-299
-1764
2230
671
140
5660806
249
-502
-2864
3481
-657
613
5661831
-487
-1033
-3902
6250
-4160
621
5662856
-546
-1453
-4563
10113
-5971
623
5663881
533
-1138
-3649
11279
-6026
2950
5664906
202
-1022
-1859
9452
-5987
3234
5665931
-717
-835
-813
7344
-5458
1647
5666956
-707
-365
-180
5329
-4714
1440
5667981
-311
-118
-131
3540
-3018
2195
5669006
-431
18
-386
2401
-1773
2587
5661826
-1174
91
-596
2376
-1976
2323
5662851
-1725
330
-641
2564
-2663
2035
5663876
-1975
742
-497
1977
-2596
1746
5664901
-2100
1057
-157
1043
-2494
1651
5665926
-2064
1142
241
226
-2606
1670
5666951
-1669
1029
570
-581
-2279
1458
5667976
-1123
822
804
-1471
-1915
1292
5669001
-660
489
900
-2087
-1961
1146
5670026
-83
48
862
-2203
-2099
1070
5671051
622
-341
791
-1914
-2315
872
5672076
1348
-596
727
-1598
-2319
688
5673101
1885
-775
660
-1497
-2173
476
5674126
2223
-985
410
-1094
-3570
219
5675151
2800
-1332
-115
945
-7899
214
5676176
4072
-1675
-657
3938
-10800
665
5677201
4711
-2374
-600
8852
-11522
895
5670016
2472
-2013
719
13518
-10399
-599
5671041
322
-202
2504
9031
-9614
-537
5672066
645
-697
3401
6425
-8852
-279
5673091
2673
-1766
3353
6878
-6086
-949
5674116
3993
-1779
3088
5793
-3132
-1124
5675141
4171
-1821
2929
4850
-1337
-1123
5676166
3773
-1852
2833
4189
59
-1295
5677191
2949
-1700
2745
3445
1064
-1377
5678216
2123
-1450
2517
2632
1377
-1352
5679241
1533
-1097
2106
1825
1274
-1303
5680266
1099
-766
1560
1240
1211
-1162
5681291
695
-531
1030
938
1077
-879
5682316
449
-298
613
603
757
-692
5683341
548
-215
256
410
469
-396
5684366
760
-329
-91
635
533
-16
5685391
871
-396
-412
897
644
396
5678208
824
-456
-806
1093
514
683
5679233
580
-889
-1589
2231
-25
822
5680258
-50
-1694
-2670
5037
-2145
923
5681283
-981
-2169
-3788
9118
-4163
980
5682308
-1276
-2000
-3769
11532
-5168
1452
5683333
-619
-1381
-2427
9481
-6006
2826
5684358
142
-1420
-1390
7938
-5628
2618
5685383
776
-1255
-370
6389
-5446
1745
5686408
1738
-1018
22
4684
-4150
1892
5687433
2383
-963
-55
3445
-2059
2209
5688458
1888
-771
-194
2244
-1055
2275
5689483
652
-718
-252
1645
-1566
2081
5690508
-309
-733
-221
1600
-2142
1934
5691533
-767
-599
-110
1264
-2343
1768
5692558
-747
-515
35
749
-2857
1517
5693583
-86
-545
106
359
-3355
1332
5686400
990
-663
151
113
-3301
1303
5687425
1891
-822
244
46
-2873
1196
5688450
2340
-936
380
149
-2675
1160
5689475
2571
-1000
548
421
-2924
1120
5690500
2933
-991
741
709
-3250
906
5691525
3429
-917
911
970
-3392
677
5692550
3731
-866
1018
1445
-3560
326
5693575
3639
-847
974
2214
-4138
-653
5694600
3500
-1069
693
4006
-6565
-898
5695625
3526
-1669
419
8274
-10782
-1629
5696650
3984
-1813
452
13093
-11037
-3958
5697675
3853
-624
1476
10828
-6855
-4397
5698700
2417
-465
2931
6247
-4751
-3031
5699725
1931
-1969
3469
5863
-6012
-2897
5700750
3591
-2693
3003
5333
-6038
-3354
5701775
5479
-2886
2345
4335
-3132
-3202
5694592
5811
-2796
1993
3594
-456
-2844
5695617
4946
-2437
1922
2660
959
-2548
5696642
3725
-2172
1902
1851
1233
-2328
5697667
2781
-1966
1660
1507
745
-1802
5698692
2255
-1609
1297
1198
480
-1304
5699717
1965
-1177
971
657
653
-961
5700742
1605
-945
683
393
682
-803
5701767
1276
-834
446
504
349
-735
5702792
1188
-675
264
456
18
-464
5703817
1285
-693
77
245
59
-331
5704842
1296
-942
-200
496
250
-343
5705867
1084
-1318
-664
1553
300
-451
5706892
633
-1707
-1467
3184
254
-454
5707917
-24
-2017
-2473
5511
-89
-283
5708942
-765
-2206
-3312
8719
-809
-627
5709967
-978
-1894
-3411
11919
-2787
-1208
5702783
-364
-1030
-2560
13556
-5263
-73
5703808
310
-257
-1575
11862
-4821
1050
5704833
327
32
-366
8770
-2856
959
5705858
-275
192
577
6305
-2343
1119
5706883
-605
361
877
4160
-1963
1439
5707908
-680
341
845
2679
-1812
1505
5708933
-598
232
667
2004
-2026
1452
5709958
-360
250
491
1496
-1823
1327
5710983
-323
358
426
818
-1468
1194
5712008
-372
364
476
241
-1582
1160
5713033
-237
277
575
-162
-1996
1111
5714058
222
183
673
-521
-2279
984
5715083
732
38
814
-598
-2428
729
5716108
1144
-120
1006
-318
-2628
556
5717133
1464
-220
1330
170
-3000
497
5718158
1721
-218
1736
495
-3103
215
5710976
1767
-235
2089
772
-3097
29
5712001
1401
-285
2318
1261
-3513
-179
5713026
1068
-343
2492
1755
-4575
-604
5714051
970
-573
2604
2379
-6420
-801
5715076
709
-1089
2711
3622
-8161
-851
5716101
84
-1705
2964
5771
-9642
-1563
5717126
-183
-1938
3163
7413
-10542
-2481
5718151
555
-1805
3152
6964
-9511
-1995
5719176
1431
-2022
3105
6274
-7269
-1347
5720201
1966
-2237
2977
6133
-5409
-1053
5721226
2455
-2073
2702
5432
-3795
-522
5722251
2779
-1915
2345
4606
-1843
-353
5723276
2526
-1688
1986
3904
239
-184
5724301
1830
-1297
1698
2996
1517
-106
5725326
1098
-828
1395
2036
2199
-478
5726351
375
-376
932
1212
2745
-543
5719169
-382
-59
294
825
2746
-378
5720194
-985
183
-342
1066
1991
-325
5721219
-1184
541
-768
1289
913
-118
5722244
-1164
938
-1073
1381
-144
291
5723269
-1164
1284
-1303
1839
-984
752
5724294
-1342
1627
-1314
2789
-2017
793
5725319
-1445
2082
-1007
3361
-2944
574
5726344
-1619
2669
-757
3182
-3750
717
5727369
-2327
2545
-1136
4638
-6022
449
5728394
-2896
2122
-1801
6945
-7974
-493
5729419
-3333
1921
-1515
8763
-8648
-83
5730444
-3531
2013
-196
7942
-8358
1127
5731469
-2352
1705
634
5717
-7149
1064
5732494
-801
1354
205
5316
-5289
482
5733519
-181
1772
-333
4874
-4112
58
5734544
-451
2476
-617
3557
-3683
511
5727361
-1056
2674
-804
2985
-3483
1062
5728386
-1449
2590
-773
2939
-2908
886
5729411
-1741
2745
-694
2222
-2102
705
5730436
-2048
2764
-566
1143
-1571
370
5731461
-2120
2691
-388
94
-1233
-80
5732486
-2250
2763
-237
-1080
-578
129
5733511
-2466
2527
-67
-1678
-249
347
5734536
-2318
2252
201
-1942
-670
15
5735561
-1654
2019
412
-2259
-952
-104
5736586
-840
1604
404
-2182
-524
118
5737611
-338
1277
276
-1961
-333
278
5738636
-86
1139
140
-2149
-784
140
5739661
172
1005
-151
-2831
-1723
-249
5740686
327
525
-916
-2405
-5604
-366
5741711
526
-482
-1921
1556
-12460
26
5742736
1774
-1688
-1913
7681
-16249
-308
5735622
2646
-2112
-199
14052
-14269
-1040
5736647
1876
208
1941
9089
-9719
57
5737672
947
307
3173
4601
-6682
1143
5738697
923
-777
3232
5186
-4399
967
5739722
938
-551
2848
4315
-2554
1118
5740747
1041
-513
2636
3146
-1595
1169
5741772
1382
-823
2493
2783
-1146
1056
5742797
1678
-949
2124
2849
-353
1029
5743822
1704
-749
1766
2592
485
1010
5744847
1425
-477
1466
2148
982
825
5745872
880
-200
1097
1883
1327
670
5746897
184
125
704
1759
1715
487
5747922
-500
504
375
1625
1781
260
5748947
-1000
943
20
1455
1265
153
5749972
-1134
1366
-460
1383
565
77
5750997
-830
1661
-1094
1557
21
6
5743745
-472
1892
-1840
2058
2
102
5744770
-477
2158
-2697
2532
606
-203
5745795
-1266
2199
-3941
3365
1012
-949
5746820
-2694
1806
-5417
5554
474
-1144
5747845
-3972
1534
-6311
9024
-2538
-1054
5748870
-3970
1741
-6335
12958
-8690
-808
5749895
-1503
2147
-5751
12737
-11580
-77
5750920
2082
1489
-4804
10174
-7673
-431
5751945
3078
669
-3499
9201
-4104
46
5752970
719
615
-2276
7099
-3717
1368
5753995
-2090
649
-1692
4763
-2346
1472
5755020
-4392
642
-1181
3286
-2160
1154
5756045
-5277
872
-946
2684
-4537
135
5757070
-3943
1233
-946
1736
-4780
139
5758095
-2590
1273
-997
728
-3046
472
5759120
-2204
1174
-937
313
-2086
600
5751936
-2194
1188
-788
-36
-1901
595
5752961
-2221
1192
-677
-459
-1637
584
5753986
-2416
1129
-539
-832
-1265
384
5755011
-2775
1064
-334
-1162
-1177
273
5756036
-3011
927
-101
-1385
-1463
390
5757061
-2784
677
67
-1081
-1758
480
5758086
-2205
483
171
-794
-2089
443
5759111
-1488
157
129
-442
-2269
206
5760136
-473
-305
-257
1058
-3402
133
5761161
675
-868
-1114
3947
-5189
435
5762186
1814
-1846
-2404
9489
-4545
-1213
5763211
1844
-1281
-3706
14706
-1778
-2857
5764236
126
1325
-2478
10037
-1268
-550
5765261
-1418
1480
-1240
5072
-2770
1595
5766286
-1211
-519
-302
6058
-1376
1086
5767311
-491
-939
1202
5992
154
1171
5760129
-291
-809
2218
4713
-1199
835
5761154
314
-976
2785
3741
-3033
403
5762179
1465
-1104
2838
3269
-2632
398
5763204
2563
-1113
2696
3188
-807
718
5764229
3002
-858
2716
3080
145
1226
5765254
2651
-518
2663
2942
282
1330
5766279
1912
-191
2369
2749
478
1024
5767304
885
180
1922
2622
565
848
5768329
-291
445
1331
3041
183
634
5769354
-1246
755
718
3831
-371
239
5770379
-1869
1113
61
4818
-519
-262
5771404
-2354
1587
-549
5505
-529
-597
5772429
-2923
2054
-993
5342
-504
-665
5773454
-3581
2139
-1191
4774
-754
-610
5774479
-4006
1926
-1204
3931
-1173
-278
5775504
-3957
1443
-1121
3040
-1731
292
5768320
-3249
774
-1069
2477
-2622
1168
5769345
-1616
24
-1228
2571
-2850
1459
5770370
625
-508
-1395
2943
-2680
832
5771395
2732
-758
-1532
3146
-2657
147
5772420
4333
-906
-1816
3453
-2050
-334
5773445
5103
-885
-2203
3903
-990
-320
5774470
4766
-705
-2492
4216
7
179
5775495
3498
-498
-2559
4258
391
770
5776520
1683
-350
-2499
4196
330
978
5777545
-212
-227
-2353
4225
119
833
5778570
-1799
-95
-2097
4220
-136
570
5779595
-2843
5
-1770
4231
-588
366
5780620
-3260
87
-1438
4283
-1213
240
5781645
-3073
167
-1130
4228
-1815
142
5782670
-2379
173
-869
4174
-2243
163
5783695
-1404
107
-649
4144
-2289
190
5776512
-457
36
-426
4095
-2041
260
5777537
284
-17
-190
4015
-1783
432
5778562
769
-89
46
3958
-1436
613
5779587
955
-157
290
3913
-1025
617
5780612
850
-164
525
3880
-890
626
5781637
603
-151
719
3879
-949
629
5782662
365
-107
863
3836
-936
571
5783687
175
-57
984
3790
-937
573
5784712
33
-55
1078
3847
-949
500
5785737
-79
-48
1144
3963
-962
422
5786762
-157
-10
1188
3986
-959
401
5787787
-171
4
1227
3948
-984
391
5788812
-130
-21
1243
3959
-1019
395
5789837
-49
-56
1242
3991
-1030
386
5790862
38
-85
1224
3995
-996
381
5791887
120
-99
1194
3951
-967
449
5784704
200
-134
1150
3917
-984
454
5785729
298
-166
1086
3886
-990
440
5786754
402
-181
999
3842
-958
479
5787779
493
-190
898
3821
-956
550
5788804
555
-190
782
3785
-894
542
5789829
569
-182
655
3727
-845
537
5790854
536
-176
515
3706
-825
550
5791879
483
-160
368
3693
-827
598
5792904
414
-145
211
3684
-798
614
5793929
321
-123
61
3652
-798
568
5794954
220
-91
-91
3633
-843
582
5795979
150
-66
-238
3652
-903
625
5797004
113
-51
-368
3694
-938
580
5798029
80
-21
-486
3727
-948
563
5799054
32
10
-593
3763
-961
561
5800079
-22
40
-687
3800
-968
548
5792895
-78
62
-763
3845
-976
517
5793920
-142
92
-824
3874
-1003
514
5794945
-193
106
-867
3883
-1048
483
5795970
-205
110
-894
3914
-1099
467
5796995
-187
113
-902
3925
-1107
465
5798020
-182
108
-893
3919
-1091
465
5799045
-204
106
-869
3935
-1091
433
5800070
-219
111
-820
3926
-1117
413
5801095
-216
106
-760
3925
-1129
451
5802120
-227
98
-694
3945
-1133
435
5803145
-244
109
-616
3920
-1152
400
5804170
-235
109
-537
3888
-1160
396
5805195
-204
95
-460
3910
-1223
410
5806220
-154
115
-384
3911
-1238
543
5807245
-140
114
-304
3842
-1120
564
5808270
-201
84
-203
3812
-1074
457
5801088
-282
62
-114
3847
-1098
431
5802113
-334
59
-34
3872
-1152
461
5803138
-337
62
41
3819
-1181
479
5804163
-295
40
103
3760
-1199
492
5805188
-220
-3
146
3800
-1211
492
5806213
-122
-22
184
3822
-1203
509
5807238
-31
-43
220
3838
-1143
532
5808263
16
-57
263
3850
-1043
559
5809288
4
-45
310
3812
-996
601
5810313
-27
-53
358
3813
-1014
649
5811338
-34
-69
391
3870
-987
620
5812363
-14
-59
423
3900
-1016
657
5813388
35
-53
439
3903
-1007
684
5814413
87
-51
445
3898
-976
684
5815438
125
-36
451
3854
-971
664
5816463
184
-35
444
3843
-957
701
5809280
255
-54
439
3967
-982
703
5810305
324
-13
423
3936
-939
675
5811330
312
4
414
3856
-826
684
5812355
190
-10
401
3900
-836
625
5813380
84
24
375
3886
-913
595
5814405
47
54
330
3805
-916
552
5815430
41
62
269
3754
-906
564
5816455
30
74
201
3732
-933
581
5817480
35
73
126
3725
-947
530
5818505
42
76
42
3734
-931
509
5819530
33
85
-38
3733
-931
480
5820555
24
88
-114
3746
-958
484
5821580
26
75
-184
3760
-982
451
5822605
30
70
-236
3754
-981
471
5823630
19
56
-269
3735
-969
491
5824655
1
36
-282
3764
-1015
501
5817472
3
21
-287
3774
-1034
487
5818497
26
0
-282
3793
-1048
511
5819522
44
-16
-277
3811
-1040
547
5820547
54
-28
-266
3820
-1037
560
5821572
59
-38
-252
3821
-1035
606
5822597
51
-42
-231
3819
-1029
641
5823622
37
-38
-204
3782
-1027
656
5824647
38
-41
-183
3766
-1062
648
5825672
59
-45
-175
3821
-1080
675
5826697
73
-28
-170
3871
-1049
698
5827722
53
2
-148
3832
-1026
691
5828747
16
17
-120
3804
-1039
697
5829772
-9
16
-92
3826
-1071
698
5830797
-11
21
-64
3828
-1073
675
5831822
0
29
-39
3837
-1083
673
5832847
18
36
-17
3828
-1078
688
5825666
34
38
12
3803
-1057
673
5826691
42
33
46
3805
-1048
626
5827716
47
43
79
3796
-1040
661
5828741
50
34
113
3811
-1028
646
5829766
62
23
136
3847
-1021
610
5830791
80
26
153
3834
-1000
612
5831816
87
18
170
3822
-988
605
5832841
97
12
184
3828
-993
610
5833866
114
2
196
3825
-977
621
5834891
128
-4
204
3824
-972
629
5835916
145
-6
202
3806
-979
652
5836941
166
-10
197
3794
-963
653
5837966
178
-15
191
3803
-938
648
5838991
175
-6
181
3795
-930
675
5840016
164
7
173
3753
-929
683
5841041
144
-3
152
3796
-922
680
5833857
112
8
121
3812
-904
687
5834882
95
15
106
3770
-929
689
5835907
114
0
86
3784
-956
681
5836932
122
5
57
3777
-925
674
5837957
106
18
43
3747
-903
673
5838982
89
9
35
3755
-934
650
5840007
87
8
19
3768
-956
663
5841032
89
3
1
3782
-940
637
5842057
76
4
-14
3797
-943
643
5843082
50
10
-24
3762
-951
642
5844107
37
2
-32
3721
-971
614
5845132
45
-10
-43
3712
-997
600
5846157
63
-21
-59
3723
-1004
579
5847182
89
-27
-76
3740
-1012
621
5848207
104
-34
-83
3755
-993
663
5849232
80
-47
-85
3760
-985
610
5842049
52
-42
-83
3764
-1004
637
5843074
24
-39
-72
3785
-995
631
5844099
-21
-25
-58
3818
-985
620
5845124
-78
-7
-41
3824
-979
636
5846149
-128
3
-19
3823
-1019
652
5847174
-148
3
-4
3802
-1056
637
5848199
-138
-4
7
3791
-1054
623
5849224
-117
-11
19
3788
-1082
644
5850249
-90
-22
27
3789
-1064
650
5851274
-76
-33
30
3775
-1039
647
5852299
-77
-36
27
3762
-1046
667
5853324
-78
-36
23
3724
-1061
679
5854349
-66
-56
17
3756
-1076
666
5855374
-46
-67
4
3824
-1086
683
5856399
-26
-59
-10
3803
-1074
716
5857424
-15
-66
-23
3787
-1070
707
5850240
-7
-70
-25
3813
-1071
700
5851265
-8
-56
-20
3807
-1065
737
5852290
-10
-52
-3
3811
-1093
732
5853315
10
-48
4
3833
-1102
716
5854340
27
-39
9
3844
-1066
694
5855365
16
-24
17
3857
-1051
697
5856390
-13
-5
25
3843
-1059
704
5857415
-26
-1
35
3830
-1081
660
5858440
-10
1
40
3838
-1105
657
5859465
5
3
39
3830
-1074
642
5860490
17
2
43
3800
-1082
629
5861515
35
-2
46
3787
-1082
650
5862540
49
-8
44
3784
-1060
640
5863565
53
-7
42
3773
-1061
636
5864590
62
-9
40
3779
-1068
633
5865615
63
-9
37
3802
-1048
623
5858432
53
-9
39
3823
-1047
611
5859457
43
-7
39
3840
-1065
622
5860482
40
0
45
3820
-1058
623
5861507
42
0
55
3793
-1055
629
5862532
37
-10
63
3766
-1047
615
5863557
42
-15
68
3766
-1051
633
5864582
54
-18
61
3794
-1039
645
5865607
56
-18
49
3820
-1018
627
5866632
39
1
42
3761
-998
627
5867657
21
-5
37
3746
-1020
621
5868682
24
-23
25
3811
-1055
608
5869707
44
-17
7
3825
-1059
637
5870732
58
-17
-6
3816
-1024
637
5871757
39
-17
-3
3814
-1012
606
5872782
8
-3
6
3775
-1020
619
5873807
-11
-3
20
3759
-1055
614
5866624
-1
-6
19
3763
-1045
612
5867649
0
-7
12
3795
-1012
593
5868674
-21
-2
4
3827
-1016
581
5869699
-43
12
-3
3796
-1036
578
5870724
-47
4
-10
3777
-1073
571
5871749
-29
-14
-19
3817
-1079
558
5872774
-21
-14
-23
3795
-1056
563
5873799
-29
-16
-21
3770
-1057
582
5874824
-36
-21
-19
3769
-1071
585
5875849
-41
-18
-16
3760
-1075
597
5876874
-39
-23
-15
3766
-1085
581
5877899
-37
-22
-20
3786
-1076
600
5878924
-50
-17
-25
3773
-1057
583
5879949
-74
-16
-23
3773
-1062
575
5880974
-100
-13
-22
3804
-1078
568
5881999
-119
-6
-22
3823
-1068
575
5874816
-133
6
-20
3825
-1080
581
5875841
-143
12
-10
3787
-1078
576
5876866
-153
5
3
3772
-1070
548
5877891
-159
2
13
3772
-1080
553
5878916
-159
1
12
3789
-1072
552
5879941
-167
11
8
3731
-1056
543
5880966
-169
-2
2
3732
-1082
540
5881991
-166
-18
-16
3799
-1094
523
5883016
-155
-10
-34
3787
-1100
548
5884041
-148
-25
-49
3790
-1093
538
5885066
-151
-32
-55
3805
-1085
532
5886091
-169
-22
-52
3793
-1094
577
5887116
-172
-26
-43
3790
-1133
570
5888141
-155
-24
-34
3792
-1143
572
5889166
-136
-28
-26
3805
-1109
566
5890191
-139
-27
-18
3814
-1088
563
5883008
-150
-20
-12
3795
-1095
564
5884033
-153
-22
-12
3804
-1113
580
5885058
-139
-26
-15
3832
-1137
570
5886083
-107
-25
-18
3834
-1143
575
5887108
-84
-26
-20
3826
-1107
608
5888133
-86
-25
-14
3814
-1078
603
5889158
-108
-16
-2
3795
-1084
593
5890183
-112
-12
8
3766
-1118
604
5891208
-85
-18
7
3780
-1129
616
5892233
-41
-17
-4
3789
-1109
615
5893258
-16
-16
-17
3811
-1084
607
5894283
-24
-2
-23
3805
-1076
601
5895308
-41
7
-19
3795
-1108
611
5896333
-42
5
-12
3808
-1129
577
5897358
-12
8
-8
3806
-1151
567
5898383
20
7
-8
3800
-1127
557
5891200
31
6
-7
3817
-1091
548
5892225
12
16
-2
3809
-1077
529
5893250
-11
23
10
3769
-1089
502
5894275
-11
9
20
3790
-1124
504
5895300
8
-2
22
3824
-1102
496
5896325
19
-3
20
3823
-1066
487
5897350
19
-10
21
3801
-1075
493
5898375
17
-15
28
3786
-1066
498
5899400
24
-18
41
3777
-1076
524
5900425
38
-29
47
3800
-1064
520
5901450
53
-30
45
3808
-1029
520
5902475
46
-25
43
3808
-1010
542
5903500
25
-20
42
3805
-999
536
5904525
7
-19
40
3789
-1027
534
5905550
16
-24
26
3807
-1042
524
5906575
