Device = VHR-0009
time_stamp = 1777443299599
sample_rate = 50
Data format = INT16
TYPE = 6-AXIS IMU RAW DATA
10
-5
-4
3610
1178
273
14124160
9
-6
-8
3608
1179
289
14125185
4
-9
-6
3586
1165
294
14126210
-4
-12
-1
3568
1161
302
14127235
-14
-14
4
3576
1159
297
14128260
-15
-10
9
3609
1161
295
14129285
-13
-2
14
3615
1152
287
14130310
-3
3
13
3639
1155
279
14131335
2
4
13
3604
1169
316
14132360
-5
-4
10
3560
1150
335
14133385
-19
-10
4
3593
1165
297
14134410
-35
-6
6
3602
1168
290
14135435
-34
7
13
3604
1149
290
14136460
-14
20
16
3590
1141
294
14137485
-4
19
11
3590
1163
306
14138510
-14
10
5
3607
1182
287
14139535
-32
2
2
3622
1176
255
14132353
-29
3
0
3612
1151
252
14133378
-10
6
-7
3579
1129
267
14134403
-1
6
-16
3569
1153
277
14135428
-13
2
-16
3588
1155
248
14136453
-19
0
-13
3617
1144
233
14137478
-12
0
-10
3611
1139
245
14138503
-7
-6
-11
3607
1146
260
14139528
-9
-12
-13
3591
1150
265
14140553
-18
-16
-15
3584
1137
267
14141578
-14
-14
-20
3582
1130
253
14142603
-1
-8
-23
3595
1119
261
14143628
9
-7
-22
3602
1133
265
14144653
0
-13
-20
3604
1134
281
14145678
-15
-22
-15
3603
1117
272
14146703
-16
-25
-9
3596
1117
274
14147728
-9
-12
-13
3591
1150
265
14140553
-18
-16
-15
3584
1137
267
14141578
-14
-14
-20
3582
1130
253
14142603
-1
-8
-23
3595
1119
261
14143628
9
-7
-22
3602
1133
265
14144653
0
-13
-20
3604
1134
281
14145678
-15
-22
-15
3603
1117
272
14146703
-16
-25
-9
3596
1117
274
14147728
-8
-24
-4
3602
1120
280
14140544
-1
-22
2
3605
1130
289
14141569
1
-18
7
3599
1137
291
14142594
3
-17
7
3605
1150
287
14143619
2
-16
5
3615
1157
281
14144644
-2
-14
1
3610
1148
300
14145669
-2
-14
0
3604
1146
298
14146694
3
-12
4
3614
1150
283
14147719
6
-8
11
3619
1164
297
14148744
1
-8
17
3597
1158
315
14149769
-3
-10
16
3623
1162
310
14150794
1
-6
13
3630
1172
309
14151819
7
2
9
3588
1168
310
14152844
7
7
6
3574
1166
306
14153869
1
8
7
3586
1174
307
14154894
3
9
14
3602
1171
297
14155919
9
11
17
3613
1176
294
14148736
11
13
14
3594
1174
286
14149761
12
12
4
3595
1174
284
14150786
7
9
-3
3595
1168
287
14151811
4
6
-2
3602
1165
270
14152836
7
7
2
3596
1159
271
14153861
9
5
6
3575
1147
279
14154886
10
2
6
3584
1165
280
14155911
3
-2
8
3601
1175
283
14156936
-8
-3
14
3600
1174
273
14157961
-13
-4
19
3571
1167
282
14158986
-10
-6
15
3571
1177
292
14160011
-11
-9
8
3602
1189
287
14161036
-19
-9
5
3611
1192
287
14162061
-26
-7
5
3608
1176
284
14163086
-20
-6
3
3613
1176
292
14164111
-11
-4
-1
3599
1170
306
14156928
-9
-5
-8
3589
1179
303
14157953
-20
-6
-14
3593
1188
304
14158978
-35
-6
-13
3617
1163
307
14160003
-26
0
-10
3615
1140
307
14161028
-2
5
-13
3607
1142
305
14162053
3
4
-14
3613
1165
302
14163078
-16
-1
-12
3583
1165
327
14164103
-38
-9
-9
3577
1146
329
14165128
-45
-6
-5
3599
1143
311
14166153
-35
5
0
3603
1140
309
14167178
-26
16
0
3579
1140
306
14168203
-25
19
-6
3579
1149
303
14169228
-30
15
-10
3597
1155
301
14170253
-31
10
-9
3609
1141
279
14171278
-26
7
-9
3615
1142
271
14172303
-19
8
-5
3608
1137
282
14165153
-9
8
-2
3588
1136
288
14166178
-10
5
2
3586
1140
274
14167203
-15
0
5
3591
1150
276
14168228
-21
-4
10
3617
1156
281
14169253
-23
-7
15
3621
1157
278
14170278
-16
-9
18
3598
1154
286
14171303
-11
-12
19
3576
1153
302
14172328
-10
-12
17
3573
1184
296
14173353
-18
-15
13
3585
1181
317
14174378
-32
-20
11
3577
1188
327
14175403
-45
-25
12
3567
1199
313
14176428
-47
-26
15
3575
1205
312
14177453
-40
-21
7
3559
1258
315
14178478
-42
-23
-16
3520
1261
313
14179503
-61
-30
-54
3497
1335
309
14180528
-112
-49
-98
3551
1464
251
14173380
-157
-67
-158
3548
1414
232
14174405
-132
-72
-248
3482
1482
268
14175430
-153
-99
-321
3485
1655
258
14176455
-239
-142
-359
3566
1672
199
14177480
-288
-171
-409
3581
1784
217
14178505
-373
-197
-462
3557
1898
220
14179530
-496
-243
-511
3555
1965
163
14180555
-602
-290
-556
3489
1895
195
14181580
-665
-321
-603
3476
1895
245
14182605
-697
-345
-633
3452
1954
215
14183630
-690
-376
-654
3389
1958
180
14184655
-659
-386
-693
3259
2018
224
14185680
-713
-399
-742
3201
2253
347
14186705
-886
-430
-757
3217
2325
352
14187730
-986
-444
-773
3248
2343
277
14188755
-1170
-461
-778
3128
2395
238
14181504
-1336
-450
-815
2938
2386
284
14182529
-1227
-373
-883
2584
2374
299
14183554
-960
-310
-945
2182
2332
257
14184579
-715
-275
-1013
2012
2630
180
14185604
-665
-253
-1122
2140
3058
223
14186629
-742
-232
-1238
2203
3382
158
14187654
-652
-278
-1400
2212
3407
-146
14188679
-391
-303
-1619
2300
3726
-132
14189704
-484
-295
-1857
2462
5072
307
14190729
-963
-391
-2086
2569
5441
514
14191754
-1070
-406
-2233
2020
4650
141
14192779
-683
-337
-2452
1656
5165
0
14193804
-695
-391
-2584
1462
5333
433
14194829
-951
-508
-2652
1172
4823
879
14195854
-1021
-592
-2719
1091
4361
1036
14196879
-1109
-690
-2571
678
3551
1005
14189697
-1140
-802
-2359
368
3017
1002
14190722
-1299
-931
-2079
267
2658
1009
14191747
-1523
-1061
-1756
372
2276
1005
14192772
-1738
-1133
-1396
612
2172
955
14193797
-2026
-1207
-967
798
1867
829
14194822
-2043
-1302
-446
1086
312
381
14195847
-1587
-1241
225
1194
-924
-104
14196872
-1233
-1186
870
1342
-253
-208
14197897
-1054
-1286
1432
1945
-6
-209
14198922
-530
-1251
2026
2233
-760
-79
14199947
133
-1175
2536
2479
-326
54
14200972
584
-1214
2851
3100
476
-45
14201997
843
-1217
3080
3252
177
-259
14203022
1408
-1207
3208
3594
-674
-568
14204047
2071
-927
3120
4631
832
-403
14205072
2511
-571
2837
5622
3198
76
14197888
3075
-265
2469
6591
3854
833
14198913
3793
-1
1936
7533
4306
983
14199938
3815
513
1146
7907
6438
1069
14200963
2481
909
484
7743
7869
1374
14201988
1347
1069
33
7236
7245
1281
14203013
1339
1251
-487
6758
7218
1179
14204038
1619
1422
-1055
6007
6833
1276
14205063
1695
1558
-1475
5387
6089
1600
14206088
1244
1700
-1688
5384
5736
1594
14207113
471
1944
-1472
3818
4639
1067
14208138
89
2079
-1211
1823
3518
655
14209163
146
1971
-957
477
2338
714
14210188
276
1806
-638
-518
1681
1066
14211213
377
1652
-378
-1152
1866
1333
14212238
220
1463
-103
-1698
1850
1522
14213263
-56
1190
95
-2087
741
1595
14206080
-160
1037
173
-2547
-118
1389
14207105
87
883
44
-3163
-292
924
14208130
370
762
-329
-3250
321
1044
14209155
151
680
-753
-2198
1626
1514
14210180
-498
589
-1147
-1508
2094
1565
14211205
-1187
492
-1539
-1308
2349
875
14212230
-1539
428
-1825
-578
2884
355
14213255
-1142
508
-1948
469
5279
613
14214280
-1021
578
-1831
1210
10023
859
14215305
-1199
240
-1829
2295
11806
1020
14216330
-1034
-250
-2276
3957
10237
1140
14217355
-1036
-377
-2291
4170
9845
601
14218380
-843
-631
-2341
3395
8750
167
14219405
-817
-1142
-2331
3370
6918
2
14220430
-1025
-1579
-2148
3438
5323
39
14221455
-1322
-1871
-1705
3085
4030
185
14214271
-1645
-2082
-1127
2828
2783
62
14215296
-1619
-2127
-653
2302
1884
-221
14216321
-1477
-2146
-175
1589
904
-335
14217346
-1525
-2189
251
1134
36
-416
14218371
-1470
-2223
577
1120
-376
-504
14219396
-1237
-2146
773
1045
-500
-356
14220421
-1212
-1997
807
844
-1304
-286
14221446
-1461
-1822
754
479
-2853
-647
14222471
-1384
-1713
623
273
-3249
-763
14223496
-1120
-1680
684
658
-2184
-179
14224521
-1268
-1630
961
1091
-1501
559
14225546
-1172
-1545
1207
2258
-457
1980
14226571
-700
-1274
1402
4797
2165
2898
14227596
217
-750
1691
7418
4362
1527
14228621
1854
1
1753
8299
6228
1327
14229646
3451
392
1617
8219
8337
2292
14222464
4393
866
1155
6974
9113
2727
14223489
3545
1080
549
5442
8410
2622
14224514
2242
1025
224
4496
6677
2156
14225539
1534
1070
56
3713
6333
1796
14226564
842
1059
84
3076
5671
1380
14227589
376
1060
132
2434
4693
983
14228614
352
1096
94
1340
3898
801
14229639
398
1009
0
204
3034
817
14230664
254
803
-118
-702
2310
1334
14231689
-339
597
-171
-1503
2141
1820
14232714
-1153
381
-204
-2471
2203
1721
14233739
-1627
32
-361
-3495
1590
1269
14234764
-1820
-279
-698
-4146
988
1016
14235789
-1962
-431
-1116
-3826
1436
1031
14236814
-2232
-509
-1457
-2688
2689
1065
14237839
-2396
-565
-1798
-1792
3036
206
14230656
-2142
-534
-2190
-1200
3185
-731
14231681
-1373
-501
-2426
-80
6010
-838
14232706
-432
-698
-2484
1307
9501
-318
14233731
-591
-949
-2862
2359
11447
67
14234756
-1233
-1385
-3517
4097
12253
-466
14235781
-1645
-1537
-3915
4753
12405
-930
14236806
-1540
-1669
-4122
4741
11301
-1287
14237831
-792
-1961
-4237
5107
9591
-1232
14238856
-181
-2361
-4115
5014
7687
-904
14239881
-152
-2825
-3657
4275
5993
-477
14240906
-751
-3265
-3015
3671
3987
-492
14241931
-1188
-3514
-2258
3433
1755
-792
14242956
-1174
-3539
-1485
3069
208
-863
14243981
-780
-3519
-722
2679
-1503
-612
14245006
-578
-3301
-86
2111
-3259
-682
14246031
-65
-2931
211
1994
-3576
-845
14238848
588
-2545
575
1848
-2683
-688
14239873
709
-2242
1027
1609
-1875
-519
14240898
488
-2010
1374
1383
-2011
-332
14241923
511
-1872
1517
1149
-1671
-247
14242948
626
-1831
1560
1167
-580
-69
14243973
485
-1861
1668
1418
-388
581
14244998
262
-2025
1844
2826
712
1147
14246023
-366
-2063
1913
6412
4809
761
14247048
-755
-1532
1845
8611
6802
158
14248073
-292
-1235
1705
8189
6204
1285
14249098
1162
-1061
1363
8723
6884
2562
14250123
2304
-395
773
8957
8138
2501
14251148
2258
249
304
7515
7815
1989
14252173
1615
590
139
6184
6526
1659
14253198
1326
835
91
5551
6343
1850
14254223
1082
1082
55
4898
5602
1709
14247040
1014
1400
11
3336
4137
1117
14248065
1220
1600
-109
1397
3145
1219
14249090
1088
1538
-198
-271
2554
1436
14250115
680
1275
-100
-1898
2103
1320
14251140
253
901
103
-3384
1779
1607
14252165
-199
496
91
-4065
1340
2322
14253190
-492
328
-322
-4083
1141
2446
14254215
-624
354
-789
-3426
1819
1853
14255240
-1017
299
-1039
-2652
2095
814
14256265
-1340
237
-1326
-1692
2771
300
14257290
-1397
217
-1729
-665
3234
494
14258315
-1318
361
-2115
91
3822
665
14259340
-887
490
-2416
1332
6261
399
14260365
-705
460
-2628
2599
9648
490
14261390
-1484
207
-2999
3749
10329
523
14262415
-1810
-27
-3330
4841
8518
102
14255232
-816
174
-3574
3820
8268
189
14256257
58
-107
-3622
3735
8999
490
14257282
183
-592
-3494
3903
8343
446
14258307
-7
-1042
-3353
3395
6281
305
14259332
-231
-1524
-3065
2967
4499
508
14260357
-893
-2050
-2508
3042
3162
347
14261382
-1499
-2562
-1878
2954
2018
-204
14262407
-1393
-2995
-1253
2972
236
-244
14263432
-1298
-2984
-568
2639
-1782
-535
14264457
-1460
-2601
-89
1559
-2855
-1143
14265482
-1003
-2331
163
853
-2906
-1255
14266507
1
-2212
472
623
-2597
-584
14267532
277
-2077
745
336
-2077
122
14268557
-67
-1999
916
63
-1756
332
14269582
-264
-1964
1081
-149
-1445
513
14270607
-38
-1988
1166
111
-184
664
14263423
250
-1980
1163
482
873
1054
14264448
-241
-1967
984
1486
3114
2075
14265473
-1748
-2225
777
4905
8229
3091
14266498
-1688
-2393
947
8231
9762
2449
14267523
-95
-2061
785
7786
7804
2682
14268548
1736
-1718
225
6596
8955
2977
14269573
1546
-1431
-244
4680
8979
3244
14270598
-534
-1649
-457
3567
6761
2954
14271623
-1507
-1672
-291
3554
5560
2188
14272648
-1485
-1458
-71
2999
5514
1623
14273673
-1246
-1410
-47
2437
4933
1530
14274698
-925
-1317
-140
1629
4294
1549
14275723
-1077
-1265
-312
636
3604
1593
14276748
-1609
-1286
-509
-155
2435
1400
14277773
-2056
-1274
-656
-832
857
1139
14278798
-2585
-1221
-716
-1670
-868
971
14271616
-3168
-1210
-882
-2249
-1503
553
14272641
-3216
-1337
-943
-2233
-1863
86
14273666
-2890
-1391
-888
-1838
-1643
247
14274691
-2552
-1366
-779
-1075
-589
529
14275716
-1976
-1299
-677
-504
1357
442
14276741
-1649
-1238
-598
-79
4263
231
14277766
-1994
-1338
-492
499
7974
145
14278791
-1726
-1888
-249
2151
12341
260
14279816
-1775
-2597
-663
4025
13146
166
14280841
-2756
-2932
-1740
5309
12214
-636
14281866
-3212
-2741
-2402
3469
9906
-350
14282891
-2924
-2779
-2408
3028
8256
-205
14283916
-2410
-2717
-2235
3268
7711
-365
14284941
-2233
-2717
-2152
3372
7215
1
14285966
-2310
-2826
-1960
3990
6562
215
14286991
-2388
-2760
-1575
3706
5345
-174
14279809
-2160
-2632
-1121
2874
3723
-506
14280834
-1912
-2540
-666
2048
2143
-551
14281859
-1804
-2493
-365
1189
830
-794
14282884
-1638
-2448
-258
706
141
-1075
14283909
-1407
-2407
-201
672
119
-988
14284934
-1165
-2294
-190
529
-138
-788
14285959
-869
-2168
-245
122
-941
-818
14286984
-430
-2076
-345
-121
-914
-682
14288009
-244
-2021
-400
-55
-120
-269
14289034
-537
-2062
-278
153
-456
0
14290059
-443
-2114
-123
984
-1341
-37
14291084
-346
-1881
-29
2692
1044
834
14292109
-1352
-1638
219
4625
5016
2336
14293134
-2250
-1556
632
7575
6206
2064
14294159
-1486
-1209
463
10160
5166
798
14295184
412
-373
-278
9842
6457
1123
14288001
1329
312
-954
8140
8356
2483
14289026
521
489
-1294
7823
7505
2603
14290051
-431
766
-1490
6991
5718
1998
14291076
-601
1076
-1457
4997
4393
1543
14292101
-383
1219
-1279
2982
3311
1589
14293126
-280
1235
-1123
1606
2773
2106
14294151
-631
1278
-990
409
2015
1912
14295176
-825
1241
-757
-1054
386
816
14296201
-408
1171
-598
-2735
19
232
14297226
101
840
-514
-3337
969
726
14298251
50
426
-632
-3077
1421
1342
14299276
-346
177
-1022
-3295
469
1627
14300301
-562
-25
-1533
-2726
155
1269
14301326
-452
-89
-1931
-1869
1002
919
14302351
-705
-144
-2183
-1495
2150
873
14303376
-815
-275
-2385
-928
2536
663
14296192
-634
-225
-2496
-30
4594
652
14297217
-498
110
-2477
425
10489
1683
14298242
-880
-132
-2707
1090
13216
1861
14299267
-844
-584
-3583
3546
11085
989
14300292
-137
-346
-3732
3399
10126
764
14301317
-181
-328
-3567
1330
9397
841
14302342
-662
-906
-3563
2015
7701
573
14303367
-772
-1189
-3125
2608
5839
341
14304392
-516
-1355
-2462
2292
3986
355
14305417
-433
-1580
-1839
1958
2435
390
14306442
-658
-1786
-1229
1618
1341
273
14307467
-694
-2009
-639
1782
-87
-6
14308492
-576
-2073
77
1712
-1662
-307
14309517
-252
-1954
497
1580
-2004
-273
14310542
142
-1798
864
1602
-2160
-193
14311567
260
-1576
1198
1650
-2086
-221
14304383
235
-1390
1525
1684
-1728
-311
14305408
99
-1215
1821
1255
-1744
-340
14306433
158
-1169
2067
957
-1769
-225
14307458
450
-1161
2223
1191
-1080
219
14308483
568
-1148
2414
1570
-553
715
14309508
596
-1255
2675
2361
653
1225
14310533
584
-1371
2959
4506
3065
1395
14311558
1078
-1098
2949
6989
7211
2271
14312583
1967
-891
2769
9397
10870
2877
14313608
2245
-491
2223
10695
11271
2517
14314633
1942
626
1529
7890
11971
2047
14315658
1477
976
865
5188
9841
2311
14316683
1567
964
544
4254
6793
1810
14317708
2196
1339
268
2537
6224
1399
14318733
2217
1458
23
1057
5230
1469
14319758
1819
1490
-104
249
3675
1531
14312576
1502
1637
-177
-556
2387
1203
14313601
1397
1717
-124
-1716
1320
689
14314626
1375
1630
-58
-2994
835
601
14315651
1399
1384
-183
-3566
974
1067
14316676
1120
1060
-391
-3439
702
1743
14317701
340
801
-607
-3071
461
1771
14318726
-133
593
-881
-2476
806
1366
14319751
-398
398
-1137
-2036
757
1035
14320776
-618
260
-1335
-1509
700
919
14321801
-692
219
-1459
-759
1686
810
14322826
-231
258
-1533
55
3690
581
14323851
24
408
-1278
1397
8481
1077
14324876
-262
105
-1237
3351
12896
1357
14325901
-795
-394
-2026
7196
12082
1858
14326926
-350
20
-2182
8106
10244
2097
14327951
-84
633
-2146
5140
9446
1830
14320769
-338
269
-2359
5478
7165
1402
14321794
-343
190
-2111
5417
4368
1036
14322819
-178
322
-1711
3812
2480
588
14323844
28
225
-1400
2582
869
523
14324869
120
65
-1132
2017
-382
488
14325894
-29
10
-824
1597
-1046
336
14326919
-296
33
-526
1117
-1473
198
14327944
-417
90
-157
881
-1813
-11
14328969
-311
223
295
875
-2180
-348
14329994
41
478
697
823
-2285
-533
14331019
486
731
981
606
-1816
-498
14332044
790
879
1177
603
-1288
-334
14333069
936
998
1311
871
-1274
-90
14334094
1008
1141
1424
1191
-1119
227
14335119
1012
1150
1683
2159
607
865
14336144
851
1137
2214
4658
5334
1090
14328959
1619
1331
2805
6940
9168
724
14329984
2096
1226
2941
7590
10165
670
14331009
2780
1509
2168
8267
11980
1752
14332034
3159
2199
1346
5724
10884
2502
14333059
2446
2179
754
3808
8882
2253
14334084
1891
2043
702
3011
6032
1040
14335109
2051
2251
789
1401
4894
539
14336134
2113
2242
681
282
4618
807
14337159
1926
2085
548
-211
4024
1515
14338184
1509
2019
361
-584
3358
1806
14339209
1202
2033
215
-1087
2337
1267
14340234
1383
2046
199
-1994
1425
652
14341259
1557
1944
59
-2916
913
642
14342284
1442
1650
-248
-3281
381
1221
14343309
847
1397
-594
-2961
-112
1552
14344334
308
1226
-849
-1775
-220
1861
14337152
-226
1147
-938
-553
469
1870
14338177
-649
1204
-952
335
1606
1583
14339202
-760
1299
-862
1986
4197
1747
14340227
-551
1493
-659
4627
10067
2552
14341252
-702
1015
-502
8020
11072
2110
14342277
-942
1425
-594
9163
7464
1566
14343302
433
2849
-668
5146
6326
1253
14344327
1092
2728
-836
3948
7392
1286
14345352
1138
2135
-436
4457
6532
1148
14346377
1714
2108
-205
3412
5321
1301
14347402
1618
1977
-180
2383
4142
1724
14348427
412
1720
-205
1775
3079
1420
14349452
-707
1487
-247
1331
2972
1094
14350477
-1665
1173
33
988
2128
1064
14351502
-2258
938
280
657
806
375
14352527
-1966
886
455
532
-383
-236
14345345
-1281
984
664
548
-1062
-631
14346370
-531
1194
839
610
-1075
-850
14347395
282
1452
1002
713
-727
-787
14348420
844
1750
1175
703
-685
-850
14349445
1211
2011
1321
819
-854
-1139
14350470
1694
2313
1472
1021
-787
-1477
14351495
2295
2652
1596
961
-627
-1477
14352520
2880
2852
1612
936
7
-1034
14353545
2928
2888
1538
1643
2330
-109
14354570
2308
2798
1762
3585
5987
355
14355595
2751
2745
2227
4701
6553
424
14356620
3561
2564
2369
5382
7254
612
14357645
3775
2316
1838
7106
9848
1462
14358670
3262
2386
1185
6207
8752
1825
14359695
2764
2326
738
4082
6716
1612
14360720
2518
2021
538
3371
5839
1187
14353535
2179
1780
514
3559
6075
1020
14354560
1831
1755
516
4204
6507
1314
14355585
1630
1958
517
3811
5854
1306
14356610
1662
2181
444
2496
4711
1184
14357635
1811
2282
317
1402
4123
1230
14358660
1853
2326
220
395
3539
1239
14359685
1759
2442
179
-701
2743
841
14360710
1659
2572
247
-2162
2134
474
14361735
1500
2474
272
-3538
1864
362
14362760
1291
2121
-216
-3590
1314
390
14363785
1001
1808
-564
-3052
690
770
14364810
547
1741
-875
-2706
1049
1800
14365835
104
1567
-1387
-1688
1835
1769
14366860
-236
1407
-1733
-1412
2497
1103
14367885
-372
1223
-1932
-798
3985
613
14368910
-663
1165
-2166
825
7551
1554
14361729
-793
1039
-2309
1949
11640
2376
14362754
-393
648
-2644
2964
10289
2345
14363779
-11
606
-2926
3490
8162
1987
14364804
-198
718
-2725
2091
7942
1673
14365829
-871
345
-2544
1131
7009
1266
14366854
-1133
-193
-2360
1393
5684
1163
14367879
-1198
-620
-1951
1284
4471
1223
14368904
-1142
-981
-1568
1210
3284
1269
14369929
-1070
-1250
-1071
1450
1935
933
14370954
-1090
-1381
-308
1142
-36
296
14371979
-1140
-1457
444
1159
-1366
-34
14373004
-943
-1394
1093
1934
-1278
-202
14374029
-769
-1076
1667
2324
-1482
-139
14375054
-601
-662
2065
1735
-2108
-405
14376079
-195
-527
2315
1433
-1746
-974
14377104
4
-519
2549
1738
-1573
-1082
14369920
433
-381
2742
1729
-1683
-845
14370945
1089
-185
2868
1786
-927
-501
14371970
1164
-127
2999
1960
-183
-157
14372995
774
-276
3270
2901
1023
161
14374020
621
-598
3602
5132
4170
318
14375045
2001
-952
3693
8289
4814
-249
14376070
3020
-535
3295
11721
6757
-492
14377095
3366
666
1641
13145
13620
521
14378120
2823
1654
1129
8776
11648
429
14379145
2596
1788
676
5761
7760
639
14380170
2889
1848
247
4083
7228
1308
14381195
3201
1944
256
2241
6541
1364
14382220
2716
1942
-52
1021
6043
1323
14383245
1819
1936
-268
-217
4471
1187
14384270
1208
1876
-549
-1208
2705
813
14385295
878
1821
-674
-2195
1631
522
14378112
541
1708
-561
-3281
1381
384
14379137
402
1407
-601
-3382
1797
681
14380162
361
1110
-852
-2962
1818
1667
14381187
-79
867
-1207
-3013
1100
2040
14382212
-321
627
-1645
-2879
437
1456
14383237
-273
498
-1958
-2513
804
830
14384262
-281
362
-2101
-2089
894
627
14385287
-444
232
-2077
-1389
1417
385
14386312
-197
232
-1881
-631
3146
120
14387337
205
375
-1562
332
6611
267
14388362
6
249
-1338
1070
11017
-160
14389387
-268
-165
-2073
3084
13146
478
14390412
-621
-533
-3293
5015
13024
682
14391437
-1342
-557
-3279
3695
10958
604
14392462
-1220
-794
-3393
3072
9045
324
14393487
-882
-1120
-3403
3358
7515
241
14386304
-910
-1498
-3000
3122
5641
345
14387329
-852
-1893
-2507
2886
3559
325
14388354
-750
-2174
-2034
2491
2056
306
14389379
-696
-2443
-1535
2225
944
428
14390404
-893
-2614
-847
2306
-849
479
14391429
-1078
-2480
-117
2006
-2217
246
14392454
-666
-2211
348
1719
-2161
63
14393479
-107
-1949
865
1730
-2386
-121
14394504
18
-1606
1309
1461
-2892
-297
14395529
58
-1404
1575
1493
-2293
-291
14396554
52
-1262
1841
1753
-1584
-152
14397579
-86
-1056
2083
1872
-1380
120
14398604
-40
-897
2268
2148
-1112
557
14399629
165
-825
2394
3288
630
1061
14400654
291
-682
2650
5710
3823
832
14401679
990
-468
2991
7792
5780
-676
14394497
1946
-360
3023
8315
5715
-1389
14395522
3385
156
2088
8733
8747
671
14396547
4593
860
1582
7726
10772
2143
14397572
3493
1113
1194
5986
9127
1925
14398597
2017
1065
841
4851
6001
920
14399622
2223
1279
471
3416
5142
524
14400647
2425
1371
227
2219
5401
586
14401672
1833
1302
22
1644
4401
491
14402697
1535
1342
-119
1046
2925
357
14403722
1710
1501
-241
288
1918
533
14404747
1852
1732
-383
-397
1506
553
14405772
1929
1915
-335
-1067
1344
49
14406797
2031
1913
-136
-1860
954
-147
14407822
2102
1781
-121
-2637
491
238
14408847
2178
1576
-277
-3122
255
1109
14409872
1790
1405
-486
-2982
552
1408
14402688
1235
1249
-594
-2263
920
1582
14403713
713
988
-702
-1199
759
1614
14404738
174
783
-754
181
1617
1064
14405763
-381
909
-799
2799
6101
1050
14406788
-607
994
-784
6372
12380
2050
14407813
-987
257
-594
10371
10892
1540
14408838
-600
764
-449
9307
6320
1387
14409863
1151
1713
-1021
5913
6487
1887
14410888
1026
1306
-1411
6404
7690
1792
14411913
-254
1022
-979
5439
5057
961
14412938
-34
1003
-633
3681
3043
485
14413963
725
907
-584
2509
2484
753
14414988
612
765
-486
1612
1079
908
14416013
84
658
-289
845
-343
706
14417038
-43
639
-284
602
-659
519
14418063
193
759
-148
536
-847
353
14410880
449
1053
4
339
-1209
255
14411905
730
1429
71
152
-1207
-156
14412930
1152
1770
184
13
-1135
-560
14413955
1554
2007
343
-88
-1117
-609
14414980
1777
2119
432
189
-800
-288
14416005
1919
2161
437
1015
305
72
14417030
2011
2315
403
2463
2435
935
14418055
1813
2551
687
5693
6543
785
14419080
1353
2521
1019
8971
8767
-117
14420105
1385
2732
768
9736
8044
-204
14421130
2823
3497
568
6620
7205
633
14422155
3297
3574
-127
4986
8014
1374
14423180
2100
3049
-270
5867
7000
774
14424205
1915
3121
178
5110
5160
-278
14425230
2534
3498
324
2888
5153
-103
14426255
2279
3484
206
1379
4196
281
14419071
1913
3351
45
371
2945
260
14420096
1964
3340
6
-692
2033
90
14421121
2139
3385
30
-1919
1556
-145
14422146
2403
3285
56
-2612
1386
125
14423171
2378
3144
34
-3069
741
517
14424196
2000
3069
-481
-3139
103
327
14425221
2293
3022
-895
-2427
660
522
14426246
2872
3120
-1356
-1889
2636
1594
14427271
1698
2963
-1930
-1229
4725
2312
14428296
-319
2560
-2493
-156
4880
1217
14429321
-480
2606
-2802
129
6816
463
14430346
263
2502
-2708
-409
10218
940
14431371
-222
1523
-2467
283
9624
1143
14432396
-433
1021
-2612
1721
7640
1530
14433421
-716
888
-2097
1144
7399
1041
14434446
-843
411
-1331
-13
7005
573
14427265
-434
-289
-1006
934
5711
703
14428290
-442
-831
-324
1276
3522
891
14429315
-694
-1220
455
866
755
838
14430340
-1019
-1440
1185
1222
-1097
485
14431365
-1111
-1299
1839
1877
-1474
87
14432390
-947
-997
2443
2238
-1918
-375
14433415
-536
-617
2927
2822
-2088
-823
14434440
113
-178
3368
3441
-1616
-684
14435465
324
131
3618
3528
-1023
-874
14436490
284
287
3673
3101
-945
-1259
14437515
605
319
3537
2547
-674
-1196
14438540
1194
219
3217
3148
633
-473
14439565
1786
357
2550
5971
4916
260
14440590
2363
855
1904
8077
9319
269
14441615
1728
1085
1494
7433
9538
252
14442640
1496
1262
1127
6208
8240
831
14435456
2568
1638
597
5559
9060
1424
14436481
2437
1896
214
4442
8770
1538
14437506
1768
1957
34
3648
6904
942
14438531
1925
2123
-92
2580
5936
821
14439556
1952
2150
-246
1352
5098
1199
14440581
1625
2005
-437
479
3537
1442
14441606
1342
1930
-584
-409
2377
1290
14442631
1275
1874
-596
-1477
1716
1059
14443656
1133
1718
-610
-2379
1012
805
14444681
965
1498
-678
-2983
197
721
14445706
886
1279
-872
-3138
60
889
14446731
809
1113
-1180
-2733
617
1401
14447756
348
927
-1441
-2167
1140
1502
14448781
-114
728
-1723
-1970
781
1171
14449806
-260
626
-1956
-1876
716
821
14450831
-31
599
-1953
-1455
1974
587
14443647
41
587
-1747
-721
5061
654
14444672
6
503
-1732
512
9376
566
14445697
430
305
-2222
1877
11982
672
14446722
1160
-63
-2879
3951
13153
892
14447747
485
-335
-3037
4433
12848
934
14448772
-862
-611
-2880
2840
9811
499
14449797
-1004
-934
-3005
2022
7861
366
14450822
-1125
-1370
-2915
2126
6133
415
14451847
-1334
-1678
-2455
1790
3824
148
14452872
-1251
-1850
-2046
1380
2087
264
14453897
-1137
-1917
-1708
1312
1458
715
14454922
-1303
-1813
-1229
1254
752
557
14455947
-1572
-1680
-583
906
-919
-243
14456972
-1310
-1562
-84
918
-1760
-763
14457997
-325
-1452
351
1316
-2278
-751
14459022
390
-1224
735
1381
-2933
-614
14451840
578
-1059
984
1615
-2260
-396
14452865
151
-1047
1328
2025
-1371
-71
14453890
-520
-1056
1681
2014
-1377
86
14454915
-763
-1091
1971
2095
-1388
184
14455940
-723
-1115
2228
2765
-1003
492
14456965
-729
-1201
2634
3785
297
775
14457990
-587
-1469
3359
5606
2448
478
14459015
389
-1654
3938
7931
3239
131
14460040
1590
-1507
4150
9372
4807
641
14461065
2280
-1004
3871
10046
8289
1857
14462090
2419
-333
3267
9674
9752
1845
14463115
2018
250
2624
7589
8055
1195
14464140
1813
552
1906
5884
6687
1133
14465165
2048
761
1425
4818
6060
1052
14466190
2448
993
1277
3805
5405
449
14467215
2495
1207
1047
2655
5132
81
14460032
2370
1264
800
1711
4701
106
14461057
2404
1270
462
1039
3997
224
14462082
2476
1344
53
180
3499
373
14463107
2292
1400
-227
-604
3190
481
14464132
1932
1361
-357
-952
2802
188
14465157
1664
1341
-530
-1519
2269
-34
14466182
1678
1220
-602
-2439
1588
505
14467207
1612
1114
-853
-3050
1536
1393
14468232
1087
1065
-1025
-2913
1389
1258
14469257
647
1005
-987
-2356
992
639
14470282
645
838
-902
-1555
1350
799
14471307
666
635
-972
-327
1885
1460
14472332
469
605
-1045
978
2624
1154
14473357
473
711
-893
2983
5841
879
14474382
1182
416
-1047
6141
10499
1685
14475407
787
-422
-1415
11005
9680
2003
14468224
286
-30
-1978
10874
6473
1690
14469249
917
831
-2478
6569
6719
1439
14470274
412
407
-2698
6493
7146
1392
14471299
-314
70
-2437
6813
4575
1159
14472324
39
154
-2185
5025
2930
992
14473349
438
89
-1978
3309
2592
1208
14474374
482
-75
-1748
2326
1699
1448
14475399
265
-88
-1489
1410
1205
1373
14476424
-27
-33
-1070
603
673
853
14477449
-129
60
-642
68
143
353
14478474
-45
171
-325
-126
-190
130
14479499
-64
296
-152
-236
-182
122
14480524
-254
402
-46
-334
-283
186
14481549
-370
540
47
-415
-585
152
14482574
-491
661
33
-512
-389
181
14483599
-794
727
5
-438
-290
133
14476416
-880
837
0
-263
-864
7
14477441
-403
982
-16
471
-762
229
14478466
35
1154
244
1718
198
580
14479491
6
1318
976
3701
3081
629
14480516
438
1438
1662
6708
6207
52
14481541
977
1443
1966
8901
7908
249
14482566
1834
1821
1570
9626
9536
1587
14483591
2674
2661
987
7009
8430
1834
14484616
2583
2856
308
4618
6802
1479
14485641
2489
2613
230
4093
6437
1226
14486666
2582
2571
431
3819
6445
1037
14487691
2300
2707
583
3048
5585
784
14488716
1980
2932
637
2023
4973
776
14489741
1802
3050
609
1343
4776
966
14490766
1774
3141
544
1173
4506
884
14491791
1848
3295
473
958
3780
473
14484608
2059
3468
343
510
2761
93
14485633
2302
3642
170
-268
1660
-53
14486658
2410
3717
-36
-1083
1116
-153
14487683
2532
3639
-316
-1672
948
20
14488708
2457
3455
-665
-1803
973
826
14489733
1911
3311
-1161
-1252
1542
1496
14490758
936
3222
-1840
-355
2144
941
14491783
642
3369
-2601
296
4135
769
14492808
663
3490
-3133
-96
6576
1239
14493833
527
3117
-3232
-322
7127
2006
14494858
177
2721
-3090
177
6848
1526
14495883
156
2554
-3003
811
7636
1327
14496908
-760
2241
-3078
477
8084
1001
14497933
-1585
1750
-2796
-829
6462
954
14498958
-1223
1370
-2569
-1014
6311
1122
14499983
-1014
923
-2215
-796
5896
1073
14492801
-1004
461
-1832
-727
4533
1050
14493826
-840
39
-1424
-625
3606
1048
14494851
-790
-360
-968
-614
2747
1103
14495876
-825
-654
-503
-304
1529
1030
14496901
-992
-768
135
94
33
473
14497926
-1071
-796
925
339
-926
52
14498951
-967
-851
1580
809
-692
174
14499976
-748
-832
2201
1715
-755
192
14501001
-558
-575
2967
2314
-1516
-7
14502026
-419
-262
3470
2361
-925
-105
14503051
-433
-92
3881
2258
-466
-50
14504076
-272
-63
4190
2572
-627
-129
14505101
216
31
4339
2719
-561
-159
14506126
867
101
4282
2809
294
-289
14507151
1361
215
4249
3302
1159
29
14508176
1172
245
4482
4431
2683
287
14500992
810
44
4688
5898
3688
-123
14502017
1020
-124
4423
7527
4863
-645
14503042
1829
93
3648
8825
7272
126
14504067
2624
395
2827
9498
7995
755
14505092
2905
848
2037
8095
7534
425
14506117
2945
1101
1257
6453
7498
745
14507142
2789
1048
924
6001
6881
873
14508167
2777
1176
831
4791
6006
752
14509192
2764
1331
628
3431
6151
911
14510217
2551
1340
381
2826
5943
782
14511242
2455
1434
73
2202
4889
395
14512267
2578
1675
-258
763
4190
604
14513292
2672
1750
-506
-546
3679
1090
14514317
2417
1676
-599
-1497
2870
1018
14515342
2074
1575
-731
-2471
2174
989
14516367
1753
1451
-886
-3441
1964
1456
14509183
1089
1342
-1114
-4150
2239
2036
14510208
251
982
-1373
-3772
1881
1789
14511233
-229
639
-1585
-2884
1295
1209
14512258
-327
553
-1736
-2238
2072
1318
14513283
-537
354
-1843
-1438
3031
1463
14514308
-706
135
-1958
-292
3614
1264
14515333
-303
145
-2157
1184
5353
958
14516358
-453
182
-2401
2516
9051
1455
14517383
-1535
-202
-2734
4016
11095
1935
14518408
-1571
-636
-3286
6015
9294
1467
14519433
-1083
-483
-3153
4808
8434
1193
14520458
-1115
-642
-3229
3632
8905
1300
14521483
-1288
-1143
-3310
4899
7762
1090
14522508
-1140
-1245
-3070
4801
5894
803
14523533
-1140
-1275
-2807
3845
4281
453
14524558
-1081
-1376
-2505
3088
2743
167
14517376
-829
-1504
-2046
2401
1592
96
14518401
-563
-1654
-1487
1868
833
98
14519426
-437
-1781
-904
1395
498
127
14520451
-307
-1895
-393
1259
-19
253
14521476
-78
-1928
7
1849
-522
274
14522501
131
-1713
320
1994
-965
177
14523526
90
-1418
544
1528
-1278
62
14524551
-22
-1245
714
1386
-1079
-81
14525576
-82
-1124
886
1283
-994
-245
14526601
-46
-987
1041
1238
-1250
-338
14527626
86
-819
1187
1257
-1241
-174
14528651
130
-665
1409
1618
-750
422
14529676
-165
-603
2031
2915
561
592
14530701
-296
-580
2945
4234
2027
375
14531726
131
-637
3430
5906
4110
-266
14532751
1505
-627
3421
8345
6174
-601
14525749
3825
148
2591
9988
9063
1212
14526774
4545
1222
1538
8173
11634
1646
14527799
2943
1514
1003
5451
9395
1238
14528824
2221
1418
671
4404
6300
1124
14529849
2601
1647
410
3119
6192
835
14530874
2833
1762
269
2017
5887
1024
14531899
2369
1818
-54
1332
4448
1172
14532924
1935
1907
-292
613
3107
691
14533949
1746
2081
-351
-504
2143
227
14534974
1966
2115
-322
-1631
1609
195
14535999
2097
2052
-336
-2653
1299
1050
14537024
1723
1996
-530
-3123
1093
1639
14538049
1200
1874
-661
-3022
336
1291
14539074
1221
1796
-737
-2696
-322
794
14540099
1542
1724
-758
-2167
-60
850
14541124
1506
1480
-732
-1279
502
1395
14533761
967
1239
-664
-257
724
1726
14534786
406
1024
-462
1541
2160
1287
14535811
222
1266
-351
5502
9033
1791
14536836
882
924
-404
11449
13436
780
14537861
349
1010
-625
12511
8099
-201
14538886
1731
2281
-664
6199
4987
324
14539911
3221
2081
-1501
5303
6365
1678
14540936
1700
1538
-1244
5719
5544
1739
14541961
757
1529
-499
4053
2908
580
14542986
1197
1563
-148
2218
2673
329
14544011
932
1447
-154
1054
2573
585
14545036
195
1253
-66
453
1543
589
14546061
-100
1203
-88
275
626
600
14547086
2
1372
-149
369
57
457
14548111
305
1688
-163
505
-419
54
14549136
728
2052
-169
454
-879
-353
14541952
1082
2354
-208
488
-1008
-280
14542977
1198
2543
-204
1162
-902
-36
14544002
1264
2855
-104
1864
-905
-295
14545027
1549
3199
-60
2045
-599
-946
14546052
2078
3472
-108
2034
-438
-956
14547077
2407
3672
-126
2313
612
-28
14548102
2236
3891
279
3764
4334
-366
14549127
2034
4052
1173
4435
6545
-1002
14550152
1954
3664
1753
4369
7666
-1806
14551177
3046
3133
1875
4787
7431
-987
14552202
3695
2995
1334
3728
7749
315
14553227
3214
2526
943
3084
8224
1052
14554252
2534
1940
951
3302
7211
1002
14555277
2179
1682
798
3567
6744
534
14556302
1334
1594
532
3478
6855
352
14557327
313
1561
347
2901
6484
339
14550145
-155
1509
341
2004
5119
225
14551170
-109
1458
406
1077
4148
277
14552195
309
1378
381
471
3608
701
14553220
832
1361
265
152
3224
1186
14554245
1030
1497
178
-509
3114
1071
14555270
1079
1588
171
-1649
2745
814
14556295
1054
1496
43
-2678
2156
843
14557320
962
1358
-361
-3260
1457
816
14558345
829
1255
-561
-4407
520
650
14559370
1145
1177
-934
-4531
754
881
14560395
1466
1070
-1376
-2389
2414
1592
14561420
990
1128
-1670
-1072
4174
1985
14562445
221
1098
-2015
-277
5967
1850
14563470
-657
985
-2575
1195
8581
2096
14564495
-1005
859
-2981
2254
10894
2634
14565520
-1241
603
-3394
3619
11089
2455
14558335
-1328
488
-3748
4478
9804
1350
14559360
-1303
655
-3731
2304
8168
665
14560385
-1176
372
-3743
1143
7506
524
14561410
-1118
-127
-3479
1532
7048
583
14562435
-1121
-506
-3025
1344
5562
578
14563460
-1042
-774
-2598
783
4013
754
14564485
-849
-953
-2175
312
3449
1266
14565510
-1025
-1096
-1637
-135
2939
1466
14566535
-1353
-1155
-1145
-440
2224
1360
14567560
-1515
-1191
-690
-379
1377
1253
14568585
-1606
-1119
-221
106
292
662
14569610
-1345
-863
302
283
-1357
-322
14570635
-966
-651
726
199
-1961
-673
14571660
-398
-569
1002
732
-1746
-323
14572685
388
-286
1346
1041
-2785
-494
14573710
1002
73
1625
670
-3132
-628
14566528
1092
253
1767
340
-2207
-461
14567553
765
281
2050
211
-2257
-217
14568578
595
311
2438
718
-1613
-333
14569603
380
285
3097
2122
-710
-189
14570628
-456
-39
4189
4637
2604
-384
14571653
-1217
-864
4982
9548
6304
-1756
14572678
-109
-1252
5115
14998
5355
-1936
14573703
3191
-757
5257
16363
6385
-225
14574728
5192
-350
5315
12958
7913
886
14575753
4121
-335
4851
9793
5261
1182
14576778
2543
-191
3989
7995
3950
891
14577803
1468
24
3556
6535
3534
919
14578828
1049
367
3317
5609
2359
528
14579853
1488
608
3099
4811
1153
412
14580878
2218
883
3299
4604
1828
670
14581903
2953
1217
3229
4080
1693
661
14574721
3814
1539
2755
3650
1593
196
14575746
4456
1774
2563
3144
1613
-387
14576771
4086
1865
2315
2379
1895
-140
14577796
3060
1650
2186
2224
1976
147
14578821
2309
1453
2089
2201
1827
-1
14579846
1839
1414
2077
1542
1678
-301
14580871
1521
1334
2164
810
1490
-445
14581896
1515
1194
2135
741
1696
-262
14582921
1521
1145
2042
641
2308
208
14583946
964
1131
1933
867
2480
217
14584971
315
989
1590
2574
2409
-744
14585996
352
780
995
5415
2578
-1755
14587021
680
532
188
8879
3710
-2398
14588046
523
268
-139
7407
4644
-2183
14589071
479
-386
-374
3101
2129
-1424
14590096
383
-1137
-2015
2985
878
-220
14582912
-390
-1633
-3065
4691
1981
536
14583937
-1487
-1915
-3085
4875
2136
223
14584962
-1972
-2096
-3273
4594
2033
-272
14585987
-2232
-2208
-3511
4551
1992
-526
14587012
-2568
-2222
-3649
4449
1902
-673
14588037
-2772
-2194
-3724
4476
1903
-617
14589062
-2866
-2108
-3737
4798
1936
-372
14590087
-2942
-1907
-3666
5378
1938
-180
14591112
-3036
-1622
-3500
5760
2032
-286
14592137
-3083
-1314
-3367
5884
2398
-639
14593162
-2936
-1092
-3290
6081
2339
-876
14594187
-2601
-902
-3203
6152
1859
-746
14595212
-2093
-677
-3306
6244
2015
-246
14596237
-1780
-482
-3353
6008
2057
-127
14597262
-1457
-319
-3303
5246
1403
-281
14598287
-867
-211
-3326
4382
1335
-194
14591104
-416
-234
-3294
3835
1652
256
14592129
-427
-269
-3133
3426
1636
464
14593154
-533
-269
-2868
3094
1216
261
14594179
-510
-243
-2570
2790
1059
119
14595204
-522
-245
-2218
2550
1212
311
14596229
-743
-263
-1783
2337
1225
425
14597254
-890
-261
-1291
2047
940
296
14598279
-806
-274
-822
1751
786
332
14599304
-659
-349
-399
1691
826
528
14600329
-576
-436
79
1644
737
704
14601354
-443
-511
578
1580
677
771
14602379
-236
-615
1060
1698
802
813
14603404
-69
-719
1570
1906
837
878
14604429
82
-790
2089
2155
809
893
14605454
286
-827
2590
2524
914
788
14606479
527
-865
3096
3014
995
685
14599296
810
-886
3593
3665
1101
692
14600321
1123
-858
4072
4402
1292
614
14601346
1493
-759
4496
5144
1502
560
14602371
1815
-629
4821
5905
1707
445
14603396
2141
-415
5000
6436
1839
224
14604421
2523
-111
4961
6597
1990
7
14605446
2804
182
4705
6462
2233
-136
14606471
2973
470
4278
6043
2399
-172
14607496
2912
673
3712
5577
2516
107
14608521
2620
708
3041
5003
2442
-38
14609546
2564
629
2217
4620
1666
-376
14610571
2731
611
1670
5007
1211
-334
14611596
2980
703
1390
4928
1981
103
14612621
2321
653
1105
4847
2359
-157
14613646
1881
633
992
4861
2221
-513
14614671
1580
681
1032
4218
2497
-525
14607489
1090
641
1086
3557
2443
-520
14608514
686
575
1120
3244
2095
-667
14609539
686
542
1098
3197
1871
-631
14610564
832
520
1027
3108
2103
-370
14611589
521
422
894
2957
2349
-359
14612614
127
246
665
3038
1969
-561
14613639
137
104
320
3219
1746
-644
14614664
300
-29
-85
3340
1689
-558
14615689
274
-190
-453
3452
1598
-343
14616714
13
-369
-775
3604
1558
-202
14617739
-271
-535
-1039
3628
1494
-256
14618764
-381
-664
-1300
3678
1495
-290
14619789
-437
-774
-1521
3846
1549
-229
14620814
-583
-867
-1685
3982
1606
-146
14621839
-787
-949
-1822
4105
1589
-78
14622864
-949
-993
-1955
4249
1449
-65
14615681
-994
-987
-2070
4386
1296
-113
14616706
-966
-957
-2152
4489
1303
-47
14617731
-1029
-928
-2196
4522
1527
27
14618756
-1207
-898
-2195
4485
1676
-25
14619781
-1334
-866
-2216
4497
1698
-55
14620806
-1355
-832
-2216
4515
1414
-25
14621831
-1322
-753
-2209
4321
1241
55
14622856
-1308
-697
-2214
4271
1367
171
14623881
-1368
-645
-2144
4173
1396
137
14624906
-1331
-572
-2037
3881
1282
55
14625931
-1197
-522
-1919
3690
1254
93
14626956
-1139
-478
-1747
3552
1253
211
14627981
-1152
-409
-1564
3426
1483
214
14629006
-1066
-347
-1399
3405
1547
113
14630031
-879
-268
-1176
3238
1235
21
14631056
-607
-175
-973
3030
1208
13
14623872
-416
-118
-776
2933
1470
60
14624897
-345
-90
-548
2878
1626
98
14625922
-248
-71
-328
2894
1724
95
14626947
-106
-54
-127
2872
1695
100
14627972
-22
-33
57
2750
1628
94
14628997
0
-16
222
2672
1660
122
14630022
-2
-13
380
2743
1793
155
14631047
24
-11
552
2817
1901
212
14632072
43
0
744
2781
1943
185
14633097
77
11
908
2825
2001
136
14634122
146
26
1045
2890
2107
137
14635147
207
32
1166
2927
2044
167
14636172
257
44
1264
2996
1941
172
14637197
309
60
1347
3093
1975
184
14638222
324
72
1431
3185
2026
203
14639247
329
86
1506
3267
2101
187
14632064
362
96
1554
3425
2116
169
14633089
386
111
1586
3523
2016
171
14634114
398
134
1595
3552
1923
154
14635139
440
152
1566
3594
1964
132
14636164
470
164
1532
3608
1981
142
14637189
469
171
1487
3580
1929
160
14638214
466
175
1415
3598
1862
170
14639239
423
177
1327
3647
1834
166
14640264
352
181
1232
3671
1815
129
14641289
281
183
1130
3613
1767
98
14642314
251
181
1002
3558
1714
85
14643339
239
174
862
3554
1706
93
14644364
205
160
714
3599
1664
83
14645389
191
144
558
3695
1633
50
14646414
215
137
406
3724
1607
28
14647439
237
124
265
3678
1556
22
14640256
259
99
107
3597
1567
18
14641281
274
59
-42
3529
1557
36
14642306
242
14
-170
3502
1520
101
14643331
157
-29
-281
3543
1502
111
14644356
62
-58
-353
3544
1455
69
14645381
-6
-78
-410
3559
1431
49
14646406
-42
-97
-466
3643
1374
75
14647431
-37
-102
-521
3615
1285
116
14648456
-20
-110
-583
3549
1247
138
14649481
-39
-136
-645
3615
1261
165
14650506
-92
-149
-663
3641
1232
183
14651531
-138
-153
-663
3692
1224
197
14652556
-169
-147
-641
3699
1235
193
14653581
-196
-135
-601
3631
1222
171
14654606
-203
-127
-566
3652
1238
198
14655631
-225
-122
-523
3706
1246
238
14648447
-252
-107
-465
3668
1199
236
14649472
-245
-87
-419
3607
1160
214
14650497
-229
-72
-372
3566
1162
214
14651522
-222
-60
-310
3530
1179
213
14652547
-215
-49
-241
3499
1186
239
14653572
-216
-39
-167
3452
1177
228
14654597
-214
-30
-87
3384
1164
199
14655622
-206
-23
-18
3401
1199
187
14656647
-214
-17
56
3488
1201
170
14657672
-195
-8
131
3588
1213
177
14658697
-144
8
191
3618
1259
211
14659722
-103
24
226
3549
1222
213
14660747
-58
40
233
3487
1205
182
14661772
-45
50
219
3539
1261
184
14662797
-64
65
218
3577
1243
146
14663822
-33
87
221
3571
1232
95
14656641
28
103
224
3567
1262
80
14657666
73
100
235
3585
1259
91
14658691
103
89
252
3556
1293
119
14659716
115
68
268
3507
1313
158
14660741
126
44
261
3532
1296
176
14661766
147
45
244
3477
1260
129
14662791
153
46
216
3476
1288
61
14663816
135
46
206
3524
1335
27
14664841
129
48
223
3496
1312
46
14665866
143
41
236
3440
1310
84
14666891
153
25
253
3427
1308
71
14667916
137
0
261
3454
1365
70
14668941
80
-23
275
3437
1340
53
14669966
35
-40
274
3508
1361
55
14670991
-15
-52
270
3624
1417
45
14672016
-80
-59
262
3655
1397
40
14664911
-116
-61
232
3648
1356
3
14665936
-123
-66
182
3647
1342
-16
14666961
-115
-73
121
3552
1319
42
14667986
-105
-91
44
3597
1325
71
14669011
-98
-104
-24
3692
1367
41
14670036
-118
-109
-73
3718
1393
36
14671061
-131
-110
-114
3727
1348
29
14672086
-122
-106
-154
3718
1324
36
14673111
-105
-106
-192
3671
1305
83
14674136
-85
-111
-227
3574
1286
112
14675161
-78
-122
-264
3497
1306
151
14676186
-126
-132
-289
3440
1320
182
14677211
-212
-136
-303
3496
1328
188
14678236
-291
-125
-303
3581
1348
175
14679261
-363
-102
-289
3642
1326
159
14680286
-395
-78
-289
3788
1303
160
14673023
-365
-39
-291
3792
1242
127
14674048
-264
-3
-318
3683
1163
126
14675073
-138
17
-369
3633
1157
149
14676098
-43
27
-415
3606
1153
144
14677123
12
27
-452
3637
1195
127
14678148
11
26
-455
3592
1217
115
14679173
-27
24
-437
3528
1189
117
14680198
-57
23
-408
3497
1153
137
14681223
-43
35
-363
3460
1110
122
14682248
12
51
-317
3486
1089
74
14683273
80
66
-257
3555
1114
70
14684298
130
76
-185
3600
1139
116
14685323
158
82
-109
3670
1137
105
14686348
201
95
-24
3650
1134
86
14687373
258
111
51
3518
1114
87
14688398
314
119
109
3425
1083
116
14681216
356
121
158
3421
1156
145
14682241
342
115
211
3487
1207
144
14683266
313
112
276
3543
1202
129
14684291
309
109
340
3653
1240
122
14685316
327
113
407
3717
1238
124
14686341
384
130
464
3597
1195
128
14687366
452
135
491
3517
1236
154
14688391
475
129
515
3501
1274
212
14689416
487
125
532
3532
1276
228
14690441
495
132
545
3590
1319
185
14691466
468
139
569
3616
1401
211
14692491
385
134
605
3630
1433
287
14693516
313
128
639
3643
1383
299
14694541
294
140
660
3606
1403
241
14695566
287
153
667
3557
1440
255
14696591
254
155
659
3543
1462
301
14689408
191
149
632
3567
1496
318
14690433
103
143
597
3597
1516
284
14691458
45
135
545
3640
1499
268
14692483
23
134
470
3630
1484
266
14693508
12
134
377
3619
1464
253
14694533
15
133
268
3591
1475
254
14695558
-4
125
148
3596
1461
250
14696583
-34
117
32
3591
1458
222
14697608
-74
106
-73
3584
1431
209
14698633
-102
91
-173
3625
1393
218
14699658
-93
78
-267
3663
1337
206
14700683
-51
70
-361
3649
1287
198
14701708
-13
59
-454
3582
1268
202
14702733
-13
40
-540
3561
1259
228
14703758
-38
19
-606
3596
1254
237
14704783
-71
4
-643
3611
1237
227
14697600
-82
-6
-660
3594
1218
231
14698625
-91
-13
-661
3575
1208
234
14699650
-105
-25
-644
3579
1193
254
14700675
-120
-36
-612
3563
1183
265
14701700
-141
-50
-567
3523
1178
272
14702725
-177
-67
-512
3494
1200
295
14703750
-234
-83
-446
3473
1191
306
14704775
-290
-96
-376
3470
1170
292
14705800
-332
-108
-305
3515
1188
306
14706825
-383
-122
-240
3574
1184
322
14707850
-407
-128
-185
3577
1118
311
14708875
-376
-123
-151
3502
1115
326
14709900
-360
-122
-126
3519
1150
364
14710925
-361
-119
-87
3568
1153
373
14711950
-329
-100
-40
3569
1154
351
14712975
-279
-73
5
3558
1133
332
14705792
-215
-46
42
3581
1136
332
14706817
-139
-22
72
3622
1161
332
14707842
-68
-4
97
3619
1171
349
14708867
-20
4
119
3563
1197
353
14709892
-14
0
131
3530
1220
359
14710917
-19
-3
138
3534
1194
373
14711942
10
6
139
3526
1188
360
14712967
47
20
145
3549
1235
341
14713992
69
33
165
3580
1261
374
14715017
92
43
188
3562
1227
392
14716042
141
56
198
3574
1227
363
14717067
191
72
208
3562
1273
357
14718092
212
79
217
3532
1276
395
14719117
221
79
222
3508
1274
388
14720142
233
84
223
3492
1292
362
14721167
223
85
225
3511
1332
371
14713984
176
78
232
3555
1369
389
14715009
119
69
243
3556
1352
390
14716034
91
64
241
3574
1322
332
14717059
110
68
229
3628
1333
312
14718084
136
73
214
3585
1345
352
14719109
143
67
182
3593
1338
354
14720134
145
64
147
3597
1338
328
14721159
154
66
105
3574
1321
326
14722184
166
66
59
3590
1320
322
14723209
164
64
19
3587
1348
327
14724234
132
54
-8
3576
1349
348
14725259
106
40
-29
3614
1331
358
14726284
101
33
-46
3611
1308
353
14727309
110
32
-67
3551
1268
349
14728334
129
33
-94
3547
1297
372
14729359
113
31
-107
3571
1305
380
14722176
96
27
-108
3617
1291
378
14723201
92
30
-97
3557
1277
381
14724226
84
29
-87
3472
1266
391
14725251
67
17
-83
3473
1275
436
14726276
46
8
-78
3484
1257
444
14727301
42
11
-80
3514
1251
391
14728326
32
16
-79
3591
1288
375
14729351
-6
16
-66
3628
1291
406
14730376
-47
9
-54
3570
1249
405
14731401
-63
-3
-52
3539
1235
414
14732426
-67
-13
-51
3524
1244
404
14733451
-77
-25
-49
3565
1241
369
14734476
-79
-28
-49
3607
1256
391
14735501
-101
-28
-45
3593
1256
408
14736526
-118
-30
-38
3541
1228
410
14737551
-104
-26
-33
3477
1198
416
14730368
-76
-20
-36
3485
1200
403
14731393
-69
-18
-36
3559
1262
391
14732418
-104
-21
-24
3606
1285
407
14733443
-135
-26
-5
3599
1240
400
14734468
-120
-27
1
3567
1223
387
14735493
-87
-24
-6
3537
1223
402
14736518
-67
-24
-22
3546
1233
400
14737543
-65
-22
-39
3589
1266
391
14738568
-83
-19
-44
3625
1262
381
14739593
-81
-16
-42
3598
1216
391
14740618
-46
-12
-40
3551
1197
386
14741643
-12
-11
-44
3544
1221
395
14742668
-7
-13
-45
3548
1241
401
14743693
-29
-14
-41
3556
1237
394
14744718
-45
-12
-39
3582
1230
386
14745743
