Device = VHR-0009
time_stamp = 1777441186280
sample_rate = 50
Data format = INT16
TYPE = 6-AXIS IMU RAW DATA
41
21
-24
3758
-620
1320
11551873
37
25
-14
3728
-612
1307
11552898
41
25
-14
3713
-618
1287
11553923
47
21
-22
3710
-614
1286
11554948
48
18
-33
3700
-616
1290
11555973
50
15
-44
3719
-637
1283
11556998
53
13
-51
3735
-643
1282
11558023
48
11
-51
3761
-650
1287
11559048
40
11
-42
3743
-657
1288
11560073
40
9
-28
3726
-666
1290
11561098
51
5
-18
3733
-679
1291
11562123
61
4
-18
3751
-672
1291
11563148
56
1
-20
3772
-676
1295
11564173
59
-2
-14
3708
-670
1310
11565198
69
-15
-4
3702
-699
1304
11566223
105
-26
-4
3724
-729
1311
11567248
153
-30
-14
3732
-662
1333
11560065
151
-29
-6
3735
-632
1350
11561090
130
-24
7
3721
-646
1342
11562115
124
-22
20
3735
-661
1336
11563140
140
-18
28
3720
-665
1332
11564165
157
-17
32
3716
-629
1323
11565190
152
-19
41
3707
-623
1291
11566215
157
-24
47
3702
-653
1279
11567240
187
-28
45
3724
-629
1284
11568265
203
-30
46
3749
-602
1282
11569290
195
-33
55
3733
-595
1277
11570315
190
-36
69
3736
-594
1288
11571340
199
-35
84
3760
-584
1290
11572365
207
-29
99
3773
-572
1282
11573390
199
-25
112
3780
-516
1270
11574415
163
-26
127
3780
-521
1267
11575440
147
-30
131
3771
-546
1272
11568256
161
-39
126
3753
-549
1282
11569281
190
-50
120
3746
-529
1296
11570306
206
-60
111
3756
-509
1317
11571331
209
-63
100
3742
-504
1343
11572356
212
-61
87
3725
-498
1347
11573381
207
-56
74
3723
-483
1342
11574406
194
-53
60
3750
-482
1344
11575431
185
-47
43
3755
-503
1344
11576456
182
-37
27
3717
-491
1355
11577481
172
-35
18
3747
-505
1332
11578506
174
-32
11
3805
-540
1320
11579531
185
-21
-1
3805
-522
1337
11580556
170
-10
-8
3814
-524
1338
11581581
152
0
-8
3792
-543
1309
11582606
147
10
0
3791
-538
1307
11583631
132
24
11
3774
-543
1299
11576449
115
35
15
3737
-532
1273
11577474
96
38
15
3708
-548
1249
11578499
86
37
12
3717
-566
1232
11579524
85
37
3
3724
-558
1231
11580549
69
37
-1
3725
-563
1216
11581574
44
35
1
3700
-588
1197
11582599
24
28
11
3700
-606
1182
11583624
12
19
19
3681
-614
1178
11584649
9
5
28
3651
-620
1172
11585674
6
-12
38
3613
-632
1141
11586699
9
-36
47
3612
-665
1130
11587724
29
-62
47
3625
-668
1141
11588749
45
-87
43
3625
-673
1142
11589774
57
-116
40
3626
-704
1140
11590799
80
-146
42
3650
-717
1147
11591824
105
-169
51
3637
-715
1157
11584640
121
-190
63
3611
-733
1163
11585665
150
-213
71
3648
-760
1174
11586690
188
-230
74
3696
-762
1186
11587715
207
-235
71
3703
-743
1190
11588740
195
-235
76
3693
-732
1178
11589765
171
-240
100
3773
-767
1164
11590790
184
-237
128
3793
-799
1165
11591815
214
-231
149
3767
-770
1156
11592840
215
-225
171
3776
-769
1137
11593865
202
-213
193
3788
-739
1110
11594890
165
-200
216
3780
-723
1083
11595915
125
-187
228
3742
-718
1066
11596940
95
-179
226
3707
-717
1028
11597965
69
-172
215
3721
-734
978
11598990
69
-167
190
3847
-780
940
11600015
96
-155
146
4034
-803
933
11592832
102
-130
96
4157
-736
934
11593857
38
-96
71
4096
-710
904
11594882
-64
-77
86
4023
-732
862
11595907
-119
-61
128
4002
-799
856
11596932
-97
-41
165
4007
-813
853
11597957
-63
-19
172
3998
-750
833
11598982
-71
1
158
3982
-682
835
11600007
-127
21
138
3986
-641
836
11601032
-190
40
111
3988
-657
839
11602057
-219
55
74
3999
-691
853
11603082
-219
69
29
4050
-705
858
11604107
-211
86
-18
4090
-696
878
11605132
-219
108
-60
4095
-650
894
11606157
-265
134
-87
4066
-618
911
11607182
-325
164
-109
4011
-624
919
11608207
-362
198
-130
3885
-638
895
11601024
-375
224
-156
3878
-638
873
11602049
-389
247
-198
3941
-624
863
11603074
-422
274
-258
3899
-619
886
11604099
-470
290
-333
3943
-651
877
11605124
-522
315
-395
3992
-681
847
11606149
-589
332
-432
3988
-700
797
11607174
-652
331
-443
4053
-780
784
11608199
-670
293
-460
4351
-835
722
11609224
-667
239
-499
4668
-861
713
11610249
-704
212
-516
4190
-742
759
11611274
-807
132
-421
3612
-775
856
11612299
-786
48
-233
3145
-875
951
11613324
-545
-30
-75
3092
-1066
1015
11614349
-145
-61
-41
3277
-1010
1137
11615374
156
-46
-102
3411
-693
1286
11616399
124
-18
-193
3589
-364
1393
11609216
-229
33
-265
3688
-260
1387
11610241
-645
84
-285
3749
-469
1342
11611266
-846
124
-266
3793
-737
1333
11612291
-799
141
-187
3737
-806
1360
11613316
-650
136
-79
3634
-741
1407
11614341
-491
121
15
3596
-778
1441
11615366
-330
113
49
3570
-667
1482
11616391
-263
116
44
3565
-537
1534
11617416
-288
133
24
3543
-517
1570
11618441
-340
155
-12
3545
-494
1575
11619466
-393
169
-44
3626
-547
1559
11620491
-388
181
-56
3705
-580
1550
11621516
-370
190
-57
3758
-557
1557
11622541
-371
194
-42
3767
-623
1500
11623566
-323
190
-31
3684
-619
1491
11624591
-274
177
-27
3665
-607
1500
11617409
-232
166
-34
3606
-620
1479
11618434
-188
147
-53
3589
-616
1473
11619459
-156
129
-78
3600
-622
1478
11620484
-146
112
-98
3606
-615
1478
11621509
-154
93
-103
3597
-647
1461
11622534
-133
69
-97
3602
-727
1442
11623559
-70
43
-94
3604
-729
1455
11624584
-19
21
-98
3630
-707
1473
11625609
-3
2
-98
3625
-702
1473
11626634
2
-14
-86
3658
-701
1477
11627659
6
-21
-64
3680
-710
1493
11628684
13
-23
-44
3699
-717
1533
11629709
19
-23
-23
3703
-697
1553
11630734
18
-24
4
3719
-703
1559
11631759
32
-24
29
3731
-709
1579
11632784
57
-20
50
3748
-695
1600
11625600
79
-14
62
3763
-680
1598
11626625
96
-10
71
3803
-662
1622
11627650
111
-6
83
3817
-641
1640
11628675
126
1
98
3791
-638
1638
11629700
157
4
114
3772
-637
1638
11630725
206
7
129
3766
-604
1639
11631750
242
14
138
3772
-578
1624
11632775
261
27
140
3716
-556
1634
11633800
265
38
135
3722
-518
1612
11634825
252
53
126
3755
-534
1576
11635850
255
71
108
3718
-521
1545
11636875
248
85
92
3713
-501
1522
11637900
235
96
81
3724
-524
1477
11638925
242
103
70
3745
-531
1440
11639950
256
112
61
3744
-528
1414
11640975
260
120
51
3749
-508
1397
11633792
238
129
45
3753
-490
1361
11634817
201
143
42
3733
-504
1326
11635842
178
153
37
3719
-505
1304
11636867
155
157
27
3755
-501
1269
11637892
126
161
17
3786
-489
1242
11638917
86
164
14
3794
-462
1217
11639942
42
162
22
3784
-476
1188
11640967
13
155
36
3793
-483
1170
11641992
-1
142
47
3802
-458
1163
11643017
-20
128
58
3794
-434
1158
11644042
-46
111
65
3769
-426
1137
11645067
-69
83
68
3766
-427
1136
11646092
-70
54
61
3794
-433
1177
11647117
-55
34
44
3755
-386
1226
11648142
-73
18
21
3716
-335
1259
11649167
-139
0
-6
3744
-313
1254
11641984
-212
-13
-34
3798
-310
1289
11643009
-262
-19
-69
3777
-310
1350
11644034
-294
-22
-107
3722
-307
1381
11645059
-328
-22
-135
3655
-240
1386
11646084
-406
-31
-147
3620
-160
1361
11647109
-526
-35
-144
3639
-267
1364
11648134
-572
-28
-166
3609
-296
1404
11649159
-634
-31
-213
3634
-184
1425
11650184
-773
-37
-266
3706
-226
1411
11651209
-874
-43
-324
3761
-257
1372
11652234
-945
-47
-376
3780
-247
1329
11653259
-1014
-51
-426
3777
-236
1300
11654284
-1100
-63
-464
3854
-236
1269
11655309
-1192
-76
-486
3897
-269
1210
11656334
-1241
-89
-502
3827
-352
1168
11657359
-1241
-106
-518
3657
-327
1125
11650176
-1268
-142
-528
3550
-324
1084
11651201
-1304
-186
-551
3466
-395
1062
11652226
-1308
-235
-602
3442
-556
1121
11653251
-1271
-276
-638
3601
-856
1244
11654276
-1215
-307
-632
3674
-743
1359
11655301
-1241
-336
-557
3622
-862
1358
11656326
-1212
-369
-506
3579
-1093
1444
11657351
-1139
-388
-498
3596
-1180
1632
11658376
-1105
-382
-494
3637
-1207
1831
11659401
-1148
-350
-442
3595
-1257
1883
11660426
-1224
-312
-340
3507
-1457
1892
11661451
-1241
-279
-252
3397
-1541
1960
11662476
-1257
-258
-188
3278
-1654
2026
11663501
-1242
-245
-118
3247
-1813
2113
11664526
-1247
-233
-4
3301
-1986
2143
11665551
-1306
-235
155
3202
-2107
2202
11658518
-1294
-233
334
3063
-2285
2228
11659543
-1186
-246
517
2959
-2318
2141
11660568
-1244
-331
655
3199
-2316
2288
11661593
-1427
-374
692
4004
-3053
2655
11662618
-1331
-252
613
4336
-3454
2322
11663643
-1037
-79
667
3816
-3094
1735
11664668
-934
-53
1013
3341
-2740
1646
11665693
-745
-86
1436
3316
-2870
1775
11666718
-14
0
1647
3536
-2958
1708
11667743
968
165
1709
3964
-3060
1151
11668768
1689
325
1739
4464
-2950
690
11669793
1951
431
1704
5018
-2579
463
11670818
1804
566
1695
5437
-2160
448
11671843
1326
712
1762
5553
-1683
533
11672868
630
792
1851
5624
-1297
362
11673893
-62
796
1913
5282
-1195
74
11666561
-464
703
1930
4521
-1244
-87
11667586
-468
527
1846
3925
-1052
-186
11668611
-219
365
1666
3466
-736
-293
11669636
11
228
1385
3039
-196
-393
11670661
15
138
970
2538
404
-418
11671686
-261
64
462
2092
711
-419
11672711
-706
-29
-49
1944
540
-455
11673736
-1098
-142
-538
2095
369
-664
11674761
-1330
-240
-1055
2473
423
-894
11675786
-1405
-320
-1556
2911
308
-897
11676811
-1170
-352
-2048
3597
4
-738
11677836
-709
-310
-2540
4500
-18
-672
11678861
-439
-298
-2941
5426
-25
-703
11679886
-435
-383
-3248
6270
-372
-704
11680911
-653
-669
-3416
7553
-1054
-370
11681936
-1206
-1065
-3358
8966
-1606
667
11674752
-2035
-1251
-2951
8797
-2512
1743
11675777
-2223
-1147
-2349
8084
-4215
1706
11676802
-1249
-803
-1572
6992
-4687
1606
11677827
-472
-418
-889
5590
-3832
1892
11678852
-773
-129
-552
4173
-4069
1933
11679877
-1451
31
-458
3114
-4549
1697
11680902
-2261
40
-234
2418
-4562
1447
11681927
-2805
16
66
1451
-4881
1376
11682952
-2420
71
394
348
-5433
1537
11683977
-1388
99
730
-435
-5140
1473
11685002
-670
-25
1055
-739
-4382
1547
11686027
-405
-181
1402
-717
-3761
1913
11687052
-233
-98
1753
-670
-3908
2218
11688077
118
104
2091
-632
-4109
2349
11689102
590
216
2293
-196
-4086
1985
11690127
970
123
2413
1030
-5006
1388
11682943
1635
10
2501
3345
-7343
996
11683968
3086
114
2532
7461
-8734
161
11684993
4424
487
2276
12312
-6375
-552
11686018
3850
1057
2005
12218
-5509
-1312
11687043
2789
1162
2178
11467
-4832
-1978
11688068
1949
993
2331
9421
-1774
-2595
11689093
929
403
2516
6811
134
-2262
11690118
1209
-37
2453
4941
291
-1376
11691143
2840
160
2194
3225
1160
-1157
11692168
3713
378
1801
2365
2642
-1609
11693193
2856
229
1295
1813
3062
-2237
11694218
1326
100
501
1120
4043
-2370
11695243
-394
-147
-224
1007
4252
-1993
11696268
-1790
-393
-827
1624
2947
-1718
11697293
-2164
-415
-1426
2452
1676
-1529
11698318
-1656
-312
-1951
3115
976
-1194
11691137
-822
-149
-2516
3914
1050
-789
11692162
-436
-134
-3142
5415
1302
-634
11693187
-702
-407
-3642
7377
918
-586
11694212
-1159
-775
-4283
9213
108
-682
11695237
-1536
-1190
-4955
11066
-1828
-168
11696262
-1816
-1435
-5303
11060
-3056
1157
11697287
-2310
-1499
-5204
9837
-2525
1461
11698312
-3321
-1490
-4323
9073
-3029
1363
11699337
-3988
-1247
-3298
7604
-3842
1570
11700362
-3169
-788
-2640
6351
-5618
2034
11701387
-1547
-235
-2157
4753
-6486
2428
11702412
-1175
68
-1828
2632
-5689
2350
11703437
-2101
96
-1425
1288
-5590
2037
11704462
-2713
93
-754
451
-6188
1847
11705487
-2223
121
-102
-641
-6482
1885
11706512
-1173
68
445
-1590
-6235
1969
11699328
-179
-114
1002
-1557
-5769
2058
11700353
626
-323
1635
-600
-5398
1947
11701378
1577
-375
2250
892
-5293
1644
11702403
2561
-211
2821
3084
-5871
1780
11703428
3508
110
3129
6320
-6377
1679
11704453
4321
489
2988
11631
-6205
950
11705478
4189
1138
2827
14309
-4910
594
11706503
2940
1760
3133
13633
-3801
359
11707528
1786
1953
3710
12789
-2724
-290
11708553
1188
1944
4281
10374
-869
-457
11709578
828
1668
4795
8344
140
-824
11710603
1010
1311
5041
6759
491
-1440
11711628
1871
1084
4681
5356
1416
-1721
11712653
2812
1395
3951
3251
1884
-2046
11713678
2965
1531
3058
1514
2993
-2298
11714703
1503
967
2022
1386
4628
-2380
11707520
-814
469
1237
1559
4090
-2367
11708545
-1819
153
709
1762
2939
-2605
11709570
-1330
-9
21
2299
2558
-2769
11710595
-574
-151
-678
3099
1842
-2419
11711620
-29
-308
-1280
3829
1498
-1782
11712645
117
-400
-1933
4541
1692
-1441
11713670
-388
-888
-2521
6160
1212
-1392
11714695
-1187
-1554
-3056
8450
-485
-1093
11715720
-1956
-1950
-3680
10173
-2251
-203
11716745
-2732
-2185
-4141
9656
-2889
1013
11717770
-3244
-2292
-4340
9065
-3483
1162
11718795
-3058
-2127
-4274
8167
-3819
886
11719820
-2715
-1945
-4104
6974
-3588
1361
11720845
-2557
-1813
-3911
6199
-4296
1557
11721870
-1876
-1557
-3747
5272
-4910
1596
11722895
-840
-1323
-3515
4192
-4851
1903
11715712
-163
-1142
-3285
3522
-4526
2576
11716737
-346
-955
-2804
3004
-4347
2555
11717762
-1245
-790
-2113
2623
-4407
2558
11718787
-2085
-584
-1377
2210
-4840
2726
11719812
-2042
-339
-637
1556
-5294
2929
11720837
-1255
-137
-8
972
-5431
3185
11721862
-444
1
465
1097
-5447
3148
11722887
214
131
911
1968
-5420
2704
11723912
965
444
1325
3511
-5782
2535
11724937
1943
1035
1752
5369
-5894
1988
11725962
2692
1615
2091
8234
-4995
1301
11726987
2511
2068
2306
11415
-3629
1099
11728012
1403
2608
2679
12031
-2472
155
11729037
-175
2767
3409
11746
-1780
-1162
11730062
-1269
2398
4245
10801
-1352
-1667
11731087
-972
1805
4923
9239
-662
-1822
11723904
311
1223
5352
8016
-303
-2176
11724929
1656
788
5287
6922
509
-2579
11725954
2741
545
4874
5457
1877
-2536
11726979
3859
834
4091
3221
3086
-2769
11728004
3993
1104
3107
1429
4233
-2769
11729029
1816
637
2202
1287
5309
-2283
11730054
-1076
131
1300
1536
4817
-2186
11731079
-2318
-58
352
1516
3999
-2070
11732104
-2186
-182
-624
2007
3441
-1678
11733129
-1872
-369
-1546
3396
2404
-1428
11734154
-1448
-531
-2359
5116
1128
-1343
11735179
-797
-665
-3142
6471
188
-1090
11736204
-2
-1025
-4050
7575
-176
-569
11737229
603
-1543
-5172
8713
-97
145
11738254
515
-2038
-5960
9038
412
801
11739279
-134
-2403
-6258
9456
362
1199
11732095
-955
-2379
-6138
10131
-1696
1488
11733120
-1154
-2010
-5619
8594
-3789
2002
11734145
-690
-1748
-5158
6539
-2619
1974
11735170
-293
-1731
-4533
6515
-1899
1324
11736195
310
-1604
-3699
6451
-2836
1691
11737220
675
-1388
-2947
5657
-4080
2570
11738245
507
-1235
-2294
4399
-4272
3009
11739270
25
-1071
-1677
3319
-4044
4033
11740295
-405
-742
-1074
2353
-4820
5228
11741320
-100
-283
-491
1487
-5942
5387
11742345
965
158
188
1735
-6193
5111
11743370
2027
626
954
2710
-5359
4351
11744395
2546
1161
1646
4166
-4583
3716
11745420
2714
1795
2091
6379
-3923
3370
11746445
2582
2371
2331
9261
-3081
2483
11747470
2128
2911
2473
11527
-2149
1807
11740288
1213
3503
2710
12370
-1054
1208
11741313
-435
3881
3213
12496
-160
-319
11742338
-2163
3912
3997
11617
-100
-1774
11743363
-2974
3450
4935
10259
-515
-2430
11744388
-2374
2713
5700
9113
-1000
-2389
11745413
-835
2074
6089
7910
-1293
-2194
11746438
908
1562
6140
6963
-924
-2343
11747463
2068
1236
5912
6047
147
-2476
11748488
2534
1116
5457
4580
1721
-2279
11749513
2238
1033
4834
3122
2840
-2002
11750538
1257
888
4108
2174
2435
-1944
11751563
-22
483
3412
2148
1774
-1970
11752588
-1206
121
2719
2343
1506
-1812
11753613
-1624
-52
2012
1985
1278
-1479
11754638
-1224
-169
1142
1784
1481
-1065
11755663
-463
-298
189
2016
1471
-613
11748480
241
-551
-709
2678
1074
-226
11749505
895
-865
-1684
3345
718
-265
11750530
1419
-1317
-2602
3440
571
-108
11751555
1508
-2028
-3499
3884
677
691
11752580
1048
-2847
-4410
5305
752
1522
11753605
576
-3429
-5208
6890
627
2019
11754630
418
-3610
-5918
8218
380
1895
11755655
335
-3552
-6297
10087
-754
2136
11756680
-64
-3208
-6103
10863
-1876
2910
11757705
-166
-2613
-5552
9728
-1524
3474
11758730
-269
-1905
-4574
8944
-2480
3538
11759755
-832
-1363
-3264
7597
-3185
3311
11760780
-1836
-956
-2052
6344
-3046
3641
11761805
-2907
-615
-1119
5221
-3575
3397
11762830
-2862
-216
-520
3623
-4391
3055
11763855
-1819
54
-258
2069
-4731
2779
11756672
-561
119
-184
1091
-4734
2608
11757697
570
77
-106
465
-4518
2507
11758722
1500
15
80
215
-4388
2365
11759747
2254
-28
330
565
-4223
2198
11760772
2798
34
614
1199
-4009
1962
11761797
3040
161
967
1755
-4257
1633
11762822
3295
273
1300
2709
-5104
1444
11763847
3993
485
1453
4557
-5990
1039
11764872
5006
805
1350
8430
-6641
-332
11765897
5258
1199
1034
12363
-5655
-1394
11766922
3925
2056
1151
9945
-4162
-1784
11767947
2050
2075
2163
9187
-3632
-1817
11768972
1337
1984
3200
8815
-2723
-1532
11769997
1212
1933
4047
7583
-2146
-1357
11771022
1188
1733
4442
6654
-1768
-1443
11772047
1334
1558
4551
5632
-1714
-1469
11764864
1625
1308
4496
5277
-1584
-1698
11765889
1918
1117
4321
5256
-1089
-2086
11766914
2059
1010
4052
4879
-567
-2129
11767939
1941
856
3753
4213
-311
-1806
11768964
1698
604
3497
3675
-391
-1653
11769989
1536
266
3177
3604
-273
-1782
11771014
1418
-91
2814
3484
-70
-1614
11772039
1441
-463
2439
3034
-106
-1103
11773064
1759
-853
1992
2802
125
-619
11774089
2216
-1148
1519
2567
818
-385
11775114
2535
-1472
1029
2640
1166
-240
11776139
2713
-1937
477
3213
1071
63
11777164
2972
-2367
-127
3459
751
737
11778189
3360
-2824
-781
3424
332
1342
11779214
3767
-3383
-1397
3766
179
1858
11780239
4250
-3795
-1902
4188
315
2476
11773055
4805
-3952
-2231
4442
403
3054
11774080
5104
-4086
-2241
4955
280
3082
11775105
4997
-4017
-2030
6536
188
4228
11776130
4310
-3329
-1640
6794
422
5636
11777155
2803
-2611
-1187
5221
-283
5065
11778180
1337
-2270
-909
4695
-321
4797
11779205
-407
-1858
-564
3788
-358
4947
11780230
-1914
-1352
-324
2657
-1598
4632
11781255
-1986
-872
-252
1832
-3527
3845
11782280
-278
-554
-213
1147
-5200
2946
11783305
2389
-429
-127
718
-4866
2367
11784330
4404
-349
-19
806
-3343
1734
11785355
5017
-231
194
1313
-3114
1165
11786380
5037
-53
412
2003
-3950
491
11787405
5073
145
462
3246
-4745
-375
11788430
5037
388
537
4843
-5532
-1317
11781248
4955
609
585
7484
-6479
-1858
11782273
4702
880
755
10669
-6678
-2247
11783298
4096
1514
1287
11597
-5811
-1937
11784323
3083
2022
2376
11068
-4738
-2095
11785348
2124
2296
3389
9811
-3246
-2173
11786373
1169
2408
4246
8330
-2578
-1628
11787398
594
2359
4761
7173
-2469
-1205
11788423
643
2291
4893
6113
-1634
-1135
11789448
752
2192
4839
5291
-976
-1197
11790473
836
2027
4582
4611
-675
-1123
11791498
919
1828
4198
3920
-364
-982
11792523
764
1518
3729
3517
261
-1134
11793548
199
1158
3293
3135
945
-1362
11794573
-663
772
2854
2659
1351
-1479
11795598
-1140
375
2279
2209
996
-1525
11796623
-821
-54
1612
2246
499
-1330
11789440
-30
-400
946
2717
374
-850
11790465
767
-660
165
3565
381
-520
11791490
1281
-963
-596
4009
364
-483
11792515
1427
-1367
-1295
3517
351
-297
11793540
1296
-2032
-2078
3759
182
-44
11794565
1111
-2793
-2726
4552
-15
228
11795590
1046
-3415
-3291
5315
91
731
11796615
1057
-3897
-3839
6448
82
1304
11797640
1271
-4037
-4240
7602
-373
1725
11798665
1436
-3847
-4218
8031
-962
2068
11799690
1368
-3546
-3959
7701
-751
2125
11800715
1486
-2957
-3575
7060
-1000
2014
11801740
1947
-2281
-2957
5953
-1182
2061
11802765
2088
-1974
-2194
4934
-184
2128
11803790
1258
-1806
-1546
4424
402
2422
11804815
-131
-1576
-1204
3966
-202
2687
11797682
-1045
-1297
-1056
3499
-1205
2777
11798707
-1103
-965
-895
2973
-2031
2715
11799732
-540
-652
-714
2453
-2376
2563
11800757
217
-406
-536
2217
-2321
2497
11801782
852
-182
-314
2187
-2151
2495
11802807
1240
39
-56
2333
-1874
2508
11803832
1327
250
191
2786
-1577
2477
11804857
1173
481
441
3308
-1373
2372
11805882
913
724
694
4140
-1237
2386
11806907
733
1035
908
5587
-1257
2664
11807932
723
1469
1050
7192
-1279
2760
11808957
645
2031
1149
7632
-920
2259
11809982
199
2530
1361
7647
-202
1693
11811007
-563
2886
1759
8234
323
1539
11812032
-1433
3117
2297
9104
848
1358
11813057
-2425
3263
2918
9063
1059
871
11805824
-3208
3199
3570
8285
367
393
11806849
-3255
2870
4211
7451
-331
217
11807874
-2452
2510
4636
6611
-690
179
11808899
-979
2278
4700
5721
-765
193
11809924
598
2193
4342
4596
38
-18
11810949
1504
2121
3643
3345
1511
-483
11811974
1768
1947
2755
2588
1996
-640
11812999
1371
1687
1895
2129
1616
-730
11814024
341
1311
1067
1792
1790
-976
11815049
-1116
869
271
1730
1973
-1148
11816074
-2172
467
-501
2115
1535
-1471
11817099
-2202
209
-1243
2769
849
-1671
11818124
-1579
107
-1826
3064
432
-1599
11819149
-971
-5
-2349
3076
559
-1471
11820174
-701
-206
-2877
3215
666
-1310
11821199
-677
-450
-3265
3409
375
-969
11814017
-859
-729
-3629
4124
228
-834
11815042
-1272
-1110
-3956
5669
-378
-806
11816067
-1778
-1479
-4183
7904
-1590
-559
11817092
-2407
-1810
-4411
10019
-2233
-256
11818117
-3332
-2077
-4377
10770
-2662
125
11819142
-3919
-1963
-4007
10067
-4550
1234
11820167
-3388
-1668
-3482
8675
-5373
2281
11821192
-2618
-1323
-2898
6906
-4984
2730
11822217
-2472
-999
-2373
5146
-4882
2519
11823242
-2576
-682
-1929
3562
-4845
2431
11824267
-2454
-362
-1615
2245
-4622
2419
11825292
-2359
-118
-1361
1245
-4533
2242
11826317
-2439
-2
-1072
478
-4687
1969
11827342
-2451
47
-693
-207
-4844
1788
11828367
-2186
16
-222
-732
-4751
1626
11829392
-1633
-80
271
-584
-4513
1680
11822208
-1046
-160
805
420
-4626
1719
11823233
-467
-146
1255
1849
-4633
1413
11824258
-109
-120
1609
3729
-4794
888
11825283
53
-92
1976
6765
-5620
828
11826308
598
228
2153
9456
-5188
549
11827333
1032
633
2288
10054
-3657
64
11828358
743
712
2555
9742
-3026
-121
11829383
672
572
2913
8913
-2600
-51
11830408
1297
382
3325
8012
-1863
135
11831433
2358
320
3622
7340
-1404
59
11832458
3365
433
3695
6702
-991
-273
11833483
3956
676
3687
5406
-665
-767
11834508
4048
791
3498
4303
11
-1367
11835533
3547
759
3104
3658
948
-1333
11836558
2504
822
2627
2740
1904
-1254
11837583
1138
904
2057
1624
2377
-1326
11830400
-291
719
1490
1222
2206
-1613
11831425
-1230
421
901
1735
1417
-1800
11832450
-1095
301
362
2513
781
-1749
11833475
-161
379
-156
2883
1208
-1757
11834500
456
416
-747
3069
1992
-1588
11835525
233
44
-1379
4247
1528
-1591
11836550
-219
-526
-1878
5444
527
-1324
11837575
-264
-1035
-2596
6209
51
-666
11838600
-14
-1658
-3458
7401
-277
47
11839625
308
-2147
-4195
7796
-395
918
11840650
688
-2456
-4749
7684
-127
1518
11841675
900
-2704
-4980
7793
37
1202
11842700
1007
-2679
-4899
8018
-809
918
11843725
1237
-2397
-4564
7591
-1323
1483
11844750
1073
-2167
-4079
6507
-953
2053
11845775
237
-2172
-3586
6001
-1097
2119
11838592
-858
-2103
-3043
5797
-1251
2484
11839617
-2193
-1787
-2489
5064
-1374
2907
11840642
-3307
-1443
-2044
4280
-2333
2772
11841667
-3435
-1126
-1625
3563
-3973
2472
11842692
-2380
-789
-1222
2262
-5303
2603
11843717
-716
-564
-859
1158
-5716
2926
11844742
799
-388
-440
873
-5629
3120
11845767
1795
-158
87
1290
-5336
3281
11846792
2291
169
612
2485
-4825
3285
11847817
2281
641
1108
4110
-4555
3222
11848842
1890
1153
1644
5964
-4475
2692
11849867
1304
1534
2212
8185
-3981
2244
11850892
734
1881
2789
10118
-3266
2381
11851917
408
2370
3357
11378
-2387
1942
11852942
62
2754
3977
12220
-1319
462
11853967
-656
2849
4627
12393
-1010
-895
11846784
-1042
2535
5219
11576
-1106
-1828
11847809
-400
2041
5734
10559
-729
-1970
11848834
1039
1660
6060
9327
-319
-1712
11849859
2541
1505
6023
7885
212
-1745
11850884
3203
1473
5514
6364
1634
-2016
11851909
3000
1493
4798
4311
2428
-1976
11852934
2332
1385
3910
2393
2700
-2134
11853959
1152
1084
2902
1417
2983
-2007
11854984
-296
536
2036
1536
3332
-2119
11856009
-1125
276
1253
1849
3064
-2400
11857034
-994
272
639
1962
2643
-2520
11858059
-469
285
-28
2191
2438
-2156
11859084
-270
127
-800
2851
1980
-1648
11860109
-276
-133
-1428
3720
1405
-1344
11861134
-295
-304
-2098
4793
1088
-1306
11862159
-1163
-866
-2513
6722
342
-1010
11854976
-2536
-1250
-2816
8603
-1823
192
11856001
-3006
-1293
-3235
9491
-4163
1427
11857026
-2843
-1217
-3481
9323
-5649
1716
11858051
-2291
-913
-3371
8461
-6332
1445
11859076
-1941
-451
-2876
7074
-5871
1979
11860101
-2133
-85
-2414
5046
-5311
2418
11861126
-2353
158
-2237
3295
-5173
1997
11862151
-2525
306
-2074
2302
-5238
1666
11863176
-2615
365
-1863
1571
-5051
1651
11864201
-2342
463
-1653
609
-5121
1746
11865226
-1737
558
-1395
-288
-5264
1862
11866251
-1160
511
-1065
-775
-5256
1865
11867276
-812
342
-663
-957
-5184
1988
11868301
-476
241
-234
-1327
-4779
2254
11869326
-33
189
122
-1781
-4051
2064
11870351
101
40
517
-1776
-3911
2017
11863167
69
-224
914
-1135
-5052
1666
11864192
423
-471
1205
689
-7811
1447
11865217
1562
-485
1494
3845
-9031
1376
11866242
2637
-363
1918
7511
-8408
707
11867267
2567
-296
2640
8820
-8433
113
11868292
2651
-185
3216
8711
-8615
-194
11869317
3673
26
3753
9178
-7904
-84
11870342
4983
525
3943
9125
-6164
180
11871367
5666
1129
3958
8046
-4062
350
11872392
5382
1543
3848
6800
-1869
466
11873417
4164
1723
3578
5760
-111
212
11874442
2648
1669
3203
4989
603
-138
11875467
1506
1532
2850
3826
307
-415
11876492
859
1287
2485
2608
-37
-572
11877517
658
810
2043
2283
228
-656
11878542
708
373
1330
3235
1109
-911
11871477
540
281
657
3650
1956
-1598
11872502
12
196
294
2936
2042
-2232
11873527
-315
-97
-143
2851
1726
-2404
11874552
-338
-298
-632
3185
1504
-1999
11875577
-417
-423
-1128
3200
1156
-1416
11876602
-632
-667
-1687
3437
578
-947
11877627
-743
-931
-2401
4236
223
-630
11878652
-846
-1217
-3101
5287
-486
-300
11879677
-1123
-1554
-3635
6572
-2183
200
11880702
-1555
-1914
-4146
8053
-3492
948
11881727
-2489
-2194
-4455
8553
-3384
1443
11882752
-3822
-2217
-4420
8819
-3740
1484
11883777
-4351
-1853
-4048
8521
-5117
1678
11884802
-3905
-1331
-3770
7470
-5381
1918
11885827
-3732
-886
-3524
6423
-5062
1822
11886852
-4122
-496
-3181
5373
-5051
1584
11879552
-4385
-118
-2914
4141
-5020
1404
11880577
-4311
198
-2722
3136
-5190
1310
11881602
-3999
424
-2470
2423
-5513
1264
11882627
-3407
572
-2163
1718
-5815
1199
11883652
-2604
635
-1724
1006
-5961
1115
11884677
-1787
557
-1183
421
-5716
1122
11885702
-1178
342
-627
-58
-5189
1245
11886727
-761
52
-86
-512
-5009
1384
11887752
-250
-244
424
-537
-5273
1454
11888777
438
-486
948
332
-5390
1370
11889802
1038
-619
1467
1335
-5141
1043
11890827
1415
-705
1895
2219
-5584
816
11891852
1986
-707
2223
3648
-6499
616
11892877
2825
-500
2535
5903
-7112
386
11893902
3419
-230
2775
8145
-6462
207
11894927
3327
115
2957
8682
-5368
295
11887743
2806
339
3367
9312
-4633
612
11888768
2490
526
3695
9997
-3422
648
11889793
2248
738
3792
9093
-1830
388
11890818
1838
783
3760
7644
-681
36
11891843
1430
678
3647
6502
-178
-420
11892868
1503
519
3303
5326
398
-775
11893893
2044
518
2765
3867
935
-792
11894918
2336
577
2172
2733
2015
-694
11895943
1675
521
1452
2423
3046
-660
11896968
207
374
711
2619
2861
-909
11897993
-1057
337
41
2753
2052
-1209
11899018
-1524
379
-569
2882
1562
-1273
11900043
-1405
434
-1088
3152
1049
-1060
11901068
-1028
511
-1482
3525
198
-611
11902093
-716
613
-1913
4552
-650
-90
11903118
-877
615
-2196
6556
-1962
-1
11895936
-1388
547
-2366
7607
-3171
19
11896961
-2296
353
-2702
7504
-4135
1198
11897986
-3525
47
-2762
7637
-6850
2231
11899011
-3149
226
-2712
6173
-8316
2541
11900036
-2252
412
-2468
4026
-6911
2382
11901061
-2339
454
-1991
2391
-6315
2411
11902086
-2210
714
-1488
825
-6417
2468
11903111
-1634
1024
-994
-714
-5919
1947
11904136
-1266
1135
-520
-1945
-5380
1471
11905161
-997
972
-103
-2543
-5190
1275
11906186
-497
638
313
-2744
-5084
1219
11907211
240
191
706
-2608
-4602
1245
11908236
1006
-309
1049
-2162
-3946
1307
11909261
1641
-782
1391
-1633
-3499
1262
11910286
2145
-1177
1732
-859
-3758
1063
11911311
2509
-1467
2114
124
-4869
616
11904129
2917
-1754
2333
1078
-6181
-265
11905154
3439
-2179
2215
2919
-8115
-784
11906179
4049
-2611
2183
6198
-9510
-461
11907204
5130
-2594
2187
8449
-8520
-46
11908229
5714
-1978
2216
9085
-6195
-17
11909254
4599
-1238
2251
7876
-3817
-442
11910279
2730
-735
2193
5730
-1887
-899
11911304
1461
-504
2046
4111
-418
-1298
11912329
805
-441
1797
2830
-17
-1127
11913354
687
-479
1471
1995
25
-759
11914379
876
-465
1088
1577
531
-559
11915404
809
-415
716
1301
930
-470
11916429
462
-369
341
1121
934
-611
11917454
122
-364
-19
1093
801
-719
11918479
-83
-408
-369
1622
652
-540
11919504
-96
-336
-729
2615
582
-203
11912319
-171
-143
-1102
3880
441
-140
11913344
-644
-62
-1466
5980
-647
-198
11914369
-1288
33
-1745
8107
-2927
-184
11915394
-1665
-6
-2149
9200
-3878
57
11916419
-2917
-337
-2461
9109
-3935
1269
11917444
-4586
-607
-2257
8183
-6146
2089
11918469
-3662
-504
-2011
6149
-7062
2072
11919494
-1480
-301
-1709
4098
-4735
1967
11920519
-994
-208
-1259
2787
-3676
1708
11921544
-1476
-114
-825
1762
-4433
1572
11922569
-1548
107
-668
1006
-4159
1806
11923594
-1801
431
-539
478
-3659
2376
11924619
-2338
795
-422
-114
-3707
2360
11925644
-2341
1073
-319
-998
-4159
1411
11926669
-1729
1102
-152
-1544
-4537
746
11927694
-1204
837
203
-1753
-4644
998
11920512
-713
485
564
-1741
-4422
1525
11921537
-182
236
944
-1404
-4273
1975
11922562
178
31
1269
-640
-4394
2074
11923587
362
-120
1514
189
-5038
1940
11924612
645
-235
1746
886
-5639
1545
11925637
1853
-475
2088
2093
-6018
1516
11926662
2287
-400
1554
533
-3962
1566
11927687
1402
-855
1742
4162
-7634
980
11928712
3140
-962
1839
6740
-7639
144
11929737
4019
-489
1204
5843
-4740
195
11930762
3016
-715
1299
6317
-4186
27
11931787
2931
-768
1236
6583
-4071
296
11932812
3716
-500
1106
6539
-2518
1079
11933837
3693
-101
999
5977
-968
1078
11934862
2767
174
930
4963
-678
738
11935887
1805
246
783
4323
-461
376
11928704
873
171
639
4093
290
-41
11929729
70
104
589
3421
568
-81
11930754
-189
123
513
2638
529
84
11931779
-58
171
360
2239
763
212
11932804
-39
258
125
2066
1045
136
11933829
-384
347
-243
1999
881
-126
11934854
-904
418
-691
2122
749
-304
11935879
-1383
535
-1217
2493
865
-284
11936904
-2031
625
-1875
3624
425
-373
11937929
-2861
626
-2545
5686
-1189
-730
11938954
-3441
604
-3059
8064
-4098
-889
11939979
-3694
581
-3437
8936
-5370
25
11941004
-4574
369
-3304
8009
-3885
1061
11942029
-5189
200
-2434
7455
-5349
921
11943054
-3219
544
-2198
6030
-5627
848
11944079
-1552
785
-2098
5090
-3880
508
11936896
-2276
839
-1897
4223
-3724
-41
11937921
-3306
918
-1821
3361
-4292
-156
11938946
-3504
1071
-1732
2758
-3926
175
11939971
-3374
1291
-1624
2129
-3366
407
11940996
-3317
1447
-1484
1701
-3372
400
11942021
-3369
1544
-1352
1226
-3483
227
11943046
-3489
1591
-1258
461
-3332
88
11944071
-3523
1564
-1183
-171
-3403
19
11945096
-3297
1455
-1026
-506
-3588
73
11946121
-2853
1308
-788
-709
-3670
141
11947146
-2358
1142
-519
-941
-3657
182
11948171
-2037
902
-210
-897
-3883
311
11949196
-1987
607
151
-416
-4278
545
11950221
-1985
357
475
372
-5096
785
11951246
-1705
183
773
1548
-6803
825
11952271
-1002
-12
1078
3185
-7912
1063
11945089
-194
-142
1244
5304
-7631
1538
11946114
157
-149
1516
6518
-7401
1979
11947139
390
-124
1843
6648
-6976
2316
11948164
976
-203
2288
7010
-6247
2624
11949189
2258
-267
2555
7262
-4714
2863
11950214
3688
-282
2571
6984
-3103
2544
11951239
5225
-36
2612
5880
-1860
2106
11952264
6277
459
2588
4345
-522
1631
11953289
6283
887
2468
3141
242
1107
11954314
5504
1007
2132
1944
770
914
11955339
3887
704
1551
1418
1529
975
11956364
1756
298
862
1942
1430
806
11957389
-231
218
72
2017
1338
244
11958414
-1717
289
-697
1745
1055
-423
11959439
-2563
302
-1472
2197
2
-1024
11960464
-2532
364
-2130
3098
-1138
-1370
11953280
-1669
514
-2558
3817
-1345
-1195
11954305
-655
550
-2838
3968
-371
-952
11955330
-188
361
-3057
3920
499
-565
11956355
-590
-69
-3128
4574
-12
-454
11957380
-1319
-478
-3107
5946
-919
-512
11958405
-2243
-764
-2960
6935
-1091
-278
11959430
-3435
-921
-2799
7539
-1694
147
11960455
-4256
-956
-2666
8630
-3284
599
11961480
-4343
-698
-2592
8771
-4210
911
11962505
-4160
-367
-2542
7649
-4644
1020
11963530
-4040
-226
-2464
6571
-4752
1231
11964555
-3921
-108
-2265
5381
-4650
1412
11965580
-3611
53
-1990
4144
-4680
1471
11966605
-3040
200
-1805
3233
-4337
1473
11967630
-2643
334
-1670
2535
-3910
1422
11968655
-2460
477
-1483
2016
-3994
1409
11961473
-2290
613
-1290
1500
-3969
1336
11962498
-2209
701
-1026
957
-3883
1273
11963523
-2189
740
-752
375
-3723
1213
11964548
-2152
754
-482
-346
-3704
1143
11965573
-2012
681
-201
-878
-3683
1174
11966598
-1769
527
115
-1051
-3759
1272
11967623
-1468
325
532
-1015
-3892
1314
11968648
-1043
55
909
-785
-4032
1535
11969673
-508
-188
1242
-129
-4615
1874
11970698
136
-376
1583
1002
-5795
1740
11971723
818
-590
1989
3037
-7721
1530
11972748
1685
-749
2374
6278
-8068
1364
11973773
2378
-599
2476
9108
-7481
1364
11974798
2601
-147
2604
9052
-7306
1510
11975823
2840
184
2895
8948
-6223
1473
11976848
2961
420
3300
8816
-4586
1315
11969664
3101
593
3604
7778
-3124
1197
11970689
3480
732
3669
6470
-2021
957
11971714
3932
905
3570
5323
-1296
510
11972739
4246
1039
3376
4364
-733
58
11973764
4227
1087
3063
3349
-125
-141
11974789
3670
980
2654
2556
407
-247
11975814
2716
715
2136
2398
543
-332
11976839
1791
482
1516
2678
399
-676
11977864
1030
314
889
3101
652
-1300
11978889
213
204
371
3261
959
-1750
11979914
-469
63
-102
3329
585
-1960
11980939
-532
-90
-551
3375
110
-1831
11981964
-143
-205
-1029
3350
113
-1274
11982989
-71
-415
-1464
3294
215
-683
11984014
-498
-734
-1909
3603
69
-565
11985039
-1116
-1069
-2361
4162
-501
-541
11977855
-1891
-1395
-2623
4623
-1460
-74
11978880
-2729
-1718
-2907
5640
-2157
726
11979905
-3458
-1832
-2994
6861
-3372
1402
11980930
-3835
-1630
-2906
7265
-4431
1785
11981955
-3940
-1259
-2781
7066
-4799
2146
11982980
-3999
-783
-2582
6587
-5242
2041
11984005
-4002
-277
-2437
5648
-5500
1749
11985030
-4137
109
-2334
4649
-5295
1712
11986055
-4397
399
-2119
3612
-5223
1745
11987080
-4193
570
-1924
2502
-4969
1594
11988105
-3635
650
-1769
1615
-4935
1696
11989130
-2863
631
-1504
1144
-5367
1772
11990155
-1879
594
-1203
679
-5427
1831
11991180
-1040
544
-855
309
-5007
1974
11992205
-612
469
-441
40
-4450
2033
11993230
-493
339
-20
-364
-4229
2044
11986048
-258
154
363
-652
-4260
2023
11987073
295
-17
699
-527
-4280
1902
11988098
888
-151
1021
86
-4385
1565
11989123
1240
-328
1334
795
-5031
1142
11990148
1578
-546
1486
1944
-6676
941
11991173
2254
-659
1732
4425
-8743
420
11992198
3007
-764
2056
7994
-8287
-196
11993223
3212
-569
2100
8426
-7847
-567
11994248
3376
-287
2408
7953
-7259
-971
11995273
3634
54
2775
8121
-5398
-1428
11996298
3193
385
3098
7053
-3843
-1268
11997323
2420
452
3377
5800
-3065
-898
11998348
2132
412
3494
4863
-2265
-709
11999373
2203
388
3470
4218
-1402
-690
12000398
2203
333
3343
3832
-769
-831
12001423
2005
183
3132
3578
-378
-1007
11994240
1849
0
2781
3446
-127
-1076
11995265
1870
-82
2332
3154
211
-1051
11996290
1783
-159
1928
2657
567
-953
11997315
1502
-348
1496
2336
691
-795
11998340
1250
-550
980
2385
723
-542
11999365
1191
-642
414
2408
720
-189
12000390
1231
-690
-134
2308
611
41
12001415
1180
-830
-704
2458
722
25
12002440
949
-1047
-1293
2758
736
62
12003465
582
-1341
-1808
2954
494
253
12004490
269
-1742
-2426
3348
269
685
12005515
146
-2248
-3235
4316
-217
1227
12006540
35
-2715
-3895
6337
-1259
2133
12007565
-886
-2948
-4002
8283
-1983
3678
12008590
-2436
-2904
-3821
8399
-2229
4002
12009615
-3312
-2396
-3400
8813
-4498
3695
12002431
-2804
-1492
-2580
7851
-6013
3663
12003456
-1572
-771
-1936
5790
-5250
3678
12004481
-807
-362
-1596
4247
-4133
3539
12005506
-999
-126
-1383
2860
-3618
3290
12006531
-1469
-137
-1214
1728
-3959
2849
12007556
-1537
-309
-1177
791
-4888
2519
12008581
-859
-606
-1113
252
-5696
2403
12009606
712
-841
-974
161
-5791
2188
12010631
2716
-965
-656
419
-5337
1738
12011656
4235
-1077
-173
881
-4480
1595
12012681
4716
-1134
253
1228
-3904
1741
12013706
4574
-1083
577
1553
-4036
1523
12014731
4497
-953
861
1994
-4405
991
12015756
4717
-783
991
2712
-5174
603
12016781
5301
-516
855
4315
-6525
39
12017806
5892
-141
687
7577
-7607
-740
12010641
5802
425
543
9159
-6242
-1492
12011666
4597
1216
974
7876
-5409
-1373
12012691
3408
1538
1871
7785
-5159
-1212
12013716
2835
1816
2440
7482
-4578
-1299
12014741
2327
1986
2822
6421
-3732
-1344
12015766
1716
1929
3041
5282
-2885
-1260
12016791
1262
1752
3185
4541
-2460
-1601
12017816
1067
1457
3255
4315
-2339
-2122
12018841
1097
1118
3220
4112
-1960
-2172
12019866
1209
844
3132
3606
-1382
-1970
12020891
1278
582
3035
3003
-941
-1750
12021916
1340
294
2856
2648
-818
-1686
12022941
1361
-38
2596
2539
-732
-1647
12023966
1386
-369
2287
2610
-663
-1386
12024991
1432
-656
1936
2795
-537
-1139
12026016
1472
-888
1558
2807
-345
-818
12018816
1449
-1123
1151
2834
-249
-447
12019841
1386
-1390
680
3330
-80
-133
12020866
1309
-1598
169
3718
83
163
12021891
1242
-1798
-265
3773
-46
507
12022916
1220
-2090
-700
4098
-73
858
12023941
1187
-2439
-1151
4677
314
1156
12024966
1024
-2738
-1526
5057
627
1564
12025991
731
-2960
-1873
5408
207
2071
12027016
590
-2996
-2251
5587
-250
2395
12028041
621
-2852
-2572
5586
-192
2489
12029066
627
-2549
-2724
5578
-113
2792
12030091
553
-2081
-2677
5355
-346
3095
12031116
244
-1667
-2395
5061
-725
3315
12032141
-244
-1366
-2022
4933
-1457
3408
12033166
-498
-1102
-1648
4889
-2094
3359
12034191
-571
-901
-1269
4750
-2341
3264
12027007
-775
-733
-964
4333
-2779
3230
12028032
-956
-596
-750
3786
-3555
3194
12029057
-694
-458
-544
3380
-4285
2973
12030082
-30
-302
-209
3062
-4647
2478
12031107
934
-132
291
2754
-4561
2069
12032132
1786
46
816
2437
-4073
1871
12033157
2051
147
1231
2336
-3635
1576
12034182
1866
154
1474
2720
-3671
1115
12035207
1625
162
1647
3451
-3902
621
12036232
1488
177
1831
4095
-4036
43
12037257
1515
174
2048
4591
-4252
-457
12038282
1888
143
2305
5163
-4602
-789
12039307
2623
154
2508
5710
-4729
-1032
12040332
3241
191
2660
6209
-4339
-1121
12041357
3415
235
2884
6793
-3901
-1117
12042382
3309
367
3123
7153
-3345
-1133
12035201
3038
582
3344
7034
-2837
-1245
12036226
2679
745
3463
6696
-2345
-1392
12037251
2241
830
3472
6134
-1735
-1315
12038276
1647
777
3387
5879
-1151
-1230
12039301
1055
667
3177
5731
-567
-1353
12040326
561
578
2922
4924
32
-1448
12041351
144
400
2593
3777
598
-1441
12042376
33
131
2121
3062
874
-1202
12043401
322
-79
1511
2773
1263
-868
12044426
601
-181
797
2580
2083
-673
12045451
348
-287
140
2131
2333
-537
12046476
-186
-539
-479
1949
1870
-381
12047501
-428
-742
-1137
2458
1416
-134
12048526
-294
-687
-1832
3374
1282
298
12049551
-148
-461
-2619
4557
1200
307
12050576
-423
-501
-3385
6016
1080
-335
12043392
-907
-858
-4106
7716
438
-244
12044417
-1247
-1223
-4882
9461
-260
362
12045442
-1531
-1426
-5321
10093
-819
1711
12046467
-2294
-1460
-5336
9303
-739
2724
12047492
-3076
-1353
-5020
8542
-1603
2154
12048517
-2864
-1023
-4404
7546
-2802
1446
12049542
-2078
-701
-3744
6443
-3113
1443
12050567
-1461
-459
-3106
5563
-3438
1406
12051592
-1078
-242
-2545
4689
-3672
1397
12052617
-1192
-119
-2094
3940
-3148
1696
12053642
-2043
-48
-1619
3297
-2792
1906
12054667
-2883
65
-1157
2452
-3661
1686
12055692
-2847
150
-825
1420
-5071
1332
12056717
-1812
126
-633
324
-6205
1351
12057742
-300
-89
-451
-533
-6593
1605
12058767
1163
-412
-81
-723
-6571
1883
12051585
2403
-685
514
172
-6273
1977
12052610
3255
-740
1194
1541
-5761
1776
12053635
3507
-622
1870
2592
-5550
1424
12054660
3417
-498
2402
3644
-5723
1215
12055685
3463
-351
2716
5302
-6298
1062
12056710
4094
-61
2905
7466
-6542
512
12057735
4833
447
3034
9466
-6221
-230
12058760
4927
1080
3197
10954
-5543
-783
12059785
4285
1614
3443
11899
-4648
-1305
12060810
3242
2027
3876
11760
-3672
-1590
12061835
2161
2119
4369
10996
-2570
-1863
12062860
1359
1844
4748
9680
-2071
-2284
12063885
1276
1314
4945
8717
-1872
-2210
12064910
1900
899
4962
7764
-1123
-2182
12065935
2547
646
4848
6555
-37
-2627
12066960
2742
429
4576
5194
915
-2774
12059776
2736
216
4090
4112
1341
-2589
12060801
2531
90
3527
3633
1767
-2602
12061826
1787
64
2882
3174
3012
-2978
12062851
466
-59
2125
2412
3906
-3135
12063876
-804
-417
1386
2102
3576
-2946
12064901
-1273
-669
568
2360
2805
-2647
12065926
-949
-775
-290
2982
2120
-2084
12066951
-466
-916
-1236
3920
1891
-1516
12067976
-324
-1159
-2174
4742
1306
-1046
12069001
-355
-1588
-3039
5869
243
-437
12070026
-364
-2071
-3669
7975
-1537
193
12071051
-974
-2389
-3853
10966
-2816
1208
12072076
-2492
-2299
-3574
11002
-2765
2472
12073101
-4089
-2000
-2902
10360
-5379
2423
12074126
-3612
-1118
-2334
8691
-6880
2491
12075151
-2397
-204
-2092
6188
-5090
2470
12067967
-2797
246
-2079
4624
-4670
2151
12068992
-3985
427
-1930
3674
-5715
1816
12070017
-4052
720
-1681
2588
-5402
1787
12071042
-3735
1021
-1353
1487
-4789
1802
12072067
-3289
1171
-1018
341
-5215
1558
12073092
-2394
1219
-701
-790
-5496
1455
12074117
-1516
1098
-340
-1582
-5002
1402
12075142
-1001
788
69
-1913
-4485
1463
12076167
-517
441
509
-2121
-4272
1635
12077192
211
134
961
-2102
-4013
1719
12078217
1004
-115
1335
-1404
-3736
1578
12079242
1535
-255
1628
-326
-4109
1158
12080267
1664
-431
1943
821
-5326
786
12081292
1821
-645
2112
2783
-8136
368
12082317
2504
-861
2341
6246
-10088
-123
12083342
3291
-980
2402
10136
-9172
-427
12076161
3491
-492
2339
9625
-8714
-647
12077186
3697
-160
2593
8760
-7512
-1071
12078211
3588
27
2994
8425
-5392
-1221
12079236
3213
280
3271
7019
-3311
-1014
12080261
2678
362
3379
5988
-1738
-1152
12081286
2203
259
3318
5013
-895
-1174
12082311
2055
129
3117
3819
-373
-977
12083336
2146
50
2808
2790
275
-1053
12084361
2105
-82
2413
2321
936
-1464
12085386
1745
-309
1966
2357
1268
-1760
12086411
1327
-444
1465
2460
1399
-1840
12087436
1031
-451
943
2236
1551
-1744
12088461
712
-550
374
2194
1555
-1514
12089486
408
-713
-249
2667
1169
-1199
12090511
301
-847
-877
3066
847
-764
12091536
318
-1040
-1523
3411
818
-344
12084353
279
-1383
-2207
4211
491
10
12085378
247
-1798
-2878
5022
103
486
12086403
392
-2213
-3696
5848
-104
900
12087428
541
-2682
-4528
6994
-48
1119
12088453
341
-3060
-4995
8621
-717
1626
12089478
-456
-3202
-4980
9924
-1785
2453
12090503
-1289
-2998
-4530
9930
-2826
2718
12091528
-1678
-2483
-3727
9539
-3795
3160
12092553
-1836
-1660
-2789
7861
-3914
3592
12093578
-1777
-979
-2089
6165
-3779
3546
12094603
-1857
-416
-1555
4843
-3835
3424
12095628
-2356
-9
-1309
3334
-3853
3215
12096653
-2754
196
-1086
2169
-4405
3057
12097678
-2625
302
-822
1199
-5224
2928
12098703
-1692
349
-554
188
-5928
2777
12099728
-153
283
-212
-457
-6089
2636
12092545
1409
114
245
-263
-5391
2474
12093570
2372
-21
755
397
-4479
2329
12094595
2743
-11
1225
862
-4089
2126
12095620
2850
91
1615
1284
-4123
1808
12096645
2845
178
1939
1975
-4251
1413
12097670
2906
207
2172
2882
-4775
1114
12098695
3289
209
2195
4300
-5970
1054
12099720
4196
282
1982
7078
-7586
757
12100745
5051
506
1744
10404
-7649
-262
12101770
4713
1013
1636
10398
-6041
-1530
12102795
3433
1352
2255
9247
-5792
-1679
12103820
2869
1335
2962
9117
-4896
-1682
12104845
2808
1390
3426
7782
-3610
-1927
12105870
2553
1291
3633
6222
-2403
-1938
12106895
2123
1067
3708
5079
-1770
-1976
12107920
1778
729
3706
4281
-1452
-2265
12100736
1638
327
3543
3900
-911
-2284
12101761
1670
65
3290
3365
-466
-2175
12102786
1676
-121
2964
2788
-39
-2273
12103811
1457
-336
2613
2357
327
-2213
12104836
1036
-614
2223
2303
507
-2168
12105861
648
-860
1772
2322
571
-1977
12106886
404
-1070
1283
2384
470
-1587
12107911
349
-1257
765
2669
518
-1246
12108936
459
-1375
227
2932
721
-896
12109961
608
-1502
-283
3378
697
-423
12110986
715
-1647
-795
4104
647
-60
12112011
702
-1837
-1347
4976
492
178
12113036
519
-2126
-1935
5797
390
527
12114061
152
-2501
-2601
6843
359
942
12115086
-496
-2829
-3198
7767
159
1539
12116111
-1171
-2977
-3576
8307
-538
2227
12108928
-1537
-2859
-3609
8824
-1953
2543
12109953
-1484
-2371
-3314
8412
-2662
2422
12110978
-1133
-1741
-2799
7118
-2465
2263
12112003
-968
-1177
-2124
5766
-2636
2424
12113028
-980
-715
-1675
4495
-3078
2412
12114053
-1021
-361
-1511
3527
-2959
2518
12115078
-1586
-192
-1407
2877
-2602
2309
12116103
-2471
-49
-1170
2455
-3025
2105
12117128
-2823
162
-884
1817
-3814
1881
12118153
-2357
332
-604
1155
-4413
1705
12119178
-1465
347
-295
915
-4653
1436
12120203
-547
231
92
949
-4580
1235
12121228
200
35
540
1060
-4393
1270
12122253
729
-202
1017
1503
-4356
1348
12123278
1195
-350
1504
2210
-4202
1316
12124303
1575
-339
1974
2846
-3926
1263
12117119
1721
-256
2408
3543
-3609
1147
12118144
1743
-78
2680
4420
-3678
1099
12119169
1810
199
2760
5260
-3865
765
12120194
1799
496
2671
5912
-3942
420
12121219
1469
733
2609
7265
-4134
97
12122244
872
895
2703
8548
-3685
-485
12123269
182
963
2959
8162
-3080
-525
12124294
-2
772
3383
7464
-2865
-177
12125319
736
550
3610
7430
-2288
-62
12126344
1571
497
3581
6895
-1383
-202
12127369
1757
428
3510
5746
-753
-125
12128394
1650
276
3432
4763
-462
-37
12129419
1842
255
3311
3810
-248
171
12130444
2221
347
3074
3231
232
434
12131469
2276
513
2702
2811
729
464
12132494
1839
658
2211
2227
818
361
12125312
1099
654
1609
1856
609
100
12126337
205
551
963
1866
467
-133
12127362
-723
485
334
2066
272
-90
12128387
-1447
459
-269
2334
-439
73
12129412
-1707
468
-854
2845
-1779
355
12130437
-1666
533
-1281
3467
-2721
564
12131462
-1758
686
-1550
3764
-2874
453
12132487
-2177
818
-1574
4089
-3756
607
12133512
-2610
996
-1409
4578
-4867
967
12134537
-2473
1328
-1420
4441
-5277
879
12135562
-2258
1599
-1597
3866
-4944
557
12136587
-2594
1688
-1745
3662
-5023
484
12137612
-2977
1749
-1873
3481
-5465
599
12138637
-3012
1833
-1935
3192
-5535
661
12139662
-2917
1867
-1883
2868
-5260
677
12140687
-2803
1864
-1750
2523
-4965
776
12133504
-2622
1886
-1622
2030
-4673
806
12134529
-2562
1919
-1521
1491
-4501
722
12135554
-2684
1945
-1413
798
-4485
542
12136579
-2702
1948
-1265
134
-4590
771
12137604
-2490
1850
-961
-300
-4619
1237
12138629
-2045
1882
-828
-1151
-4511
1755
12139654
-1668
1831
-671
-2026
-4170
1906
12140679
-1593
1599
-463
-2574
-3629
1688
12141704
-1616
1140
-164
-2361
-3851
1592
12142729
-1004
683
234
-1982
-4333
1644
12143754
116
155
871
-990
-4428
1631
12144779
1373
-254
1420
-291
-4260
1722
12145804
2218
-598
1631
282
-4677
2070
12146829
2271
-1094
1716
149
-6133
1925
12147854
2246
-1090
1232
1742
-8948
843
12148879
3075
-1833
1799
6716
-8543
40
12141696
3312
-1690
1489
6076
-7997
-74
12142721
3680
-1725
1407
5220
-7039
-158
12143746
3962
-1804
1423
5530
-5372
6
12144771
4082
-1621
1482
4593
-3868
386
12145796
3914
-1392
1445
4142
-2532
339
12146821
3282
-1091
1288
3676
-1281
179
12147846
2290
-815
1126
2746
-751
152
12148871
1427
-665
966
2087
-684
-61
12149896
994
-558
753
1813
-470
-459
12150921
810
-410
519
1714
-21
-737
12151946
557
-266
261
1583
150
-1060
12152971
298
-206
9
1446
55
-1160
12153996
215
-180
-300
1453
157
-937
12155021
184
-135
-637
1633
353
-565
12156046
109
-137
-1006
2295
350
-220
12157071
37
-76
-1469
3561
247
186
12149888
-291
8
-2009
5644
-417
189
12150913
-998
105
-2333
7265
-1974
321
12151938
-1527
117
-2607
7655
-3306
587
12152963
-2349
-299
-2625
8133
-2977
1605
12153988
-3758
-615
-2306
7933
-3400
2920
12155013
-3890
-486
-2110
6650
-4690
3377
12156038
-2572
-175
-2043
5003
-4405
2735
12157063
-2076
18
-1923
3918
-3847
2071
12158088
-2664
137
-1816
3154
-4353
1802
12159113
-2982
372
-1690
2357
-4883
2055
12160138
-2722
599
-1473
1484
-4762
2010
12161163
-2265
663
-1273
602
-4237
1532
12162188
-1937
556
-1088
-126
-4426
1373
12163213
-1585
416
-828
-902
-4953
1594
12164238
-1047
251
-540
-1399
-4966
1528
12165263
-581
-4
-76
-1450
-4537
1155
12158080
-200
-303
487
-1326
-4346
1058
12159105
367
-548
968
-1213
-4751
1237
12160130
1185
-768
1347
-741
-5017
1331
12161155
1857
-1008
1601
52
-5203
1203
12162180
2332
-1195
1668
1096
-6497
1128
12163205
2909
-1195
1848
3297
-9022
815
12164230
3538
-1177
2070
6699
-9375
-28
12165255
3424
-977
2006
7858
-8756
-304
12166280
3145
-723
2235
7070
-8460
-255
12167305
3652
-553
2587
6853
-6967
-497
12168330
4037
-300
2799
6806
-4895
-781
12169355
3658
-30
2867
5655
-3061
-884
12170380
2769
-5
2905
4184
-1692
-767
12171405
2083
-169
2865
3316
-895
-562
12172430
1912
-248
2729
2597
-506
-233
12173455
2063
-269
2469
1909
-236
-211
12166273
2191
-328
2053
1444
-23
-458
12167298
2074
-453
1513
1511
-49
-664
12168323
1688
-570
962
1785
-164
-836
12169348
1056
-716
442
1998
-94
-1113
12170373
398
-827
-72
2139
266
-1176
12171398
-23
-881
-578
2610
459
-1020
12172423
-72
-818
-1024
3194
225
-908
12173448
99
-669
-1370
3540
89
-842
12174473
129
-575
-1723
3800
316
-791
12175498
-194
-634
-2161
4421
420
-860
12176523
-807
-897
-2602
5126
150
-744
12177548
-1487
-1295
-3129
6057
-430
-477
12178573
-2037
-1745
-3741
7783
-1404
-163
12179598
-2504
-2106
-4068
9372
-2531
684
12180623
-2834
-2247
-3996
9282
-2581
1442
12181648
-3099
-2314
-3502
9142
-2731
1077
12174465
-2683
-2013
-2626
8447
-3957
977
12175490
-1465
-1484
-2014
6825
-3774
1340
12176515
-931
-1051
-1517
5452
-3119
1451
12177540
-1566
-731
-1363
4162
-2790
1567
12178565
-2692
-749
-1502
3366
-3207
1216
12179590
-3483
-676
-1571
3335
-3699
1331
12180615
-4012
-389
-1404
2981
-3768
1477
12181640
-4100
-70
-1139
2402
-4220
1340
12182665
-3648
195
-817
1814
-4841
1203
12183690
-2979
354
-517
1180
-4943
1290
12184715
-2418
370
-225
560
-5004
1185
12185740
-1922
201
80
153
-5241
1108
12186765
-1286
-51
374
220
-5504
1376
12187790
-563
-220
760
704
-5588
1775
12188815
139
-255
1166
1259
-5341
1502
12189840
634
-316
1501
2314
-5802
1134
12182656
1107
-323
1853
3924
-6801
775
12183681
1611
-287
2284
5634
-6744
203
12184706
1917
-202
2701
6965
-6074
-68
12185731
2242
13
3003
7395
-5872
-229
12186756
2618
247
3242
8076
-5536
-682
12187781
2807
429
3354
8765
-4952
-1135
12188806
2837
545
3363
8828
-4048
-1230
12189831
2721
538
3454
7534
-2537
-936
12190856
2593
388
3437
6211
-1113
-795
12191881
2720
245
3304
5616
-427
-943
12192906
3084
274
3064
4813
72
-1144
12193931
3294
343
2660
3666
570
-1284
12194956
3142
225
2177
2785
353
-1549
12195981
2837
37
1605
2443
801
-1756
12197006
2188
-49
921
2500
2290
-1584
12198031
912
-135
416
2487
2665
-1426
12190849
-281
-224
65
2366
1926
-1544
12191874
-662
-255
-371
2576
1162
-1551
12192899
-447
-255
-847
3137
494
-1217
12193924
-181
-223
-1293
3738
159
-924
12194949
-398
-226
-1667
4459
-424
-844
12195974
-1182
-423
-1897
5274
-1078
-596
12196999
-2120
-660
-2225
5959
-1767
175
12198024
-2937
-835
-2517
6821
-3379
1000
12199049
-3334
-824
-2728
7201
-5178
1285
12200074
-3239
-646
-2792
6737
-5699
1184
12201099
-3330
-547
-2578
6204
-5697
1324
12202124
-3463
-430
-2296
5373
-6138
1708
12203149
-3264
-192
-1993
4200
-6075
1979
12204174
-2914
100
-1645
2933
-5935
1705
12205199
-2602
317
-1339
1694
-5491
1603
12206224
-2555
386
-1065
838
-4855
1802
12199040
-2492
402
-733
183
-5139
1842
12200065
-1715
419
-388
-401
-5422
1961
12201090
-628
437
-151
-783
-3872
1898
12202115
-525
295
186
-1134
-3349
1531
12203140
-676
-109
620
-1190
-4561
1479
12204165
249
-419
883
-1026
-4523
1668
12205190
1430
-578
1095
-731
-4007
1713
12206215
2080
-729
1272
226
-4553
1903
12207240
2557
-609
1438
2435
-6957
1857
12208265
2977
-360
1705
5241
-7924
582
12209290
3009
-225
1514
8395
-7557
-235
12210315
2923
165
1565
8221
-7612
-133
12211340
3107
445
1959
7473
-6142
-99
12212365
2843
437
2382
7183
-4599
-158
12213390
2757
474
2598
6344
-3130
-166
12214415
2856
597
2539
5175
-1508
-476
12207231
2628
628
2365
3939
-573
-784
12208256
2299
511
2177
2848
-416
-720
12209281
2164
373
1847
2121
-113
-616
12210306
2011
234
1407
1892
432
-731
12211331
1591
58
950
1928
709
-980
12212356
1133
-39
473
1809
715
-1080
12213381
759
-75
-21
1813
906
-1118
12214406
308
-99
-473
2172
1057
-1250
12215431
-196
-63
-881
2668
881
-1358
12216456
-642
0
-1271
3130
698
-1324
12217481
-1055
-8
-1728
3857
652
-1310
12218506
-1477
-184
-2274
5039
349
-1315
12219531
-1789
-491
-2839
6292
-147
-958
12220556
-1950
-796
-3416
7813
-1446
-680
12221581
-2384
-1182
-3684
10044
-3384
131
12222606
-3466
-1367
-3608
10043
-2811
1352
12215425
-4846
-1431
-3259
9303
-3391
989
12216450
-4518
-1079
-2619
8356
-5842
865
12217475
-2341
-396
-2328
6229
-5190
1214
12218500
-1482
-50
-2187
4831
-4010
1286
12219525
-2258
33
-2135
3972
-4284
1036
12220550
-3126
161
-2007
3092
-4134
986
12221575
-3881
289
-1763
2385
-4123
1095
12222600
-4164
425
-1471
1583
-4667
968
12223625
-3463
599
-1212
627
-5053
809
12224650
-2344
677
-911
-135
-4800
829
12225675
-1547
578
-573
-630
-4238
931
12226700
-1163
380
-219
-1044
-3863
1113
12227725
-857
150
131
-1290
-3811
1391
12228750
-394
-27
442
-1050
-3921
1830
12229775
176
-8
723
-513
-4128
1820
12230800
476
44
1030
281
-5033
1371
12223857
622
-33
1385
2076
-7335
1090
12224882
1249
-166
1785
5160
-8762
610
12225907
2073
-99
2013
9463
-7720
525
12226932
2129
309
2095
10034
-6400
843
12227957
1573
473
2660
8815
-6031
723
12228982
1640
399
3304
9305
-5676
128
12230007
2405
424
3611
8943
-4795
-450
12231032
3068
366
3712
7951
-3609
-693
12232057
3467
288
3649
6735
-2561
-718
12233082
3946
346
3549
5440
-1618
-628
12234107
4334
520
3417
4483
-871
-585
12235132
4201
661
3184
4032
60
-826
12236157
3320
740
2872
3408
717
-1089
12237182
2030
659
2637
2507
602
-1178
12238207
947
441
2271
2266
632
-1328
12239232
69
322
1825
2295
1277
-1435
12231807
-719
228
1354
2218
1349
-1560
12232832
-1066
53
762
2473
796
-1586
12233857
-820
-73
125
2759
299
-1446
12234882
-207
-142
-442
2518
133
-1028
12235907
436
-317
-967
2293
352
-446
12236932
844
-559
-1576
2662
542
-139
12237957
924
-920
-2275
3558
288
43
12238982
823
-1409
-2996
4074
30
285
12240007
672
-1992
-3900
4538
-161
708
12241032
331
-2715
-4859
5921
-80
1198
12242057
-125
-3261
-5623
7399
126
1604
12243082
-496
-3539
-6155
8721
-210
1789
12244107
-468
-3559
-6452
10491
-1107
2039
12245132
2
-3092
-6221
11174
-1858
2448
12246157
633
-2448
-5628
9574
-1035
2460
12247182
564
-2034
-4708
8546
-1149
2434
12240001
-271
-1816
-3476
7507
-1670
2660
12241026
-1726
-1535
-2369
6332
-1417
3188
12242051
-3470
-1149
-1642
5432
-1746
3299
12243076
-4508
-745
-1187
4591
-2699
2973
12244101
-4438
-324
-882
3365
-3666
2615
12245126
-3419
-19
-736
2170
-4896
2331
12246151
-1656
135
-648
1369
-5888
2211
12247176
397
199
-477
922
-5826
2206
12248201
1967
232
-143
927
-5079
2359
12249226
2687
281
310
1307
-4563
2367
12250251
2855
391
782
2088
-4382
2284
12251276
2771
585
1261
3059
-4313
2038
12252301
2553
782
1728
4430
-4660
1708
12253326
2577
980
2060
6546
-5297
1334
12254351
2978
1279
2296
8535
-5138
555
12255376
3102
1670
2652
8567
-4198
-253
12248193
2653
1838
3231
8587
-3775
-830
12249218
2317
1792
3782
9397
-3945
-1574
12250243
2397
1794
4103
9306
-3780
-2209
12251268
2472
1640
4338
8968
-3287
-2723
12252293
2559
1394
4533
8848
-2888
-2958
12253318
2691
1225
4603
8261
-2310
-2935
12254343
2628
1037
4640
7367
-1657
-2962
12255368
2386
805
4684
6472
-1227
-2953
12256393
2215
526
4635
5848
-922
-2881
12257418
2133
259
4482
5348
-633
-2785
12258443
1970
45
4241
4791
-366
-2575
12259468
1722
-192
3994
4074
-310
-2350
12260493
1555
-480
3733
3565
-261
-2078
12261518
1519
-731
3434
3249
34
-1685
12262543
1559
-911
3086
2897
359
-1245
12263568
1652
-1056
2664
2548
556
-826
12256385
1860
-1176
2191
2105
618
-316
12257410
2211
-1333
1653
2016
567
319
12258435
2601
-1491
1004
2733
659
828
12259460
2592
-1641
355
3456
1144
913
12260485
1813
-1955
-126
3045
1555
978
12261510
563
-2701
-797
3412
1055
1359
12262535
-445
-3449
-1690
4857
288
2087
12263560
-905
-3711
-2535
5625
-322
2657
12264585
-1277
-3759
-3116
6249
-1221
2870
12265610
-1739
-3777
-3329
7249
-2481
3047
12266635
-1507
-3419
-3274
7826
-3668
3342
12267660
-220
-2521
-2873
7422
-4840
3746
12268685
1035
-1602
-2221
5821
-4387
3584
12269710
1209
-1122
-1690
4573
-3712
3649
12270735
556
-1018
-1479
3529
-3507
3604
12271760
-275
-1031
-1328
2820
-3847
3373
12264576
-472
-991
-1093
2027
-4568
3152
12265601
523
-919
-948
1221
-5028
3024
12266626
2203
-842
-810
661
-4950
2743
12267651
3874
-794
-610
650
-4513
2446
12268676
5011
-732
-422
1142
-3804
2193
12269701
5394
-590
-269
1593
-3473
1913
12270726
5368
-391
-210
1926
-3796
1605
12271751
5464
-152
-281
2771
-4895
1304
12272776
5998
213
-381
4239
-6300
269
12273801
6656
677
-458
6765
-8032
-1397
12274826
7004
920
-590
10154
-8664
-3032
12275851
6505
1622
-437
10068
-7380
-3924
12276876
4883
2139
608
8274
-5591
-3793
12277901
2964
1989
1893
7833
-4828
-3327
12278926
2262
1887
2849
6470
-4805
-3256
12279951
2637
1689
3222
5249
-4253
-3666
12272768
2653
1299
3333
4748
-3503
-3765
12273793
2429
890
3475
4269
-2791
-3585
12274818
2564
598
3558
3614
-2027
-3299
12275843
2643
223
3554
3367
-1466
-3019
12276868
2437
-156
3444
3268
-1119
-2647
12277893
2134
-409
3250
2956
-870
-2256
12278918
1868
-594
3024
2508
-633
-1962
12279943
1664
-798
2764
2292
-369
-1591
12280968
1507
-980
2476
2455
-56
-1213
12281993
1413
-1042
2182
2566
294
-810
12283018
1391
-1019
1890
2350
777
-445
12284043
1441
-1044
1502
2210
1405
-149
12285068
1523
-1157
946
2755
1605
175
12286093
1569
-1362
220
4458
894
569
12287118
1662
-1547
-684
6313
-112
400
12288143
1747
-1655
-1631
6309
-179
65
12280960
1248
-2340
-2757
6841
485
641
12281985
114
-3133
-3369
8019
53
2067
12283010
-720
-3287
-3249
9083
-1637
3484
12284035
-922
-2750
-2694
8679
-2374
3771
12285060
-376
-2016
-1785
7680
-3886
2383
12286085
850
-1150
-884
6273
-4882
2009
12287110
1464
-540
-422
4173
-3258
2356
12288135
905
-529
-366
2629
-2324
2602
12289160
-288
-691
-405
1710
-2566
2325
12290185
-1184
-755
-318
1016
-3339
1923
12291210
-1019
-742
-147
247
-4231
1494
12292235
226
-706
-4
-214
-4617
1105
12293260
1791
-668
187
-54
-4331
876
12294285
2863
-607
482
274
-3351
818
12295310
3079
-522
773
400
-2760
1080
12296335
2736
-473
1110
881
-3777
1283
12289152
2851
-303
1410
2049
-5387
1026
12290177
3581
46
1684
3645
-6489
355
12291202
4202
395
1949
6231
-7420
-405
12292227
4361
760
2212
9701
-7765
-998
12293252
3925
1339
2309
10826
-7291
-1367
12294277
2956
1714
2639
10789
-6482
-1623
12295302
2006
1741
3196
10760
-5163
-2307
12296327
1519
1693
3713
8588
-3169
-2376
12297352
1374
1345
3989
6500
-1924
-2162
12298377
1573
873
3990
5296
-1552
-2105
12299402
1801
295
3767
4756
-941
-2288
12300427
2106
-196
3426
4411
37
-2254
12301452
2474
-311
3026
3472
990
-1932
12302477
2485
-312
2601
2211
1512
-1599
12303502
2026
-546
2138
1650
1427
-1434
12304527
1398
-779
1584
1762
1378
-1335
12297344
823
-803
1016
1685
1605
-1207
12298369
309
-797
461
1366
1598
-968
12299394
-41
-903
-95
1525
1188
-762
12300419
-77
-1014
-640
2101
829
-578
12301444
134
-1052
-1166
2430
782
-264
12302469
405
-1094
-1766
2839
816
155
12303494
499
-1311
-2467
4051
374
320
12304519
548
-1692
-3207
5726
-341
286
12305544
663
-2050
-4062
7336
-979
328
12306569
222
-2497
-4646
8889
-1614
1203
12307594
-1254
-2888
-4431
9068
-1558
2461
12308619
-2889
-2792
-3886
8637
-2350
2542
12309644
-3264
-2247
-3034
8192
-3913
2000
12310669
-2258
-1590
-2162
6756
-3855
1915
12311694
-1386
-1156
-1556
5167
-3517
1630
12312719
-1095
-944
-1359
4091
-3775
1384
12305536
-1108
-787
-1243
3265
-3511
1691
12306561
-1340
-646
-1094
2494
-3015
1931
12307586
-1712
-479
-846
1919
-2845
1850
12308611
-1831
-265
-548
1533
-3158
1642
12309636
-1509
-31
-267
1269
-3386
1470
12310661
-1051
148
27
1106
-3259
1370
12311686
-771
255
300
924
-2965
1394
12312711
-680
317
539
844
-2689
1501
12313736
-683
363
794
1209
-2615
1538
12314761
-702
486
1008
2161
-2643
1527
12315786
-763
792
1171
3411
-2791
1399
12316811
-945
1228
1259
5686
-3048
1259
12317836
-1317
1635
1294
9627
-2584
347
12318861
-2247
2096
1453
11467
-1505
-958
12319886
-3777
2206
2209
9515
-1381
-1221
12320911
-4476
1363
3157
9561
-1534
-518
12313728
-3278
677
3660
9871
-1107
555
12314753
-995
448
4014
8719
-540
891
12315778
976
478
4039
6951
48
671
12316803
2108
703
3866
5597
295
1
12317828
2622
1250
3593
3868
817
-528
12318853
2320
1627
2948
2481
1121
-533
12319878
1067
1728
2097
1533
1568
-405
12320903
-619
1745
1178
843
1987
-375
12321928
-2208
1807
278
614
2052
-573
12322953
-3234
1939
-544
900
1436
-912
12323978
-3485
2225
-1344
1411
537
-1184
12325003
-3133
2642
-2107
1793
-288
-1227
12326028
-2579
2938
-2831
2407
-525
-1098
12327053
-2290
3102
-3444
3277
-247
-1147
12328078
-2204
2987
-4002
4603
-345
-1407
12329103
-2309
2601
-4498
6968
-1493
-1457
12321919
-2987
2127
-4859
9885
-3109
-1401
12322944
-4228
1654
-4599
9990
-4173
-1444
12323969
-5299
1203
-3889
8553
-4896
-1054
12324994
-5022
983
-3172
7415
-5534
-118
12326019
-3800
997
-2737
5841
-5422
292
12327044
-2898
1006
-2458
4598
-4799
-135
12328069
-2715
1046
-2241
3744
-4214
-239
12329094
-3075
1141
-2039
3039
-4114
43
12330119
-3488
1248
-1804
2616
-4204
169
12331144
-3658
1422
-1511
2152
-4064
112
12332169
-3662
1565
-1158
1472
-3994
-142
12333194
-3532
1581
-831
777
-4080
-379
12334219
-3309
1450
-596
179
-4096
-388
12335244
-3043
1184
-397
-123
-3980
-189
12336269
-2735
884
-199
-164
-3804
-6
12337294
-2457
605
-10
-253
-3648
119
12330113
-2273
281
140
-417
-3714
495
12331138
-2103
-100
266
-162
-3995
1142
12332163
-1798
-381
419
530
-4359
1694
12333188
-1442
-545
670
1212
-4653
2208
12334213
-1089
-692
1000
1682
-4877
2773
12335238
-578
-858
1352
2553
-5620
3335
12336263
347
-893
1684
4076
-5992
3596
12337288
1447
-683
1949
5107
-5723
3436
12338313
2161
-555
2194
5964
-5460
3195
12339338
2563
-366
2209
6672
-5124
3072
12340363
2692
-109
2113
7317
-5122
2935
12341388
2787
46
2110
7768
-4704
2570
12342413
2876
359
1990
7092
-3416
2068
12343438
2443
629
1884
5837
-2212
1358
12344463
1729
761
1819
4334
-1409
713
12345488
1159
709
1704
3193
-751
337
12338304
835
575
1483
2446
-226
109
12339329
712
436
1199
1772
38
-282
12340354
612
245
838
1198
373
-672
12341379
397
35
320
931
907
-794
12342404
31
-85
-361
973
1368
-984
12343429
-512
-185
-1086
1355
1279
-1449
12344454
-1057
-391
-1754
2256
1057
-1987
12345479
-1401
-541
-2375
3061
1181
-1833
12346504
-1562
-626
-3022
3846
1156
-1218
12347529
-1584
-883
-3730
5862
656
-955
12348554
-1382
-1207
-4243
8241
9
-740
12349579
-906
-1423
-4700
9474
-326
-357
12350604
-492
-1629
-4894
10713
-990
731
12351629
-568
-1649
-4438
10908
-1877
2222
12352654
-1128
-1463
-3546
9498
-3233
2356
12353679
-1354
-1069
-2676
7950
-3979
2316
12346496
-1526
-532
-1942
5950
-3484
2659
12347521
-1883
-144
-1571
4161
-3850
2594
12348546
-1881
137
-1489
3053
-4413
2199
12349571
-1781
410
-1290
2402
-4462
1847
12350596
-1758
714
-925
1417
-4520
1715
12351621
-1722
883
-546
367
-4755
1524
12352646
-1473
843
-153
-136
-4835
1382
12353671
-1045
731
330
-262
-4557
1249
12354696
-494
630
884
-524
-4315
965
12355721
84
484
1389
-764
-3892
800
12356746
470
223
1786
-547
-3452
759
12357771
667
-66
2110
94
-3616
633
12358796
889
-364
2437
984
-4393
504
12359821
1371
-692
2717
2421
-5417
434
12360846
2189
-969
2831
4931
-7260
249
12361871
3318
-1176
2998
8914
-8585
73
12354688
4284
-1098
2984
11896
-7269
77
12355713
4503
-468
3118
11531
-6463
112
12356738
4525
91
3476
10681
-5546
-574
12357763
4053
479
3791
9399
-3460
-840
12358788
3265
665
3889
8059
-1925
-1000
12359813
2845
670
3738
7086
-1145
-1164
12360838
2697
622
3419
6156
-372
-1356
12361863
2470
661
3179
4295
432
-1794
12362888
2096
481
2932
2608
1129
-2073
12363913
1752
-5
2471
2282
1351
-2119
12364938
1587
-278
1877
2608
1714
-2333
12365963
1203
-223
1280
2300
2570
-2699
12366988
334
-349
673
1687
2519
-2716
12368013
-463
-748
54
1739
1452
-2531
12369038
-517
-1000
-555
2060
841
-2142
12370063
-164
-1088
-1133
2347
988
-1443
12363023
91
-1218
-1676
2906
1227
-843
12364048
87
-1391
-2173
3604
1157
-424
12365073
-6
-1624
-2668
4855
773
-88
12366098
-87
-1880
-3184
6850
387
193
12367123
-128
-2018
-3763
8975
102
474
12368148
-344
-2088
-4280
10844
-766
888
12369173
-1007
-2066
-4417
11477
-1942
1820
12370198
-1937
-1868
-4032
10486
-2734
2165
12371223
-2599
-1469
-3341
9190
-3030
2219
12372248
-3062
-947
-2597
7594
-2657
2441
12373273
-3304
-482
-2124
5736
-2866
2024
12374298
-2990
-108
-1917
4549
-3794
1614
12375323
-2638
166
-1821
3695
-3930
1449
12376348
-2548
350
-1736
2917
-3700
1458
12377373
-2681
463
-1531
2062
-3751
1348
12378398
-2730
510
-1285
1202
-4269
1230
12371071
-2347
476
-998
531
-4814
1112
12372096
-1542
375
-639
-28
-4933
1032
12373121
-739
157
-157
-366
-4638
1068
12374146
-129
-117
378
-396
-4384
1097
12375171
456
-346
854
-54
-4341
1083
12376196
982
-520
1246
726
-4643
974
12377221
1432
-657
1575
1893
-5105
943
12378246
1950
-675
1846
3839
-6017
981
12379271
2595
-550
2215
6567
-7018
780
12380296
3202
-317
2569
9580
-6128
487
12381321
3159
258
2847
10298
-4942
632
12382346
2597
718
3342
10279
-4727
535
12383371
2206
939
3747
10314
-4220
-80
12384396
2176
1047
3958
9809
-2943
-525
12385421
2042
1031
4292
8714
-1935
-873
12386446
1871
700
4416
7497
-1281
-1299
12379264
2377
341
4280
6833
-541
-1542
12380289
3011
195
4162
5643
19
-1523
12381314
3389
186
3851
4049
588
-1499
12382339
3198
108
3344
2573
1175
-1553
12383364
2415
-168
2712
1648
1619
-1464
12384389
1405
-428
2008
1233
1835
-1316
12385414
391
-570
1295
1127
1845
-1348
12386439
-398
-694
677
1213
1452
-1580
12387464
-700
-814
102
1603
1158
-1767
12388489
-406
-807
-510
2065
1010
-1619
12389514
102
-750
-1069
2557
909
-1143
12390539
473
-733
-1693
3449
959
-767
12391564
463
-874
-2446
4922
610
-574
12392589
255
-1266
-3187
6643
-38
-334
12393614
151
-1644
-4076
8158
-133
-119
12394639
-202
-2062
-4827
9285
-101
435
12387459
-850
-2328
-5151
9346
54
1518
12388484
-1419
-2277
-5153
9156
-575
1789
12389509
-1451
-1944
-4702
8669
-2416
1492
12390534
-1209
-1632
-3874
7099
-2201
1314
12391559
-1632
-1469
-2897
6163
-1792
1221
12392584
-2208
-1209
-2024
5825
-2941
1601
12393609
-2272
-844
-1498
5068
-3365
2102
12394634
-2403
-547
-1389
4056
-2983
2131
12395659
-2956
-348
-1243
3138
-3330
1642
12396684
-3365
-230
-916
2384
-4326
1122
12397709
-2951
-115
-547
1548
-5321
1154
12398734
-1831
-59
-186
953
-5686
1498
12399759
-647
-50
280
562
-5338
1564
12400784
90
-154
851
398
-4821
1558
12401809
474
-339
1396
797
-4496
1615
12402834
803
-406
1885
1540
-4358
1501
12395648
1145
-278
2365
2390
-4888
1447
12396673
1553
-147
2767
3741
-5113
1483
12397698
1893
52
3040
5480
-4872
1348
12398723
2014
311
3188
7182
-4857
1041
12399748
2073
494
3284
8899
-4945
472
12400773
2119
657
3375
9806
-4481
1
12401798
1966
689
3610
10400
-3578
-419
12402823
1847
598
3848
10541
-2471
-896
12403848
1984
541
3913
9368
-1306
-1213
12404873
2039
385
3835
7539
-320
-1425
12405898
2005
81
3606
5769
434
-1125
12406923
2236
-116
3196
4215
770
-739
12407948
2589
-24
2672
2719
1271
-900
12408973
2323
-33
2098
1840
1981
-1057
12409998
1355
-198
1482
1524
2004
-1211
12411023
338
-214
827
1423
1672
-1341
12403841
-469
-155
169
1500
1740
-1352
12404866
-1064
-123
-392
1549
1482
-1339
12405891
-1190
-119
-928
1971
662
-1130
12406916
-777
-84
-1466
2990
237
-585
12407941
-346
21
-1947
4127
55
-71
12408966
-480
28
-2342
6139
-1061
-202
12409991
-1065
74
-2442
9072
-3221
-302
12411016
-1898
300
-2462
10545
-4162
1077
12412041
-3273
398
-2249
9411
-4862
2045
12413066
-3945
545
-1794
7552
-6157
1770
12414091
-3199
880
-1468
5581
-6100
1540
12415116
-2675
997
-1205
3801
-5293
1545
12416141
-2835
1037
-936
2100
-4906
1931
12417166
-2948
1206
-558
305
-4837
2178
12418191
-2456
1268
-278
-1116
-5136
1698
12419216
-1054
1170
-319
-1071
-3878
1463
12412031
-317
1197
-429
-1837
-1607
1384
12413056
-1172
992
-197
-2971
-2387
1606
12414081
-1615
611
75
-2774
-3281
1644
12415106
-1024
531
333
-2549
-2911
1527
12416131
-493
411
665
-2594
-2809
1317
12417156
-244
93
1018
-2102
-3453
1447
12418181
28
-263
1326
-970
-4453
1817
12419206
521
-434
1575
546
-5613
2201
12420231
988
-646
2000
2446
-8420
1731
12421256
1902
-1008
2378
4495
-10059
1048
12422281
2852
-1376
2429
6605
-9982
584
12423306
3088
-1422
2177
7399
-9270
514
12424331
3309
-1302
1965
8064
-8190
-30
12425356
3514
-990
2040
7259
-5432
-275
12426381
2964
-877
2306
6032
-2813
-445
12427406
2380
-886
2402
5092
-1766
-664
12420224
2438
-774
2281
4120
-982
-515
12421249
2551
-615
2090
2996
-120
-416
12422274
2303
-493
1819
2040
403
-534
12423299
1749
-432
1386
1665
730
-737
12424324
976
-364
892
1788
845
-1021
12425349
192
-255
387
2088
608
-1351
12426374
-318
-87
-130
2215
383
-1481
12427399
-457
32
-612
2273
170
-1304
12428424
-336
85
-1077
2577
41
-874
12429449
-183
108
-1511
3155
-24
-436
12430474
-247
77
-1955
4059
-186
-216
12431499
-711
-92
-2327
5639
-1313
-206
12432524
-1428
-249
-2568
7355
-3321
229
12433549
-2000
-342
-2958
8257
-4310
1021
12434574
-2683
-454
-3167
8500
-4797
1774
12435599
-3119
-383
-2905
7603
-5949
2212
12428416
-2736
-203
-2543
5882
-5974
2137
12429441
-2500
-101
-2266
4319
-4932
2008
12430466
-3054
6
-2054
3033
-4413
2127
12431491
-3997
265
-1781
2167
-4472
2394
12432516
-4100
546
-1605
1585
-5620
1848
12433541
-2594
883
-1539
785
-5396
1294
12434566
-1194
997
-1356
223
-4169
983
12435591
-877
916
-938
-75
-3823
1115
12436616
-1023
820
-521
-513
-3769
1324
12437641
-1188
744
-168
-968
-3536
1567
12438666
-1195
684
211
-1407
-3643
1465
12439691
-828
584
589
-1696
-3754
1267
12440716
-236
398
919
-1543
-3793
1328
12441741
188
131
1259
-890
-4189
1501
12442766
457
-135
1563
52
-5334
1896
12443791
967
-220
1817
1810
-7584
1904
12436607
1587
-238
2171
4684
-8247
1247
12437632
1693
-206
2205
7085
-8104
570
12438657
1385
-82
2244
6801
-8505
191
12439682
1639
-111
2478
7441
-7389
148
12440707
1701
-110
2546
7932
-5362
-107
12441732
1329
-274
2607
7067
-3781
-563
12442757
1489
-868
2617
6444
-2544
-477
12443782
2671
-1305
2448
5765
-983
108
12444807
4089
-1180
2271
4483
874
173
12445832
4288
-838
2075
3089
2159
62
12446857
3209
-719
1666
2042
1754
-355
12447882
1836
-650
1120
1608
1298
-832
12448907
409
-586
453
2131
1866
-1066
12449932
-1035
-384
-67
2478
1817
-1252
12450957
-1813
-50
-613
2371
823
-1236
12451982
-1631
156
-1200
2837
-174
-810
12444800
-988
310
-1601
3856
-1204
-109
12445825
-437
568
-1779
4618
-1732
502
12446850
-457
760
-2050
5392
-1254
878
12447875
-1458
755
-2019
6967
-2798
1639
12448900
-2657
748
-2026
8033
-5021
1843
12449925
-3097
814
-2303
7034
-5794
1643
12450950
-3236
744
-2257
6044
-6459
1790
12451975
-3001
727
-2062
5308
-6758
2080
12453000
-2185
889
-1814
4035
-6375
2210
12454025
-1389
1147
-1441
2602
-5520
2500
12455050
-1132
1343
-1124
1275
-4593
2653
12456075
-1363
1435
-954
216
-3827
2446
12457100
-1634
1409
-861
-741
-3407
1909
12458125
-1686
1288
-821
-1533
-3220
1447
12459150
-1495
1067
-699
-2256
-3719
1188
12460175
-830
802
-475
-2772
-4198
1079
12452991
-27
421
-131
-2651
-3755
1076
12454016
385
0
287
-2152
-3036
1194
12455041
503
-381
718
-1707
-3035
1202
12456066
755
-701
1098
-1299
-3361
1034
12457091
1101
-995
1384
-868
-4250
698
12458116
1422
-1394
1594
219
-6690
393
12459141
2033
-1803
1732
2327
-8508
47
12460166
2943
-1969
1643
4588
-8374
-529
12461191
2824
-1978
1873
5585
-8792
-581
12462216
2425
-2126
2116
5753
-8497
-364
12463241
2649
-2245
2351
6078
-7518
-153
12464266
3304
-2096
2568
5789
-5866
-119
12465291
3679
-1790
2679
4812
-3511
-82
12466316
3375
-1454
2698
3692
-1730
-16
12467341
2789
-1158
2643
2760
-1003
103
12468366
2317
-960
2453
2167
-656
94
12461184
1919
-735
2112
1830
-234
-75
12462209
1308
-522
1680
1622
26
-417
12463234
581
-417
1192
1643
-23
-704
12464259
-38
-370
663
1829
-156
-768
12465284
-453
-353
167
2130
-288
-729
12466309
-663
-375
-343
2457
-210
-737
12467334
-817
-448
-887
2542
-169
-691
12468359
-1013
-651
-1486
2733
-568
-432
12469384
-1103
-907
-2072
3575
-1530
40
12470409
-1159
-1016
-2444
4939
-2834
451
12471434
-1557
-990
-2467
6301
-3795
376
12472459
-2086
-883
-2304
7213
-4057
144
12473484
-2479
-685
-1935
7307
-4768
746
12474509
-2205
-330
-1578
6512
-5242
1482
12475534
-1321
108
-1388
5452
-4634
1326
12476559
-1093
418
-1323
4801
-3997
1042
12469376
-1545
610
-1280
4493
-4031
1246
12470401
-2032
867
-1208
4144
-3742
1517
12471426
-2685
1229
-1000
3325
-3529
1751
12472451
-3173
1545
-714
2357
-4111
1658
12473476
-2796
1824
-509
1497
-4338
1188
12474501
-1963
1964
-386
742
-4020
834
12475526
-1346
1907
-437
454
-3034
904
12476551
-1033
1778
-471
119
-2569
817
12477576
-1193
1521
-375
-92
-2049
726
12478601
-1566
1215
-235
106
-2594
734
12479626
-1484
996
-59
78
-3319
724
12480651
-987
836
12
-152
-3281
813
12481676
-685
604
95
-171
-3198
986
12482701
-702
316
238
102
-3530
1072
12483726
-698
36
429
534
-4203
1087
12484751
-383
-249
642
1086
-5167
1039
12477568
254
-609
828
1981
-6312
1149
12478593
1027
-923
866
2850
-6419
1344
12479618
1378
-1169
904
4031
-6407
1244
12480643
1531
-1363
1110
4493
-6404
895
12481668
2049
-1483
1296
4463
-6217
606
12482693
2764
-1609
1454
4504
-5877
295
12483718
3389
-1764
1557
4717
-5370
-4
12484743
4078
-1721
1560
4165
-4476
47
12485768
4316
-1718
1549
3680
-3438
247
12486793
4133
-1683
1546
3313
-2911
440
12487818
3987
-1572
1538
2959
-2689
492
12488843
4012
-1401
1501
2629
-2430
418
12489868
4052
-1195
1423
2282
-2149
325
12490893
3963
-1007
1301
2048
-1833
263
12491918
3645
-867
1141
1950
-1523
249
12492943
3162
-733
939
1813
-1263
281
12485760
2633
-586
731
1640
-1084
400
12486785
2098
-448
548
1675
-1032
477
12487810
1576
-308
410
1797
-1183
447
12488835
1139
-185
303
1934
-1259
440
12489860
699
-132
265
2195
-1280
470
12490885
171
-146
265
2281
-1357
596
12491910
-278
-251
235
2343
-2093
926
12492935
-438
-439
125
2922
-3088
1213
12493960
-529
-652
-60
3763
-3484
1441
12494985
-879
-891
-199
4010
-3404
1761
12496010
-1562
-1218
-195
3824
-4054
2012
12497035
-1693
-1564
2
3605
-4749
2014
12498060
-908
-1793
153
3003
-4710
2251
12499085
171
-2023
244
2561
-4237
2345
12500110
1128
-2168
279
2321
-3678
2203
12501135
1661
-2233
306
2001
-3242
2084
12493952
1754
-2293
370
1875
-3022
1968
12494977
1684
-2288
467
1788
-2776
1803
12496002
1566
-2248
546
1623
-2725
1565
12497027
1565
-2226
564
1627
-2907
1328
12498052
1801
-2196
537
1782
-3012
1057
12499077
2132
-2144
515
1889
-3003
817
12500102
2340
-2120
492
2069
-2909
644
12501127
2358
-2121
485
2320
-3086
432
12502152
2383
-2103
473
2594
-3400
288
12503177
2435
-2075
518
2950
-3488
217
12504202
2403
-2034
627
3200
-3428
144
12505227
2408
-1957
755
3305
-3450
77
12506252
2469
-1867
887
3448
-3294
33
12507277
2424
-1768
1014
3426
-2994
15
12508302
2235
-1684
1129
3305
-2735
-12
12509327
2011
-1630
1230
3339
-2652
-70
12502188
1888
-1574
1267
3409
-2751
-124
12503213
1908
-1514
1225
3460
-2782
-103
12504238
1899
-1488
1140
3740
-2797
-102
12505263
1788
-1444
1033
4031
-2892
-97
12506288
1650
-1377
919
4138
-2925
-76
12507313
1506
-1298
867
4118
-2894
-13
12508338
1444
-1190
887
4010
-2745
96
12509363
1464
-1050
943
3772
-2515
194
12510388
1440
-922
987
3474
-2256
310
12511413
1354
-816
980
3278
-2092
410
12512438
1269
-714
933
3105
-2037
473
12513463
1182
-617
862
2924
-1969
554
12514488
1022
-553
783
2806
-2004
649
12515513
872
-500
682
2761
-2186
706
12516538
789
-447
568
2775
-2337
737
12517563
703
-405
463
2793
-2457
773
12510336
590
-378
372
2824
-2665
851
12511361
472
-377
301
2824
-2761
955
12512386
342
-391
267
2717
-2813
1066
12513411
222
-435
252
2750
-3014
1092
12514436
217
-480
207
2871
-3234
1070
12515461
274
-529
130
2878
-3298
1120
12516486
270
-614
85
2896
-3298
1257
12517511
283
-694
127
3000
-3370
1408
12518536
474
-710
212
2992
-3359
1440
12519561
752
-684
308
2953
-3213
1474
12520586
965
-631
382
2988
-2949
1554
12521611
1062
-526
433
3012
-2698
1559
12522636
1049
-379
466
3009
-2527
1585
12523661
954
-214
460
3029
-2335
1559
12524686
767
-47
424
3112
-2274
1487
12525711
504
96
376
3183
-2243
1370
12518528
211
199
309
3075
-2154
1272
12519553
-50
246
241
2891
-2140
1258
12520578
-160
242
172
2776
-2245
1256
12521603
-106
213
95
2722
-2338
1254
12522628
-4
167
3
2764
-2381
1265
12523653
55
132
-89
2786
-2452
1218
12524678
32
104
-172
2763
-2503
1244
12525703
-59
67
-230
2785
-2594
1303
12526728
-128
46
-259
2804
-2768
1337
12527753
-114
43
-272
2781
-2847
1355
12528778
-86
45
-262
2699
-2833
1368
12529803
-64
55
-234
2602
-2829
1388
12530828
-43
70
-199
2530
-2822
1396
12531853
-42
90
-184
2487
-2766
1390
12532878
-89
109
-188
2485
-2771
1371
12533903
-153
119
-197
2521
-2869
1360
12526720
-172
121
-200
2574
-2923
1378
12527745
-163
127
-172
2649
-2955
1423
12528770
-152
128
-113
2706
-2959
1453
12529795
-139
131
-52
2652
-2921
1450
12530820
-128
124
-12
2574
-2875
1446
12531845
-106
115
6
2576
-2873
1444
12532870
-69
111
2
2602
-2788
1445
12533895
-83
110
-1
2607
-2728
1445
12534920
-129
98
7
2635
-2764
1424
12535945
-118
86
14
2640
-2784
1394
12536970
-70
66
15
2646
-2800
1389
12537995
-21
40
11
2649
-2790
1380
12539020
5
18
14
2706
-2803
1398
12540045
13
2
25
2797
-2811
1406
12541070
9
1
38
2810
-2782
1406
12542095
11
10
55
2782
-2764
1396
12534912
24
27
65
2728
-2671
1375
12535937
-2
41
63
2689
-2602
1365
12536962
-63
48
45
2731
-2630
1346
12537987
-91
55
24
2747
-2651
1329
12539012
-100
52
7
2753
-2631
1331
12540037
-103
43
4
2756
-2641
1335
12541062
-87
32
3
2777
-2654
1361
12542087
-72
26
-9
2800
-2604
1377
12543112
-93
25
-21
2812
-2618
1388
12544137
-120
20
-48
2843
-2674
1379
12545162
-132
24
-84
2833
-2652
1389
12546187
-162
32
-95
2723
-2575
1392
12547212
-205
38
-74
2653
-2625
1400
12548237
-180
44
-65
2661
-2659
1385
12549262
-129
46
-94
2681
-2637
1401
12550287
-149
32
-137
2738
-2654
1411
12543104
-187
24
-163
2772
-2738
1410
12544129
-184
20
-168
2789
-2815
1441
12545154
-146
13
-161
2809
-2872
1451
12546179
-105
9
-153
2819
-2867
1461
12547204
-102
11
-134
2795
-2830
1468
12548229
-106
24
-113
2704
-2813
1460
12549254
-87
31
-101
2615
-2805
1442
12550279
-63
29
-111
2605
-2786
1450
12551304
-65
26
-121
2662
-2818
1447
12552329
-73
31
-122
2719
-2888
1446
12553354
-67
45
-106
2795
-2919
1448
12554379
-52
65
-71
2824
-2930
1447
12555404
-24
84
-35
2805
-2886
1425
12556429
3
102
-7
2759
-2825
1418
12557454
9
107
0
2687
-2773
1419
12558479
14
95
-22
2694
-2768
1401
12551295
37
79
-73
2798
-2860
1383
12552320
96
60
-148
2886
-2961
1413
12553345
186
49
-208
2932
-2965
1510
12554370
269
62
-193
2933
-2944
1537
12555395
333
108
-125
2879
-2808
1523
12556420
344
187
-58
2761
-2550
1494
12557445
250
282
-12
2646
-2328
1445
12558470
85
372
9
2592
-2244
1323
12559495
-75
441
-3
2553
-2142
1224
12560520
-247
469
-39
2576
-2070
1194
12561545
-424
450
-82
2666
-2156
1135
12562570
-519
397
-134
2726
-2317
1092
12563595
-520
308
-176
2802
-2488
1149
12564620
-460
197
-218
2845
-2507
1208
12565645
-394
85
-219
2869
-2683
1274
12566670
-276
-25
-217
2950
-2747
1359
12559488
-170
-97
-205
2944
-2699
1438
12560513
-128
-139
-180
2938
-2734
1501
12561538
-90
-148
-158
2957
-2760
1587
12562563
-64
-124
-148
2910
-2643
1659
12563588
-90
-86
-136
2827
-2651
1688
12564613
-103
-46
-139
2777
-2638
1680
12565638
-116
-7
-149
2764
-2560
1681
12566663
-161
29
-150
2794
-2602
1677
12567688
-172
61
-150
2807
-2634
1652
12568713
-145
86
-142
2832
-2716
1627
12569738
-88
99
-131
2852
-2749
1627
12570763
-29
114
-108
2860
-2688
1652
12571788
-13
135
-63
2885
-2678
1621
12572813
-10
171
-17
2884
-2652
1590
12573838
-26
209
19
2857
-2572
1563
12574863
-57
243
57
2844
-2569
1523
12567690
-63
268
86
2821
-2520
1489
12568715
-71
281
104
2801
-2445
1478
12569740
-95
283
113
2800
-2424
1452
12570765
-113
278
106
2788
-2425
1426
12571790
-131
261
85
2791
-2424
1426
12572815
-144
233
66
2831
-2450
1421
12573840
-138
209
53
2869
-2482
1445
12574865
-126
188
46
2874
-2459
1480
12575890
-139
171
41
2812
-2435
1481
12576915
-162
144
30
2786
-2505
1494
12577940
-138
111
-5
2792
-2505
1543
12578965
-116
77
-45
2799
-2469
1584
12579990
-108
49
-62
2755
-2534
1570
12581015
-58
25
-79
2681
-2548
1584
12582040
-10
-7
-101
2668
-2544
1620
12583065
15
-28
-127
2697
-2572
1628
12575985
25
-29
-140
2763
-2603
1614
12577010
11
-14
-131
2777
-2639
1597
12578035
-9
0
-106
2802
-2647
1583
12579060
-14
12
-81
2818
-2629
1521
12580085
-17
23
-63
2818
-2675
1501
12581110
-11
26
-54
2837
-2691
1499
12582135
-12
33
-45
2844
-2648
1514
12583160
-39
45
-24
2800
-2642
1520
12584185
-55
50
5
2772
-2659
1545
12585210
-35
60
25
2728
-2605
1566
12586235
-23
74
29
2714
-2510
1533
12587260
-51
87
21
2692
-2482
1495
12588285
-93
94
9
2683
-2483
1481
12589310
-112
90
1
2716
-2470
1456
12590335
-110
78
-7
2712
-2478
1421
12591360
-93
50
-35
2684
-2436
1394
12584064
-75
6
-85
2673
-2403
1384
12585089
-55
-47
-146
2670
-2403
1371
12586114
-18
-102
-217
2658
-2372
1352
12587139
41
-155
-292
2614
-2303
1352
12588164
88
-209
-369
2593
-2218
1362
12589189
126
-251
-455
2616
-2117
1377
12590214
150
-266
-544
2718
-2118
1409
12591239
137
-277
-620
2850
-2162
1420
12592264
117
-287
-688
2882
-2141
1420
12593289
89
-305
-737
2881
-2091
1404
12594314
63
-332
-769
2918
-2125
1410
12595339
78
-356
-805
3091
-2144
1456
12596364
85
-368
-841
3300
-2036
1420
12597389
41
-365
-864
3325
-1962
1352
12598414
2
-392
-880
3361
-1977
1295
12599439
49
-419
-894
3501
-1981
1284
12592257
150
-435
-891
3604
-1912
1271
12593282
250
-442
-866
3602
-1851
1257
12594307
318
-465
-814
3591
-1787
1263
12595332
373
-478
-732
3618
-1759
1272
12596357
427
-482
-676
3678
-1685
1278
12597382
464
-468
-633
3728
-1575
1297
12598407
424
-441
-572
3803
-1504
1295
12599432
336
-404
-505
3813
-1441
1271
12600457
231
-375
-433
3831
-1452
1273
12601482
158
-352
-369
3843
-1454
1275
12602507
134
-328
-322
3825
-1446
1280
12603532
141
-316
-297
3835
-1434
1273
12604557
167
-312
-295
3877
-1441
1272
12605582
223
-302
-311
3882
-1460
1303
12606607
309
-281
-336
3832
-1442
1333
12607632
386
-254
-349
3763
-1424
1359
12600449
458
-211
-343
3720
-1416
1377
12601474
519
-150
-322
3710
-1349
1395
12602499
516
-71
-286
3720
-1242
1392
12603524
418
23
-238
3709
-1152
1352
12604549
226
102
-178
3682
-1109
1276
12605574
2
152
-120
3704
-1152
1206
12606599
-139
191
-68
3730
-1220
1150
12607624
-173
226
-17
3689
-1176
1077
12608649
-198
245
50
3621
-1098
1017
12609674
-256
239
126
3600
-1078
954
12610699
-300
209
184
3613
-1100
887
12611724
-296
163
199
3665
-1101
845
12612749
-262
110
183
3705
-1140
838
12613774
-178
53
144
3715
-1162
873
12614799
-65
-2
102
3723
-1100
919
12615824
16
-52
81
3680
-1031
962
12608640
58
-103
73
3669
-1015
1022
12609665
99
-143
68
3713
-1018
1068
12610690
154
-143
60
3723
-983
1125
12611715
177
-121
55
3715
-902
1162
12612740
125
-102
59
3737
-849
1177
12613765
30
-79
65
3698
-830
1168
12614790
-64
-69
59
3660
-858
1153
12615815
-124
-73
35
3685
-916
1144
12616840
-116
-84
-6
3719
-981
1137
12617865
-46
-107
-58
3723
-1028
1117
12618890
63
-143
-118
3692
-1055
1115
12619915
188
-191
-182
3707
-1110
1165
12620940
334
-234
-254
3759
-1139
1200
12621965
473
-254
-315
3749
-1122
1226
12622990
566
-254
-351
3725
-1091
1273
12624015
600
-239
-364
3753
-1047
1290
12616831
587
-210
-357
3792
-1053
1283
12617856
572
-165
-340
3772
-1074
1277
12618881
557
-121
-312
3834
-1050
1257
12619906
518
-76
-278
3957
-1049
1193
12620931
485
-11
-239
3894
-1056
1170
12621956
449
37
-195
3832
-1017
1162
12622981
394
82
-121
3817
-987
1114
12624006
333
123
-37
3790
-982
1050
12625031
279
158
41
3735
-989
1005
12626056
228
178
95
3788
-974
958
12627081
177
194
127
3820
-937
881
12628106
111
198
146
3782
-934
820
12629131
55
179
154
3787
-963
810
12630156
55
160
166
3795
-966
799
12631181
89
144
184
3803
-943
788
12632206
117
124
211
3805
-935
814
12625024
146
106
246
3842
-889
838
12626049
143
106
285
3823
-805
821
12627074
75
99
330
3794
-769
805
12628099
-9
76
363
3800
-778
841
12629124
-53
50
368
3791
-779
859
12630149
-53
23
345
3737
-821
900
12631174
3
-8
297
3672
-856
947
12632199
92
-33
237
3584
-844
1000
12633224
144
-49
177
3509
-778
1036
12634249
124
-65
118
3541
-728
1080
12635274
51
-67
63
3598
-730
1101
12636299
-39
-62
12
3636
-751
1111
12637324
-128
-63
-31
3672
-783
1119
12638349
-175
-71
-64
3736
-851
1152
12639374
-158
-78
-88
3798
-876
1163
12640399
-119
-77
-102
3775
-854
1178
12633216
-106
-97
-107
3847
-875
1195
12634241
-80
-99
-116
3879
-890
1216
12635266
-50
-90
-133
3822
-852
1244
12636291
-55
-84
-140
3775
-861
1257
12637316
-56
-72
-143
3749
-874
1269
12638341
-61
-54
-145
3743
-854
1265
12639366
-100
-35
-153
3736
-846
1253
12640391
-154
-17
-170
3746
-863
1221
12641416
-206
-1
-182
3757
-871
1185
12642441
-251
1
-188
3796
-905
1150
12643466
-258
2
-192
3808
-947
1134
12644491
-221
3
-198
3794
-948
1118
12645516
-189
3
-191
3752
-932
1058
12646541
-181
0
-170
3734
-920
1026
12647566
-194
-4
-145
3737
-881
1028
12648591
-224
-12
-129
3767
-892
1018
12641408
-239
-22
-132
3776
-920
983
12642433
-228
-34
-139
3720
-933
976
12643458
-202
-59
-143
3726
-952
983
12644483
-150
-80
-147
3722
-981
1013
12645508
-80
-98
-153
3713
-983
1028
12646533
-21
-111
-148
3709
-963
1055
12647558
13
-116
-132
3729
-951
1108
12648583
37
-111
-121
3806
-961
1159
12649608
56
-84
-119
3807
-951
1182
12650633
47
-43
-108
3746
-883
1189
12651658
-19
-19
-74
3798
-874
1173
12652683
-84
12
-33
3810
-932
1170
12653708
-89
47
4
3698
-930
1153
12654733
-83
51
42
3760
-928
1119
12655758
-64
57
79
3871
-949
1097
12656783
-42
79
100
3778
-853
1082
12649600
-81
74
131
3716
-838
1046
12650625
-104
58
166
3745
-905
1012
12651650
-59
45
183
3792
-884
998
12652675
-13
35
184
3775
-856
998
12653700
26
19
178
3701
-854
988
12654725
67
-4
172
3708
-836
988
12655750
88
-20
166
3721
-833
1000
12656775
105
-26
152
3702
-833
1017
12657800
124
-33
131
3711
-815
1039
12658825
123
-34
114
3751
-814
1054
12659850
111
-36
96
3804
-843
1054
12660875
119
-35
78
3848
-875
1078
12661900
155
-34
57
3865
-881
1128
12662925
186
-32
43
3865
-858
1153
12663950
186
-25
45
3845
-849
1165
12664975
168
-15
58
3832
-852
1173
12657793
154
4
73
3831
-863
1191
12658818
152
31
80
3804
-865
1204
12659843
138
59
75
3804
-823
1183
12660868
69
83
83
3836
-773
1128
12661893
-23
96
103
3846
-798
1073
12662918
-62
96
107
3791
-852
1041
12663943
-17
74
77
3718
-884
1022
12664968
79
43
25
3697
-901
993
12665993
174
18
-25
3671
-887
996
12667018
216
0
-60
3662
-808
1006
12668043
168
-18
-78
3777
-820
1013
12669068
123
-11
-99
3824
-881
1039
12670093
110
-4
-121
3865
-873
1071
12671118
90
6
-111
3900
-864
1048
12672143
58
18
-71
3881
-851
1036
12673168
22
18
-16
3841
-829
1044
12665983
21
5
26
3815
-889
1045
12667008
110
-7
24
3814
-910
1023
12668033
205
-6
-11
3757
-814
985
12669058
185
-4
-45
3639
-728
988
12670083
76
-18
-65
3599
-712
997
12671108
-26
-33
-72
3610
-790
963
12672133
-44
-49
-78
3620
-890
942
12673158
20
-67
-87
3637
-911
985
12674183
91
-80
-84
3710
-848
1047
12675208
88
-79
-60
3854
-804
1072
12676233
22
-49
-31
3976
-781
1078
12677258
-92
3
6
3953
-678
1070
12678283
-253
33
47
3984
-696
1053
12679308
-343
50
61
4025
-801
1028
12680333
-317
67
37
3864
-782
996
12681358
-271
44
-2
3751
-811
1004
12674177
-183
4
-45
3720
-858
1002
12675202
-56
-33
-89
3652
-819
1034
12676227
33
-84
-136
3725
-846
1118
12677252
139
-102
-187
3728
-862
1156
12678277
216
-102
-224
3662
-802
1181
12679302
195
-96
-229
3677
-797
1184
12680327
126
-74
-205
3649
-768
1165
12681352
41
-65
-176
3695
-846
1173
12682377
35
-52
-168
3728
-941
1187
12683402
105
-31
-171
3771
-932
1165
12684427
128
3
-156
3828
-870
1137
12685452
52
53
-112
3875
-810
1125
12686477
-97
103
-50
3915
-764
1103
12687502
-271
147
27
3931
-780
1046
12688527
-395
179
113
3908
-805
970
12689552
-452
191
196
3890
-812
919
12682368
-451
180
250
3846
-824
899
12683393
-403
155
267
3798
-813
880
12684418
-332
119
261
3737
-799
880
12685443
-256
74
236
3706
-763
885
12686468
-196
30
205
3717
-749
913
12687493
-145
-2
174
3722
-740
955
12688518
-107
-24
143
3712
-701
978
12689543
-98
-38
114
3715
-667
1012
12690568
-126
-50
86
3740
-650
1043
12691593
-166
-58
54
3763
-665
1064
12692618
-182
-64
16
3768
-690
1085
12693643
-167
-68
-25
3785
-706
1099
12694668
-142
-73
-64
3774
-709
1120
12695693
-120
-76
-102
3761
-720
1153
12696718
-104
-73
-134
3756
-730
1162
12697743
-101
-68
-166
3771
-739
1171
12690560
-109
-52
-195
3763
-752
1173
12691585
-137
-27
-222
3721
-735
1165
12692610
-190
-18
-242
3762
-780
1138
12693635
-215
-4
-258
3771
-842
1112
12694660
-200
4
-276
3762
-830
1099
12695685
-196
6
-279
3789
-829
1073
12696710
-200
7
-271
3801
-844
1047
12697735
-204
-2
-251
3826
-844
1028
12698760
-206
-15
-224
3867
-877
1016
12699785
-175
-28
-201
3846
-924
1042
12700810
-109
-34
-179
3771
-928
1032
12701835
-53
-31
-147
3706
-897
1024
12702860
-47
-19
-97
3680
-840
1022
12703885
-112
-2
-36
3702
-776
1009
12704910
-224
16
22
3736
-756
980
12705935
-322
30
65
3734
-788
928
12698752
-364
26
87
3755
-805
907
12699777
-360
7
105
3793
-810
875
12700802
-316
-25
121
3813
-828
861
12701827
-236
-61
126
3810
-818
872
12702852
-139
-101
124
3784
-801
893
12703877
-41
-139
119
3810
-782
935
12704902
36
-163
108
3827
-737
955
12705927
77
-175
91
3828
-715
962
12706952
104
-184
66
3842
-738
995
12707977
164
-181
26
3881
-745
1075
12709002
228
-158
-26
3899
-685
1118
12710027
213
-117
-73
3895
-652
1139
12711052
122
-60
-91
3862
-620
1161
12712077
-13
2
-71
3854
-603
1160
12713102
-149
64
-39
3859
-659
1084
12714127
