Device = VHR-0009
time_stamp = 1777363505167
sample_rate = 50
Data format = INT16
TYPE = 6-AXIS IMU RAW DATA
-137
-55
-89
3507
1250
1069
369793
-124
-62
-31
3539
1265
1069
370818
-133
-66
32
3548
1263
1073
371843
-140
-69
86
3556
1262
1066
372868
-122
-62
112
3559
1270
1044
373893
-60
-46
112
3529
1296
1044
374918
7
-43
116
3515
1352
1050
375943
17
-43
143
3523
1391
1048
376968
-16
-40
179
3501
1383
1036
377993
-34
-38
210
3485
1366
1021
379018
-11
-34
226
3502
1365
1013
380043
39
-31
224
3493
1398
1014
381068
64
-34
222
3501
1435
1003
382093
49
-39
231
3508
1447
1004
383118
11
-42
246
3520
1422
995
384143
-8
-43
258
3527
1377
989
385168
14
-42
264
3532
1349
992
377985
57
-39
262
3557
1351
996
379010
83
-36
261
3572
1351
997
380035
79
-32
263
3585
1333
1003
381060
65
-26
266
3606
1298
1005
382085
58
-21
267
3612
1261
989
383110
59
-20
267
3619
1247
1004
384135
58
-18
269
3651
1215
1012
385160
52
-16
276
3646
1191
1011
386185
30
-20
284
3649
1163
1004
387210
9
-27
292
3657
1145
1014
388235
-15
-34
301
3663
1119
1018
389260
-35
-38
311
3680
1083
1026
390285
-42
-42
319
3684
1062
1033
391310
-44
-41
330
3690
1041
1043
392335
-43
-37
341
3701
1018
1040
393360
52
-16
276
3646
1191
1011
386185
30
-20
284
3649
1163
1004
387210
9
-27
292
3657
1145
1014
388235
-15
-34
301
3663
1119
1018
389260
-35
-38
311
3680
1083
1026
390285
-42
-42
319
3684
1062
1033
391310
-44
-41
330
3690
1041
1043
392335
-43
-37
341
3701
1018
1040
393360
-32
-33
343
3705
994
1016
386176
-6
-30
339
3708
979
1011
387201
16
-30
327
3710
979
1022
388226
21
-33
314
3714
989
1014
389251
6
-36
301
3723
999
1000
390276
-23
-38
290
3724
996
1003
391301
-54
-40
276
3730
978
1006
392326
-73
-41
256
3743
957
999
393351
-75
-36
233
3747
934
1002
394376
-59
-31
204
3748
919
1003
395401
-41
-25
173
3749
924
995
396426
-34
-22
143
3741
921
992
397451
-33
-19
110
3743
927
998
398476
-41
-17
77
3748
932
998
399501
-59
-17
50
3750
925
991
400526
-78
-15
24
3746
903
994
401551
-88
-12
-3
3744
873
997
394368
-86
-10
-29
3733
861
989
395393
-81
-8
-50
3728
847
991
396418
-77
-8
-66
3731
841
992
397443
-83
-9
-79
3750
841
993
398468
-97
-9
-88
3750
821
991
399493
-107
-8
-93
3744
809
993
400518
-112
-9
-99
3756
796
1002
401543
-115
-8
-104
3759
784
998
402568
-113
-7
-109
3765
774
1002
403593
-111
-5
-112
3765
766
989
404618
-109
-1
-109
3757
739
994
405643
-100
-1
-102
3747
732
986
406668
-86
-7
-92
3754
739
996
407693
-82
-8
-77
3739
733
1014
408718
-87
-11
-61
3727
732
994
409743
-89
-12
-41
3728
742
994
402560
-89
-11
-16
3740
735
1010
403585
-85
-8
7
3735
724
1001
404610
-65
-6
24
3733
730
994
405635
-41
-7
34
3750
740
972
406660
-21
-6
37
3764
762
982
407685
-17
-6
36
3766
779
988
408710
-24
-4
35
3763
782
983
409735
-23
-2
33
3746
771
982
410760
-9
-1
28
3733
767
982
411785
11
-1
23
3737
775
972
412810
24
0
22
3740
789
977
413835
22
-1
25
3734
796
980
414860
19
-4
30
3729
804
979
415885
17
-6
34
3727
806
982
416910
17
-8
34
3721
813
981
417935
17
-11
30
3728
815
981
410752
11
-13
26
3749
814
988
411777
10
-10
24
3756
810
985
412802
23
-6
19
3742
802
986
413827
36
-9
8
3733
812
994
414852
36
-10
2
3736
819
999
415877
25
-11
-3
3732
815
998
416902
17
-11
-4
3734
809
995
417927
18
-11
1
3730
802
1002
418952
24
-12
6
3727
799
999
419977
29
-14
8
3739
808
992
421002
26
-15
12
3732
816
985
422027
18
-19
15
3734
833
998
423052
3
-23
18
3749
827
997
424077
-10
-22
20
3747
817
992
425102
-4
-19
21
3734
811
991
426127
13
-19
16
3744
808
983
418944
26
-17
10
3745
818
989
419969
24
-17
5
3747
832
984
420994
10
-17
5
3741
838
989
422019
-10
-15
11
3727
837
997
423044
-16
-16
18
3729
819
995
424069
-3
-16
17
3730
819
973
425094
13
-16
14
3735
835
969
426119
14
-18
14
3744
847
977
427144
-4
-19
15
3745
847
965
428169
-20
-22
12
3757
836
964
429194
-16
-19
2
3760
821
967
430219
3
-14
-14
3749
820
961
431244
18
-10
-31
3751
821
964
432269
17
-9
-40
3755
818
967
433294
10
-8
-40
3756
804
961
434319
5
-9
-33
3768
791
958
427137
8
-9
-28
3764
781
954
428162
11
-8
-31
3804
771
931
429187
14
3
-51
3826
733
894
430212
45
13
-83
4003
673
838
431237
116
54
-122
4085
653
751
432262
176
89
-154
4130
655
718
433287
210
120
-196
4166
627
647
434312
254
157
-253
4153
546
515
435337
379
193
-299
4142
232
367
436362
690
235
-308
3966
-183
327
437387
1139
248
-264
3620
-448
440
438412
1560
226
-155
3549
-391
455
439437
1905
220
29
3722
-159
366
440462
2049
246
282
3843
-51
366
441487
1953
276
556
3930
-93
403
442512
1792
317
753
3971
67
459
435328
1577
361
863
4004
131
520
436353
1483
419
958
4100
-203
511
437378
1612
495
1026
4152
-161
458
438403
1813
532
1105
4062
-492
265
439428
2193
551
1147
3968
-382
175
440453
2519
568
1122
3996
-66
122
441478
2727
593
1100
3961
43
45
442503
2868
604
1068
3916
144
-13
443528
2939
587
992
3877
287
-52
444553
2972
543
917
3852
448
-58
445578
2980
490
853
3837
551
-43
446603
2990
425
775
3823
712
22
447628
2961
346
698
3821
837
102
448653
2883
273
620
3819
907
225
449678
2794
225
533
3801
940
352
450703
2740
201
446
3806
1010
430
443520
2708
180
371
3825
1047
506
444545
2696
176
308
3760
1066
564
445570
2686
169
250
3651
1150
605
446595
2557
135
207
3578
1249
666
447620
2339
90
193
3517
1228
705
448645
2193
47
185
3416
1159
714
449670
2155
-10
161
3397
1094
688
450695
2177
-67
127
3464
1112
683
451720
2166
-118
106
3475
1159
689
452745
2091
-174
113
3437
1194
700
453770
1981
-245
147
3344
1183
712
454795
1849
-345
198
3255
1208
780
455820
1678
-454
246
3185
1225
875
456845
1506
-538
278
3095
1204
881
457870
1332
-651
297
3650
1287
889
458895
1030
-713
351
4604
1501
1115
451712
612
-607
466
4974
1489
1225
452737
332
-430
546
4703
1268
1080
453762
366
-315
474
4684
1102
741
454787
625
-235
248
5083
1123
664
455812
894
-121
-28
5289
897
706
456837
1241
21
-289
5061
822
686
457862
1591
116
-449
4653
1029
632
458887
1767
149
-477
4364
1148
613
459912
1694
169
-463
4218
1251
606
460937
1393
193
-440
4146
1271
492
461962
1003
223
-397
4085
1199
363
462987
691
232
-360
4359
997
218
464012
637
290
-383
4690
722
-48
465037
844
420
-460
4439
638
-264
466062
1116
486
-546
4115
450
-437
467087
1476
542
-606
3810
-179
-823
459904
1903
613
-634
3157
-390
-958
460929
2099
559
-589
2671
-219
-717
461954
2033
448
-405
2360
-19
-481
462979
1774
363
-148
2143
14
-313
464004
1441
336
66
1864
-332
-156
465029
1184
337
161
1722
-524
15
466054
1078
395
149
1681
-306
250
467079
1059
449
75
2134
-123
605
468104
1168
440
29
4257
-116
201
469129
1664
581
36
6672
367
-438
470154
2311
964
113
7143
1169
-241
471179
2667
1149
297
6971
2079
359
472204
2594
973
622
6813
2769
1074
473229
2237
778
934
6213
2717
1832
474254
1930
554
1035
5795
2249
1922
475279
1734
437
861
5083
2081
1460
468096
1632
465
745
4244
1870
953
469121
1666
531
667
3067
1745
846
470146
1677
476
512
2086
1720
1153
471171
1679
401
365
1448
1593
1285
472196
1816
376
195
845
1524
1239
473221
1926
356
-52
351
1593
969
474246
1845
380
-346
-22
1711
657
475271
1555
305
-736
191
2180
725
476296
1136
131
-1164
1334
2475
940
477321
573
35
-1445
2582
2593
943
478346
-75
-41
-1478
4107
3113
1005
479371
-605
-51
-1251
5733
3306
763
480396
-795
-22
-859
6916
2766
75
481421
-534
-24
-529
7173
2895
-149
482446
-128
-141
-195
7077
3469
239
483471
243
-290
201
6327
2588
432
476288
619
-452
298
5513
2644
233
477313
361
-617
271
4418
2112
256
478338
-423
-782
139
3404
2017
530
479363
-1721
-697
35
2345
1270
484
480388
-2535
-473
-171
1437
52
356
481413
-2394
-239
-319
877
-532
445
482438
-1773
-31
-444
492
-867
541
483463
-986
149
-615
854
-602
614
484488
-579
374
-740
1476
-184
638
485513
-349
610
-976
2182
-167
788
486538
200
852
-1332
3212
-6
1106
487563
724
1002
-1579
4883
379
947
488588
1043
1123
-1691
6412
1037
294
489613
1353
1260
-1762
7342
1618
260
490638
1765
1293
-1709
7999
3645
494
491663
1938
1336
-1310
6920
5642
965
484480
1491
1143
-549
5476
3802
1463
485505
1042
935
-297
3923
2303
1544
486530
714
811
-476
2347
2610
1567
487555
453
625
-448
1803
2492
1391
488580
185
545
-144
1528
2007
1195
489605
-83
558
119
861
1288
1072
490630
-77
492
144
306
684
995
491655
158
373
6
47
650
1017
492680
155
226
-138
-439
834
937
493705
-157
-82
-326
-656
1289
941
494730
-728
-385
-629
43
1769
1165
495755
-1434
-527
-1065
942
1954
1437
496780
-1938
-539
-1637
1790
2027
1272
497805
-2376
-548
-1912
2673
2553
718
498830
-2781
-648
-1427
3906
3465
1353
499855
-2514
-737
-223
4599
3849
1568
492799
-1356
-926
1171
5526
4879
1188
493824
411
-947
1836
5564
4136
1110
494849
2151
-855
1974
5105
2132
504
495874
3089
-834
1788
5172
3097
403
496899
2750
-777
1610
4629
3116
719
497924
2248
-728
1650
4088
1961
645
498949
1788
-558
1688
3358
1504
410
499974
1097
-332
1629
2465
1784
444
500999
411
-145
1447
1693
1580
512
502024
41
-45
1131
1020
1109
797
503049
-112
46
715
843
553
1084
504074
-50
189
207
1383
361
1108
505099
-13
442
-359
1996
529
982
506124
-62
757
-915
2463
842
977
507149
-36
907
-1382
4503
1464
1059
508174
157
1088
-1589
7595
1940
-58
500865
470
1509
-1481
7414
2150
-585
501890
668
1533
-1035
6815
3158
162
502915
733
1231
-287
6460
3325
908
503940
1233
846
289
5421
3015
1813
504965
1678
416
395
4405
3037
1991
505990
1351
133
351
3050
2891
1916
507015
475
-92
179
2466
2552
1692
508040
-93
-65
68
2388
1603
929
509065
240
314
439
1986
1269
493
510090
701
598
469
622
625
688
511115
1416
386
121
520
857
1179
512140
1589
377
-100
430
1588
1663
513165
1148
392
-442
175
1338
1581
514190
684
323
-868
578
1756
1225
515215
-171
270
-1375
1189
3167
1015
516240
-1520
155
-1881
1813
3579
1136
509055
-2675
99
-2227
1801
1943
1371
510080
-2990
-30
-2182
2185
2571
2038
511105
-3092
-305
-1647
3773
4264
2418
512130
-3030
-560
-590
4973
4377
1963
513155
-2074
-870
482
5635
4029
1609
514180
-580
-1069
1006
5923
3152
1383
515205
439
-1136
1271
6180
2160
988
516230
1036
-1092
1297
5564
1955
899
517255
1422
-1077
1218
4598
2053
1050
518280
1565
-1025
1251
3803
1750
961
519305
1241
-866
1304
3339
1232
709
520330
617
-546
1231
2802
665
298
521355
240
-180
1010
1792
-87
88
522380
312
109
766
1026
-287
73
523405
620
291
613
854
-180
85
524430
920
375
450
1030
-404
275
517248
1133
408
210
1428
-286
618
518273
1124
485
-57
2250
658
1432
519298
671
522
-233
5122
1852
2026
520323
226
795
-174
7900
2901
763
521348
149
1105
11
7892
3824
152
522373
61
1073
338
7258
4297
683
523398
386
909
740
6022
3293
1834
524423
1299
698
554
5510
2903
2417
525448
1465
614
92
4280
3117
1931
526473
726
617
-62
2902
3131
1160
527498
-44
634
-46
2002
2647
369
528523
-18
657
173
1143
1809
539
529548
565
649
411
266
1307
1171
530573
1417
617
350
-353
1212
852
531598
2189
516
135
-761
1848
698
532623
2034
268
-186
-584
2314
1134
525440
1151
61
-553
-100
2037
1504
526465
123
-42
-947
376
1701
1608
527490
-695
-98
-1356
770
1720
1290
528515
-1103
-155
-1699
904
1657
836
529540
-1236
-392
-1744
1713
2364
1068
530565
-1597
-804
-1366
3615
3881
1890
531590
-2314
-1133
-496
5507
4705
2245
532615
-2651
-1359
491
6931
5373
2191
533640
-2024
-1506
1012
8069
5620
1562
534665
-979
-1372
1125
7583
3588
70
535690
53
-1129
940
6536
3114
-551
536715
106
-1008
798
5048
2882
-69
537740
-615
-1104
721
3944
2340
673
538765
-1729
-1085
835
2960
1528
720
539790
-2568
-855
914
1841
94
215
540815
-2510
-593
929
686
-614
43
533635
-1872
-515
867
84
-924
239
534660
-1111
-399
881
271
-971
431
535685
-424
-141
886
526
-840
369
536710
25
111
739
806
-609
275
537735
255
316
548
1508
-322
449
538760
528
485
311
3128
0
871
539785
968
630
114
6151
584
340
540810
1458
816
-60
7973
1976
-577
541835
1595
869
-277
8659
4551
-194
542860
1233
670
-142
8017
5591
1182
543885
676
336
73
6562
4159
2404
544910
113
2
-296
5917
2701
2391
545935
-493
12
-665
4901
2200
1764
546960
-723
192
-825
3867
2043
1279
547985
-674
382
-677
2875
1769
961
549010
-220
583
-447
1963
939
750
541824
795
631
-445
1364
738
798
542849
1638
660
-550
822
681
1011
543874
2160
614
-675
-21
643
1475
544899
2424
377
-866
-618
883
1967
545924
2253
106
-992
-668
1204
1925
546949
1567
-135
-1083
-435
1513
1750
547974
604
-365
-1299
125
2060
1444
548999
-310
-486
-1503
677
2697
836
550024
-818
-552
-1586
1189
2804
-142
551049
-894
-719
-1350
2202
2917
-446
552074
-942
-1064
-700
3696
3815
145
553099
-1366
-1198
339
5129
5081
-463
554124
-1310
-1069
1300
7087
5722
-1071
555149
-815
-750
1683
7285
4460
-965
556174
-634
-670
1758
6924
3542
-327
557199
-930
-763
1607
6688
3320
713
550015
-1417
-665
1465
5499
2758
1062
551040
-1577
-542
1270
4321
1913
671
552065
-1358
-389
1006
3466
1065
306
553090
-949
-109
849
2431
550
235
554115
-464
78
611
1334
432
624
555140
-187
190
315
804
442
843
556165
-37
356
122
666
192
457
557190
188
490
-30
655
192
132
558215
364
552
-203
769
505
112
559240
257
582
-350
1067
766
102
560265
-85
485
-543
1902
981
57
561290
-367
163
-675
4110
954
-172
562315
-262
44
-699
6712
1035
-499
563340
-124
448
-505
6588
1793
-381
564365
-187
354
-138
6309
2008
-484
565390
449
9
315
6572
2225
112
558208
1085
-304
546
6550
2475
1135
559233
1137
-418
670
5394
2121
1515
560258
944
-537
666
4022
2047
1624
561283
742
-697
637
3721
1922
1325
562308
754
-559
877
3832
1787
966
563333
878
-151
1144
2989
1428
1089
564358
1151
-37
980
1973
1024
1587
565383
1394
-28
669
1284
1232
2184
566408
1347
22
293
465
1449
2405
567433
1210
-93
-161
165
1666
2303
568458
838
-245
-590
322
2156
2185
569483
100
-347
-984
610
2627
2040
570508
-904
-401
-1339
1073
2899
1498
571533
-1807
-430
-1583
1867
2470
158
572558
-1988
-618
-1559
3625
2030
-491
573583
-1578
-864
-1139
5707
3442
896
566591
-1830
-832
-108
7656
5251
562
567616
-2201
-469
1114
7867
5330
-53
568641
-1252
-337
1555
7424
3127
-504
569666
469
-217
1343
7169
1530
-1289
570691
1614
49
955
5505
1031
-1102
571716
2003
5
709
3612
793
186
572741
1808
-302
539
2612
1503
1167
573766
942
-587
445
2183
1510
1335
574791
-181
-702
537
1949
889
1113
575816
-1321
-546
663
1307
427
838
576841
-2055
-431
554
1022
318
586
577866
-2327
-153
403
1299
-39
130
578891
-2023
345
225
1042
-1054
-338
579916
-975
657
-80
667
-1716
-413
580941
147
738
-452
945
-1676
3
581966
781
755
-841
1987
-1673
579
574591
1154
631
-1160
4383
-1527
244
575616
1791
578
-1257
8086
-650
-1272
576641
2479
1146
-1062
9570
1487
-1704
577666
1934
1599
-248
9708
3746
-520
578691
543
1396
1047
7313
3353
1290
579716
261
431
1558
6596
2218
2498
580741
865
-182
1019
6343
1751
2181
581766
1002
-219
235
4751
1467
1193
582791
981
-201
-446
3790
1460
384
583816
1394
0
-451
3590
1893
40
584841
1691
502
-152
2170
1667
312
585866
1970
642
-130
615
1272
679
586891
2308
507
-127
-158
1929
1169
587916
2196
405
-163
-897
2619
1684
588941
1701
208
-284
-1337
2943
1950
589966
846
-49
-480
-1246
2766
1745
582785
-149
-250
-725
-700
2676
1370
583810
-988
-350
-1029
-53
2967
905
584835
-1617
-400
-1258
734
2827
285
585860
-1760
-525
-1176
2689
2731
266
586885
-1372
-582
-746
4948
3448
540
587910
-1150
-446
-39
6551
4319
-248
588935
-926
-213
489
7736
4115
-725
589960
-428
-111
544
8106
3286
-171
590985
44
-160
406
8472
2597
12
592010
250
-190
226
7619
2510
-274
593035
45
-346
189
5902
2289
20
594060
-302
-646
301
4569
1500
353
595085
-544
-803
490
3406
656
473
596110
-780
-743
636
2277
29
463
597135
-754
-699
625
1318
-419
466
598160
-458
-626
605
916
-566
397
590976
-216
-413
622
692
-744
258
592001
-2
-139
572
457
-964
111
593026
233
102
440
441
-1114
-6
594051
485
320
307
501
-1293
72
595076
740
402
100
875
-1196
501
596101
926
365
-167
2175
-1018
1053
597126
1278
322
-387
5630
-1008
61
598151
2361
621
-597
9595
-672
-2486
599176
3417
1285
-605
10393
2036
-2383
600201
2680
1380
-25
9924
4873
-174
601226
1084
857
978
7199
3539
2105
602251
1048
88
897
6307
2121
2563
603276
1249
-119
25
5297
1629
1253
604301
1182
-42
-675
4014
1085
11
605326
1472
209
-838
3696
1716
-486
606351
1759
674
-568
2737
1885
-571
599167
2063
884
-503
1884
1318
-711
600192
2539
970
-509
1315
1146
-484
601217
2624
919
-574
560
1491
121
602242
2172
718
-592
354
1831
510
603267
1485
646
-545
-150
1287
414
604292
938
475
-546
-864
679
374
605317
603
128
-560
-647
883
653
606342
299
-128
-526
83
1182
999
607367
-43
-245
-448
876
1110
1154
608392
-210
-276
-326
2138
1060
869
609417
-56
-316
-168
4745
1463
479
610442
496
-186
147
9390
2070
-848
611467
1283
655
654
12311
3661
-2742
612492
1981
1614
1165
9904
3941
-2786
613517
2942
1770
1411
8285
3573
-650
614542
3308
1679
1143
7361
3046
1384
607360
3238
1651
643
5015
1191
1348
608385
3461
1460
380
3233
938
961
609410
3428
1178
179
1960
1084
740
610435
3049
944
53
1268
1239
654
611460
2341
839
53
702
867
833
612485
1796
800
-23
531
323
1031
613510
1612
906
-68
783
165
816
614535
1700
1093
-184
727
-33
276
615560
1880
1242
-381
562
111
-41
616585
1945
1319
-592
516
185
-7
617610
1957
1281
-849
1175
378
511
618635
1853
1191
-1147
2776
990
1257
619660
1731
1202
-1408
4550
1558
921
620685
1913
1326
-1628
6597
1909
-141
621710
2332
1573
-1680
8314
3112
-199
622735
2259
1794
-1232
8772
4086
777
615552
1773
1953
-210
6956
3456
1620
616577
2149
1677
245
5372
3062
2403
617602
2536
1299
330
5538
4036
2854
618627
2178
1139
423
4928
3860
2624
619652
1756
1088
524
4472
3371
1897
620677
1489
1250
664
3768
2678
1047
621702
1591
1465
753
2448
2031
397
622727
2114
1411
708
1155
1789
191
623752
2730
1182
617
579
2185
741
624777
2950
1105
497
-44
2371
1347
625802
2674
1145
228
-831
2062
1297
626827
2032
1126
-118
-1002
1728
754
627852
1238
1043
-389
-703
1569
321
628877
459
933
-622
-212
1725
202
629902
-246
830
-785
509
1810
102
630927
-528
742
-877
1442
1978
142
623744
-439
585
-855
2789
2730
446
624769
-342
440
-602
4235
3570
900
625794
-264
469
-87
4973
4188
794
626819
-96
435
485
5606
4814
530
627844
287
277
850
6508
4713
514
628869
765
195
1000
6869
4048
424
629894
1005
181
1040
6010
3864
576
630919
924
-7
1092
5239
3527
977
631944
771
-232
1185
4977
2679
899
632969
843
-299
1289
4523
2044
321
633994
1001
-276
1371
3677
1707
-72
635019
1111
-267
1422
2711
1407
-219
636044
1241
-280
1455
1937
1006
-236
637069
1399
-289
1384
1390
733
-112
638094
1469
-258
1257
1108
550
-7
639119
1557
-98
1162
864
-99
-138
631957
1802
110
1108
404
-436
-269
632982
1863
194
1067
136
-153
-368
634007
1873
184
912
388
590
-489
635032
2067
60
506
1890
1243
-239
636057
2255
148
154
4503
1498
188
637082
2011
380
-49
6783
2799
318
638107
1190
688
-87
7289
3635
503
639132
319
734
91
8086
3397
524
640157
144
694
203
8041
2945
620
641182
424
694
101
7107
2817
1125
642207
503
645
-105
6025
2532
1317
643232
377
577
-239
4528
2162
1200
644257
229
499
-372
3296
1728
964
645282
128
484
-511
2592
899
842
646307
220
564
-722
1923
658
857
647332
502
591
-951
1077
986
856
640128
874
505
-1052
466
1438
1037
641153
943
398
-1027
170
1530
1194
642178
651
319
-1014
31
984
1100
643203
452
262
-1210
67
1193
1107
644228
172
164
-1527
671
2078
1213
645253
-389
123
-1725
1657
2351
1153
646278
-881
127
-1791
2896
2484
805
647303
-906
18
-1722
4459
3422
585
648328
-823
-188
-1280
5541
3786
670
649353
-933
-402
-537
5573
3499
651
650378
-692
-601
196
5511
3117
520
651403
-17
-614
859
5617
3110
182
652428
862
-628
1256
6043
3283
-456
653453
1246
-608
1609
5029
2644
-646
654478
1141
-664
1847
4140
2089
37
655503
524
-685
1752
3662
1345
577
648320
-409
-540
1466
3071
657
392
649345
-1167
-286
1158
2207
503
129
650370
-1539
-30
897
1175
280
43
651395
-1330
100
690
585
-496
-7
652420
-758
211
491
781
-909
-20
653445
-218
391
284
1056
-719
24
654470
81
515
99
1352
-342
147
655495
73
601
-117
1972
-252
243
656520
25
549
-386
3454
-391
172
657545
292
304
-715
6983
136
-600
658570
581
490
-883
9904
1130
-893
659595
325
926
-535
9824
2210
120
660620
-417
815
309
7547
2651
1272
661645
-818
409
989
6119
1864
1628
662670
-421
70
973
6532
1449
1123
663695
17
143
567
5555
957
656
656512
741
278
178
4361
775
764
657537
1506
443
152
3344
1265
1205
658562
1864
675
324
2235
1173
1032
659587
2195
828
327
1450
865
723
660612
2460
877
166
709
1019
980
661637
2506
825
-30
104
1381
1356
662662
2287
730
-158
-269
1654
1496
663687
1797
613
-285
-555
1781
1468
664712
1038
463
-476
-569
2100
1406
665737
155
332
-740
8
2395
1264
666762
-429
244
-1074
895
2363
770
667787
-672
117
-1336
2188
2560
47
668812
-854
-176
-1280
4622
3547
332
669837
-1330
-382
-760
7085
4751
708
670862
-2026
-209
135
7815
5065
-395
671887
-1896
-171
709
7693
4885
-1062
664703
-841
-262
825
7841
4298
-652
665728
285
-350
576
7471
3300
-546
666753
669
-495
144
5752
2404
-265
667778
48
-799
-259
4169
1792
390
668803
-1118
-1054
-542
3061
904
618
669828
-2114
-1049
-629
2105
-150
483
670853
-2627
-818
-613
1157
-1098
251
671878
-2327
-610
-531
283
-2079
32
672903
-1270
-438
-343
-229
-2476
5
673928
-87
-259
-124
-473
-2415
185
674953
923
-217
-3
104
-2082
368
675978
1518
-73
129
1331
-1177
329
677003
1460
168
261
1776
-1089
352
678028
1268
229
281
2679
-714
770
679053
855
226
273
5517
-687
391
680078
1099
444
270
9051
-382
-1192
672896
1731
737
111
10225
1530
-1287
673921
1355
586
358
10089
4265
302
674946
165
135
1178
7767
3835
2270
675971
-553
-501
1426
6872
2929
2623
676996
-1478
-682
1009
6059
2709
1388
678021
-2295
-598
652
5325
2257
549
679046
-1997
-213
761
4739
1442
502
680071
-609
236
787
3172
168
656
681096
1322
333
544
2321
314
774
682121
2440
405
234
1535
1137
1251
683146
2338
444
-58
411
1461
1911
684171
1600
359
-277
-167
1621
2147
685196
686
290
-396
-270
1665
2029
686221
0
233
-605
-106
1556
1869
687246
-288
213
-937
318
1869
1835
688271
-415
200
-1365
760
2494
2372
681088
-773
165
-1785
1402
2422
2498
682113
-1381
61
-1907
2748
2070
1572
683138
-1774
-139
-1648
4703
2784
1330
684163
-1924
-208
-1057
6466
3236
941
685188
-1819
-164
-138
7375
3962
46
686213
-939
-194
555
7369
4325
-3
687238
210
-269
879
6669
2488
-22
688263
925
-441
680
6013
1584
-360
689288
730
-622
355
4996
1653
-183
690313
138
-776
353
3883
1283
197
691338
-367
-851
400
3052
1095
7
692363
-776
-838
404
2397
704
-340
693388
-783
-790
449
1907
254
-279
694413
-313
-670
504
1535
-90
-74
695438
417
-517
402
1203
-190
14
696463
959
-343
216
1075
-78
129
689279
1104
-165
26
1038
-52
246
690304
1029
-69
-186
1107
67
605
691329
740
-3
-431
1334
345
1131
692354
245
9
-681
2187
603
1630
693379
-141
-158
-880
4924
904
1118
694404
-17
-131
-1025
8477
1120
-828
695429
591
519
-1137
9625
1969
-1613
696454
927
1078
-849
8223
4043
-231
697479
241
1065
-141
6451
3552
1145
698504
409
738
219
6093
1286
1600
699529
1469
571
-246
5038
1536
1752
700554
1280
426
-529
4091
2532
1937
701579
320
298
-451
4159
1964
1608
702604
179
555
-303
4160
856
480
703629
1226
1151
-181
2996
120
-169
704654
2761
1457
-327
1530
147
122
697472
3986
1322
-613
658
582
564
698497
4410
1085
-798
35
1127
1043
699522
3847
788
-888
-326
1661
1400
700547
2455
427
-851
-403
2151
1375
701572
658
115
-705
-178
2365
1210
702597
-908
-106
-676
64
2115
1077
703622
-1583
-263
-786
733
1795
667
704647
-1255
-409
-883
2185
1817
187
705672
-654
-523
-663
3930
3099
692
706697
-463
-523
60
5404
4574
941
707722
-556
-405
1145
7531
6505
-29
708747
230
-127
1776
8500
6199
-840
709772
1224
300
1915
7534
4066
-1253
710797
1434
477
1679
6435
2629
-1161
711822
807
323
1377
4929
1968
-578
712847
-270
-76
1210
3507
1508
238
705749
-1421
-486
1082
2637
1430
864
706774
-2414
-677
1017
2068
765
821
707799
-2863
-674
1004
1737
-4
492
708824
-2665
-521
1057
968
-398
67
709849
-1990
-379
1082
448
-312
-263
710874
-1282
-218
1082
494
-266
-263
711899
-702
-51
938
775
-269
-53
712924
-392
150
623
1286
10
349
713949
-409
428
262
2124
514
944
714974
-604
663
-114
4269
755
697
715999
-431
992
-392
7218
471
-940
717024
451
1560
-620
7883
1019
-1559
718049
1263
1683
-568
8060
2919
-514
719074
1258
1420
3
7628
3657
971
720099
1594
915
361
6838
2804
1945
721124
2101
439
179
5786
2162
1814
713855
1784
208
-108
3960
1719
1179
714880
1273
5
-385
2897
1766
918
715905
631
-102
-367
2723
2450
957
716930
-466
9
-55
2000
2333
1246
717955
-1177
65
175
771
1442
1453
718980
-994
-15
247
-40
1032
1465
720005
-403
-107
104
-630
979
1615
721030
-62
-213
-133
-820
914
1576
722055
-161
-278
-318
-591
1043
1348
723080
-561
-321
-464
-109
1469
1284
724105
-986
-361
-656
556
1924
1250
725130
-1088
-392
-978
1191
2391
1157
726155
-1125
-510
-1349
2208
3077
927
727180
-2116
-799
-1396
4471
4031
801
728205
-3311
-1003
-1120
6267
4425
733
729230
-3716
-1213
-594
7506
4752
473
722048
-3398
-1435
-111
8270
4900
522
723073
-2366
-1426
202
8277
4355
31
724098
-1451
-1207
356
7690
2935
-1224
725123
-1082
-954
321
6234
1895
-1246
726148
-1188
-750
322
4980
1190
-382
727173
-1394
-496
246
3841
578
-52
728198
-1401
-368
245
3060
240
-160
729223
-1365
-371
421
2505
-264
-145
730248
-1091
-415
580
1770
-740
16
731273
-750
-479
688
999
-479
155
732298
-715
-511
756
364
-387
98
733323
-807
-482
821
145
-614
-97
734348
-831
-434
868
297
-580
-125
735373
-764
-297
862
466
-542
-159
736398
-564
-100
733
433
-620
-15
737423
-231
-63
517
1242
-682
755
730240
266
-109
506
4585
-340
607
731265
980
172
577
8529
697
-1161
732290
1923
515
612
11531
2377
-2252
733315
2262
762
667
10912
4457
-572
734340
1903
585
842
8186
3429
1471
735365
2023
40
315
7466
1378
2281
736390
1983
-270
-825
5775
1054
1909
737415
1067
-365
-1187
4598
1872
1289
738440
-388
-170
-922
3808
2178
641
739465
-1296
186
-539
2552
1183
414
740490
-1143
360
-223
1625
303
450
741515
-78
445
-103
1070
-306
635
742540
1529
507
-313
419
-120
830
743565
2750
446
-640
-16
467
885
744590
3003
374
-817
-267
885
865
745615
2355
242
-877
-534
1127
881
738433
1201
40
-915
-445
1258
920
739458
97
-134
-959
17
1313
1130
740483
-692
-288
-1037
844
1380
1388
741508
-1168
-394
-1126
1913
1404
1308
742533
-1275
-426
-1153
2960
1136
369
743558
-1180
-685
-794
5421
1594
443
744583
-1439
-906
108
9011
3641
728
745608
-1593
-835
1213
11824
5211
-178
746633
-1399
-617
2001
8968
4464
-371
747658
-438
-685
2031
8041
1820
-459
748683
753
-422
1114
7241
532
-639
749708
1310
28
109
4586
-56
-108
750733
716
62
-486
3245
1532
933
751758
-1027
66
-519
3084
1777
881
752783
-1930
283
-377
2946
449
-14
753808
-1460
588
-251
1836
-198
-364
746624
-433
663
-294
874
-692
-219
747649
768
598
-390
883
-508
48
748674
1522
608
-499
1323
-187
156
749699
1729
691
-578
1506
-22
99
750724
1500
732
-644
1834
344
79
751749
919
780
-686
2272
503
146
752774
334
832
-707
2693
397
241
753799
-74
831
-740
3374
239
365
754824
-235
731
-677
5006
191
295
755849
-8
646
-399
7432
260
-516
756874
680
690
71
8901
368
-1156
757899
1356
648
706
8432
1528
-509
758924
1416
288
1478
6313
2454
932
759949
1086
-501
2048
5201
2436
2499
760974
408
-1070
1895
4448
1483
3068
761999
-491
-1283
1347
4257
346
2394
754815
-1274
-1175
1017
4936
664
1417
755840
-1766
-643
962
4707
1087
851
756865
-1686
-84
949
3626
700
854
757890
-931
191
956
2830
59
1096
758915
352
224
779
2426
-258
1374
759940
1498
178
386
2132
244
1604
760965
1870
147
71
1956
904
1681
761990
1520
119
-111
1697
1173
1530
763015
848
13
-172
1578
1342
1363
764040
32
-158
-117
1894
1370
1275
765065
-738
-351
19
2890
1271
1257
766090
-1288
-477
222
4157
1227
1144
767115
-1525
-460
488
5268
1150
847
768140
-1351
-286
706
5664
1005
613
769165
-833
-35
803
4848
864
574
770190
-185
60
722
3948
751
641
763008
339
-31
398
3717
739
800
764033
487
-98
-34
3782
694
937
765058
296
-64
-402
3821
537
811
766083
34
-10
-678
3878
485
588
767108
-152
39
-839
3974
397
361
768133
-139
134
-860
3893
209
215
769158
107
189
-815
3746
116
203
770183
424
149
-716
3748
225
284
771208
614
80
-542
3702
355
362
772233
629
-24
-339
3599
339
386
773258
515
-162
-149
3527
291
367
774283
258
-289
-8
3367
300
316
775308
-74
-422
118
3316
251
191
776333
-364
-509
236
3220
226
192
777358
-609
-625
273
3442
231
231
778383
-715
-664
369
3927
220
156
771201
-716
-585
495
4135
264
46
772226
-607
-517
605
4226
349
12
773251
-435
-480
722
4292
449
102
774276
-302
-442
843
4171
580
326
775301
-259
-447
922
4015
805
581
776326
-339
-467
954
3932
966
722
777351
-494
-457
949
3890
1033
758
778376
-613
-413
878
3924
938
683
779401
-595
-328
711
3987
716
532
780426
-392
-196
478
4092
469
366
781451
-35
-46
204
4133
342
306
782476
340
73
-72
4151
459
364
783501
581
162
-294
4172
691
432
784526
685
228
-434
4095
755
435
785551
710
245
-495
3963
752
403
786576
668
219
-512
3846
808
390
779393
562
181
-497
3771
839
396
780418
440
147
-460
3735
771
372
781443
356
117
-414
3728
589
324
782468
332
88
-359
3763
485
299
783493
326
69
-280
3792
374
290
784518
341
49
-184
3820
454
332
785543
315
12
-90
3887
628
406
786568
203
-22
13
3967
671
422
787593
45
-56
116
3949
623
378
788618
-135
-111
163
4007
649
379
789643
-349
-145
158
4078
667
389
790668
-519
-129
155
4054
581
396
791693
-591
-108
148
3979
524
421
792718
-593
-104
123
3969
586
487
793743
-592
-91
114
3964
622
541
794768
-588
-66
102
3932
628
555
787584
-566
-44
69
3903
690
558
788609
-554
-24
29
3866
786
574
789634
-562
-6
-16
3853
813
602
790659
-567
10
-86
3905
829
632
791684
-568
39
-181
3936
807
618
792709
-557
63
-274
3936
642
546
793734
-487
70
-337
3918
616
473
794759
-418
76
-383
3846
716
479
795784
-418
84
-388
3772
673
462
796809
-418
102
-363
3669
633
423
797834
-386
112
-321
3595
632
389
798859
-335
117
-259
3566
628
355
799884
-270
117
-196
3563
613
287
800909
-197
104
-141
3553
698
268
801934
-164
70
-80
3565
788
279
802959
-183
11
-6
3622
892
313
795777
-258
-53
65
3675
1003
350
796802
-394
-112
131
3708
1065
368
797827
-550
-165
184
3814
1113
398
798852
-688
-203
205
4037
1140
417
799877
-793
-179
189
4142
1114
402
800902
-836
-121
129
4089
1006
381
801927
-782
-69
13
4013
913
339
802952
-647
-13
-143
3951
789
291
803977
-449
39
-320
3879
618
235
805002
-204
65
-500
3828
568
200
806027
17
62
-631
3782
644
198
807052
125
33
-666
3736
707
213
808077
112
-24
-624
3704
819
267
809102
-31
-97
-522
3679
944
307
810127
-294
-169
-366
3631
1027
290
811152
-625
-243
-205
3645
1004
260
803967
-887
-301
-75
3677
845
230
804992
-998
-341
8
3735
732
231
806017
-966
-364
47
3815
663
246
807042
-828
-371
68
3844
663
273
808067
-684
-374
91
3858
754
343
809092
-623
-374
118
3865
868
419
810117
-659
-371
143
3914
893
445
811142
-714
-353
152
3974
893
451
812167
-739
-321
143
4002
851
458
813192
-708
-279
118
4009
820
468
814217
-624
-226
76
4006
791
463
815242
-503
-169
23
3998
765
442
816267
-375
-115
-32
3991
787
432
817292
-279
-66
-75
3975
829
463
818317
-223
-26
-98
3927
834
466
819342
-194
4
-106
3868
843
465
812160
-193
21
-101
3827
858
474
813185
-208
36
-89
3825
839
462
814210
-208
62
-81
3844
809
426
815235
-179
94
-82
3847
803
407
816260
-140
127
-87
3848
800
379
817285
-99
156
-100
3833
766
350
818310
-26
176
-117
3839
732
329
819335
57
186
-130
3833
732
303
820360
136
188
-129
3822
743
281
821385
196
184
-125
3789
762
278
822410
220
175
-112
3777
765
258
823435
230
163
-93
3746
779
251
824460
234
140
-69
3732
789
269
825485
236
112
-41
3723
797
290
826510
235
85
-8
3712
828
296
827535
227
56
25
3693
851
318
820353
208
28
55
3677
876
340
821378
186
-2
79
3698
906
365
822403
157
-30
98
3719
943
381
823428
122
-49
121
3714
952
408
824453
92
-66
142
3715
965
440
825478
73
-84
158
3723
978
460
826503
67
-96
167
3729
991
478
827528
70
-105
168
3744
1003
488
828553
75
-109
167
3770
1038
494
829578
62
-107
168
3787
1070
527
830603
36
-101
167
3797
1075
538
831628
16
-93
163
3827
1062
548
832653
16
-77
153
3835
1063
540
833678
28
-57
136
3840
1051
533
834703
53
-33
112
3823
1048
541
835728
78
-8
81
3812
1060
532
828544
92
17
46
3805
1059
527
829569
92
36
11
3822
1064
524
830594
82
53
-20
3844
1067
495
831619
71
73
-46
3846
1051
464
832644
67
83
-70
3819
1038
460
833669
68
86
-92
3800
1020
446
834694
72
84
-111
3767
1011
434
835719
67
76
-125
3753
1010
414
836744
51
65
-131
3750
1019
404
837769
20
53
-128
3747
1015
392
838794
-14
38
-124
3753
989
371
839819
-30
18
-122
3787
975
356
840844
-39
-1
-116
3799
991
383
841869
-64
-15
-101
3780
1000
426
842894
-94
-23
-88
3755
986
424
843919
-118
-19
-85
3737
989
422
836737
-123
-5
-90
3751
955
415
837762
-94
17
-112
3780
928
406
838787
-34
41
-137
3795
908
396
839812
37
57
-154
3792
898
384
840837
103
60
-161
3780
914
385
841862
143
54
-163
3759
936
365
842887
152
40
-163
3727
960
362
843912
130
17
-161
3729
974
352
844937
84
-5
-148
3743
989
356
845962
33
-24
-125
3769
962
372
846987
2
-41
-95
3770
937
385
848012
11
-55
-63
3743
906
396
849037
52
-69
-36
3736
909
404
850062
90
-80
-13
3750
943
412
851087
102
-84
12
3755
980
433
852112
86
-90
40
3746
998
451
844927
62
-97
68
3736
1006
449
845952
44
-107
91
3714
1002
447
846977
33
-120
109
3691
1006
453
848002
18
-134
124
3690
1035
449
849027
-12
-149
145
3718
1066
455
850052
-60
-159
172
3734
1084
467
851077
-111
-166
199
3736
1078
460
852102
-151
-174
222
3743
1080
458
853127
-176
-175
241
3762
1089
479
854152
-191
-166
257
3778
1092
473
855177
-193
-152
264
3790
1094
466
856202
-186
-131
261
3778
1100
464
857227
-168
-105
245
3765
1091
443
858252
-141
-87
213
3775
1100
428
859277
-118
-69
176
3789
1112
424
860302
-113
-53
134
3804
1120
389
853121
-124
-41
85
3852
1130
354
854146
-138
-30
38
3865
1133
339
855171
-161
-20
-5
3842
1117
329
856196
-183
-16
-50
3825
1095
318
857221
-202
-17
-95
3789
1070
309
858246
-209
-17
-137
3758
1045
306
859271
-213
-19
-171
3753
1049
293
860296
-229
-18
-194
3766
1043
284
861321
-252
-14
-206
3803
1019
279
862346
-268
-11
-207
3840
1003
275
863371
-268
-1
-199
3837
976
268
864396
-250
5
-191
3814
966
279
865421
-234
8
-186
3796
973
297
866446
-237
20
-182
3780
982
314
867471
-251
36
-181
3743
953
311
868496
-229
53
-189
3737
955
308
861312
-212
76
-204
3739
947
302
862337
-196
100
-217
3767
911
281
863362
-151
115
-232
3814
868
245
864387
-69
119
-234
3909
878
222
865412
-4
116
-211
4023
920
230
866437
20
116
-160
4079
948
226
867462
19
113
-97
4058
959
237
868487
12
104
-35
4026
960
255
869512
18
103
7
3949
922
272
870537
53
96
30
3942
924
305
871562
86
94
43
3924
951
364
872587
110
112
64
3804
914
387
873612
147
121
74
3695
894
420
874637
194
130
77
3615
891
440
875662
242
141
84
3616
890
432
876687
285
146
103
3730
921
413
869504
315
163
149
3778
945
375
870529
345
163
220
3799
956
340
871554
383
139
285
3799
989
346
872579
408
108
338
3722
1018
354
873604
404
62
374
3662
1069
355
874629
355
0
397
3675
1157
380
875654
247
-48
424
3665
1213
436
876679
98
-84
436
3639
1207
476
877704
-43
-117
422
3649
1185
501
878729
-138
-133
390
3682
1137
538
879754
-161
-129
343
3716
1090
562
880779
-124
-109
282
3732
1066
572
881804
-57
-84
222
3772
1068
577
882829
12
-54
163
3812
1088
578
883854
59
-20
108
3807
1115
573
884879
77
3
55
3799
1132
573
877696
66
17
3
3803
1150
573
878721
32
30
-43
3776
1139
568
879746
-9
33
-90
3740
1117
557
880771
-50
32
-137
3709
1098
561
881796
-86
30
-179
3681
1064
563
882821
-113
29
-221
3676
1040
566
883846
-137
31
-251
3679
1030
535
884871
-157
38
-268
3697
1008
522
885896
-174
45
-273
3728
992
503
886921
-183
54
-270
3760
966
479
887946
-164
64
-265
3786
945
464
888971
-128
72
-258
3812
947
459
889996
-101
78
-249
3846
966
450
891021
-96
88
-241
3871
975
434
892046
-97
98
-238
3867
949
421
893071
-78
104
-242
3835
914
394
885889
-33
101
-250
3816
893
387
886914
12
88
-259
3813
907
382
887939
35
68
-257
3823
925
372
888964
31
42
-239
3835
939
370
889989
6
17
-203
3812
945
377
891014
-24
-12
-158
3756
921
377
892039
-43
-44
-112
3705
908
396
893064
-52
-74
-68
3655
911
434
894089
-67
-100
-23
3593
928
428
895114
-101
-132
27
3572
964
456
896139
-168
-161
85
3582
1007
509
897164
-258
-174
152
3627
999
540
898189
-313
-174
215
3712
977
526
899214
-298
-161
263
3830
952
525
900239
-212
-129
288
3886
924
519
901264
-70
-94
282
3884
897
507
894079
89
-71
251
3876
944
513
895104
192
-60
215
3865
1037
523
896129
206
-57
185
3840
1106
532
897154
143
-60
163
3814
1152
545
898179
35
-68
145
3788
1151
553
899204
-60
-68
124
3778
1097
561
900229
-91
-59
98
3771
1048
566
901254
-68
-39
75
3774
1022
579
902279
-14
-13
53
3800
1012
568
903304
42
23
33
3802
1048
554
904329
80
55
11
3776
1053
534
905354
121
76
7
3789
959
516
906379
196
89
-33
3809
1091
523
907404
172
86
-40
3823
1094
489
908429
100
74
-31
3815
1075
482
909454
