Device = VHR-0009
time_stamp = 1777361961518
sample_rate = 50
Data format = INT16
TYPE = 6-AXIS IMU RAW DATA
148
-41
109
-1413
3439
-705
11207809
182
-26
125
-1372
3578
-627
11208834
229
-13
129
-1351
3533
-604
11209859
318
2
126
-1338
3511
-693
11210884
337
17
114
-1329
3695
-708
11211909
277
15
121
-1336
3834
-692
11212934
195
7
167
-1367
3817
-758
11213959
92
10
224
-1383
3778
-968
11214984
71
-3
212
-1326
3686
-916
11216009
102
-8
261
-1238
3437
-773
11217034
176
25
292
-1162
3575
-778
11218059
173
81
265
-1167
4027
-735
11219084
-23
80
230
-1106
3836
-735
11220109
-132
103
232
-1105
3691
-682
11221134
-218
147
260
-1111
3898
-581
11222159
-428
199
251
-1099
3995
-595
11223184
-609
227
249
-1059
3992
-598
11216001
-750
251
245
-1027
3866
-568
11217026
-818
283
266
-1015
3750
-561
11218051
-693
304
263
-990
3864
-570
11219076
-579
305
224
-910
4021
-543
11220101
-573
324
171
-922
4044
-570
11221126
-544
312
169
-954
3762
-663
11222151
-402
282
166
-1006
3636
-607
11223176
-257
244
163
-977
3814
-550
11224201
-314
216
171
-934
3995
-525
11225226
-540
196
150
-896
4099
-387
11226251
-863
194
119
-929
4033
-380
11227276
-984
169
85
-946
3704
-361
11228301
-814
122
83
-932
3597
-139
11229326
-672
106
100
-904
3711
88
11230351
-706
124
137
-847
3775
198
11231376
-257
244
163
-977
3814
-550
11224201
-314
216
171
-934
3995
-525
11225226
-540
196
150
-896
4099
-387
11226251
-863
194
119
-929
4033
-380
11227276
-984
169
85
-946
3704
-361
11228301
-814
122
83
-932
3597
-139
11229326
-672
106
100
-904
3711
88
11230351
-706
124
137
-847
3775
198
11231376
-904
159
184
-833
3805
244
11224193
-1161
176
243
-790
3648
345
11225218
-1482
204
364
-827
3325
428
11226243
-1816
233
533
-770
2969
499
11227268
-1941
290
704
-690
2712
506
11228293
-1596
267
845
-667
2646
572
11229318
-1404
95
1144
-585
2616
673
11230343
-1693
-49
1465
-450
2553
781
11231368
-1966
-152
1685
-281
2437
845
11232393
-1841
-269
1809
149
3070
820
11233418
-1352
-452
1862
655
3599
995
11234443
-1392
-557
2197
639
2866
1116
11235468
-1474
-639
2412
535
2226
1153
11236493
-797
-800
2412
1182
2574
1287
11237518
457
-849
2340
1803
3554
1578
11238543
1114
-859
2526
1962
3112
1465
11239568
1270
-808
2740
1788
2635
1115
11232385
1512
-895
2745
2113
3075
1021
11233410
1399
-903
2773
2696
3564
1113
11234435
778
-740
2958
2851
3266
1085
11235460
183
-632
3116
2978
3075
753
11236485
-17
-493
2861
3678
3788
549
11237510
225
-565
2580
4349
3831
844
11238535
132
-538
2546
4373
3107
1138
11239560
85
-404
2278
4066
3103
1202
11240585
204
-343
1929
3997
3200
1254
11241610
71
-215
1735
3871
2791
1105
11242635
113
-200
1653
3572
2428
1015
11243660
267
-263
1489
3587
2439
1143
11244685
238
-207
1374
3652
2393
1203
11245710
105
-86
1303
3542
2154
1067
11246735
113
-43
1197
3575
1950
957
11247760
203
-20
1113
3722
1864
899
11240576
281
32
1067
3799
1844
860
11241601
342
93
999
3828
1860
856
11242626
388
139
901
3831
1817
898
11243651
400
161
804
3833
1715
954
11244676
361
195
689
3804
1604
871
11245701
352
210
557
3794
1530
768
11246726
381
212
432
3814
1573
804
11247751
390
224
337
3784
1547
860
11248776
368
249
259
3708
1419
795
11249801
520
257
159
3644
1527
687
11250826
866
188
14
3641
1737
788
11251851
825
144
-112
3720
1836
832
11252876
619
174
-223
3653
1847
831
11253901
423
171
-326
3540
1852
793
11254926
269
123
-391
3537
1767
736
11255951
197
101
-397
3503
1692
762
11248769
170
94
-385
3387
1644
749
11249794
165
82
-363
3317
1557
708
11250819
174
59
-326
3327
1475
707
11251844
158
50
-296
3406
1455
721
11252869
134
65
-254
3441
1517
705
11253894
109
82
-207
3441
1483
648
11254919
145
55
-160
3456
1360
626
11255944
222
34
-128
3490
1368
673
11256969
309
15
-119
3541
1478
730
11257994
384
-9
-116
3569
1453
752
11259019
459
-24
-114
3536
1390
717
11260044
620
-42
-145
3495
1610
721
11261069
626
-83
-147
3499
1752
673
11262094
438
-82
-128
3556
1735
602
11263119
235
-46
-105
3503
1817
569
11264144
55
-57
-81
3491
1864
638
11256960
-111
-52
-70
3496
1774
727
11257985
-193
-23
-59
3478
1639
710
11259010
-153
-7
-54
3514
1661
699
11260035
-96
-7
-46
3577
1719
714
11261060
-80
6
-28
3620
1696
708
11262085
-56
24
-19
3607
1650
695
11263110
-25
18
-19
3573
1581
666
11264135
-10
12
-9
3556
1510
647
11265160
17
-2
9
3562
1495
655
11266185
32
-24
62
3550
1497
617
11267210
22
-48
153
3545
1435
628
11268235
32
-59
244
3517
1396
634
11269260
50
-60
339
3405
1465
628
11270285
12
-87
430
3356
1461
658
11271310
-43
-108
493
3443
1441
682
11272335
-98
-117
559
3577
1421
693
11265152
-149
-108
629
3650
1389
683
11266177
-146
-116
691
3659
1367
652
11267202
-145
-132
731
3652
1383
629
11268227
-189
-182
751
3772
1379
612
11269252
-244
-225
776
3895
1254
574
11270277
-257
-234
815
3833
1169
563
11271302
-222
-286
819
3806
1191
546
11272327
-173
-366
791
3975
1147
539
11273352
-114
-363
775
3995
1022
529
11274377
-52
-298
793
3650
940
457
11275402
42
-315
791
3374
875
478
11276427
137
-359
780
3256
755
509
11277452
233
-322
793
3011
631
687
11278477
310
-239
818
2696
650
790
11279502
384
-231
758
2844
794
737
11280527
600
-264
580
3629
963
519
11273345
997
-148
379
4296
1192
414
11274370
1576
-60
68
5091
1620
512
11275395
2498
-137
-389
6403
2299
552
11276420
3660
-100
-872
7511
3357
25
11277445
5213
30
-1339
7165
4802
-833
11278470
6367
-418
-1829
6302
5309
-685
11279495
5286
-917
-2059
5593
5105
238
11280520
2412
-1051
-1866
4151
3806
513
11281545
-4
-976
-1633
2793
2969
-151
11282570
-1574
-853
-1879
-246
3092
-376
11283595
-2681
-1670
-2398
2003
3088
-1179
11284620
-2425
-970
-389
2232
1326
-714
11285645
-2057
-212
294
180
1484
-652
11286670
-1108
-359
-59
129
1198
-276
11287695
-26
-505
-372
83
1512
-198
11288720
138
-587
-716
484
2174
67
11281537
-660
-579
-1114
425
2128
124
11282562
-1536
-516
-1480
318
2265
-1
11283587
-2039
-516
-2055
288
3080
-366
11284612
-1798
-972
-2664
974
3238
-949
11285637
-1966
-1035
-3091
1841
4452
-909
11286662
-2691
-907
-3302
2076
6018
-442
11287687
-2767
-967
-3669
2894
7374
-670
11288712
-1902
-1039
-4017
3666
8609
-949
11289737
-1398
-1394
-4178
4135
8693
-394
11290762
-2100
-1385
-4147
3960
8146
-160
11291787
-2605
-1224
-3938
3257
7260
-450
11292812
-2587
-1192
-3506
2777
6459
-451
11293837
-2608
-1266
-3019
2574
4874
64
11294862
-2492
-1157
-2190
1846
2691
-309
11295887
-1547
-1071
-1760
1388
2058
-442
11296912
-770
-1166
-1357
1506
1896
-523
11289728
-348
-1124
-832
1547
1698
-561
11290753
-90
-1055
-148
1156
882
-559
11291778
120
-1078
322
993
-717
-806
11292803
537
-865
674
994
-1109
-716
11293828
1115
-715
790
1076
-750
-720
11294853
1686
-585
857
1303
-842
-585
11295878
2071
-396
912
1388
-813
-504
11296903
2259
-126
832
1737
-362
-522
11297928
2234
336
980
1767
917
392
11298953
1383
606
932
2391
3086
-149
11299978
1210
916
842
4154
4231
-1368
11301003
1221
1641
1281
4639
5658
-1574
11302028
1822
1689
1530
4845
6730
-479
11303053
2804
1751
1322
5704
8335
78
11304078
2384
2250
1085
5809
10487
-383
11305103
1203
2421
881
4428
9320
-753
11297919
772
2304
493
3255
7322
-796
11298944
767
2260
349
2527
6525
-1107
11299969
788
2263
423
1432
5646
-1071
11300994
736
2065
426
762
4507
-761
11302019
571
1914
402
354
3705
-529
11303044
396
1817
531
-231
2896
-504
11304069
391
1675
638
-866
2288
-432
11305094
444
1520
601
-1444
1649
-202
11306119
559
1313
482
-1593
950
-109
11307144
569
1135
409
-2121
545
-150
11308169
388
902
103
-2679
452
-243
11309194
164
535
-280
-2635
497
-269
11310219
-71
190
-501
-2273
694
-203
11311244
-310
-25
-708
-1759
1577
-194
11312269
-285
-160
-1053
-1338
2629
-392
11313294
-108
-140
-1409
-1329
4360
-1408
11306112
24
-122
-1405
-1572
8202
-2439
11307137
-399
-750
-1624
459
12060
-2883
11308162
-793
-1582
-1718
3572
11113
-1980
11309187
-665
-1921
-2024
4796
9277
-188
11310212
-1375
-1632
-2276
2741
8587
-250
11311237
-1506
-1648
-2456
1421
7106
-1100
11312262
-1253
-1811
-2416
1666
6510
-995
11313287
-1298
-1950
-2223
2035
5506
-950
11314312
-1408
-2100
-1723
2041
3773
-717
11315337
-1308
-2053
-1308
1775
2385
-440
11316362
-1167
-1854
-1009
1355
1908
-207
11317387
-1136
-1741
-740
1391
1075
-371
11318412
-967
-1546
-506
1033
650
-414
11319437
-721
-1493
-288
810
331
-445
11320462
-302
-1503
-256
1002
-355
-300
11321487
90
-1299
-293
1312
-736
-170
11314480
407
-959
-301
1548
-897
-311
11315505
956
-565
-415
1676
-625
-419
11316530
1319
-153
-538
1844
557
169
11317555
1070
548
-468
2152
2693
639
11318580
606
1395
297
2147
5144
-536
11319605
783
1592
1173
2868
6443
-1586
11320630
2627
1442
1892
4290
7070
-1558
11321655
4025
1843
1888
3904
7722
342
11322680
2680
2075
1685
3053
9259
-134
11323705
364
2104
1651
2782
9664
-1656
11324730
-257
1779
1430
1418
8485
-1685
11325755
-100
1430
1275
1353
6565
-1237
11326780
-105
1414
1316
545
5256
-833
11327805
-257
1404
1218
-9
4235
-395
11328830
-379
1408
1160
-494
3322
-237
11329855
-444
1401
1016
-1179
2468
-285
11322495
-298
1315
865
-1561
1781
-271
11323520
-87
1162
718
-1858
1127
-193
11324545
30
931
525
-2118
527
-150
11325570
-91
681
211
-2391
247
-307
11326595
-333
406
-241
-2401
457
-381
11327620
-628
153
-586
-2185
882
-384
11328645
-642
-382
-1029
-1806
966
-235
11329670
-428
-644
-1328
-1246
1903
-537
11330695
-316
-327
-1354
-2099
5232
-1586
11331720
-75
-631
-1370
-1911
9828
-2405
11332745
-669
-1454
-1376
373
11578
-3173
11333770
-828
-1973
-1418
2771
11506
-2695
11334795
-1152
-2171
-1660
2639
11521
-1308
11335820
-1934
-2069
-2027
1367
9775
-1419
11336845
-1580
-1981
-2276
882
7370
-1748
11337870
-961
-2114
-2228
1067
5421
-1543
11330688
-800
-2450
-1976
1145
4131
-1329
11331713
-786
-2760
-1697
1274
2647
-1139
11332738
-692
-2802
-1436
1466
1709
-852
11333763
-509
-2625
-1079
1295
1239
-780
11334788
-160
-2461
-723
1004
949
-685
11335813
115
-2404
-420
1017
412
-637
11336838
413
-2366
-130
977
-126
-546
11337863
646
-2323
-18
1027
-420
-472
11338888
692
-2102
-43
997
-621
-335
11339913
524
-1769
-73
687
-242
-200
11340938
177
-1605
-88
472
608
19
11341963
-69
-1469
-108
601
1207
470
11342988
470
-962
70
1225
2176
173
11344013
1676
-156
523
1520
4740
-502
11345038
2643
10
1286
1943
6521
-2196
11346063
4265
22
1679
3193
8010
-1688
11338881
4822
25
1530
3854
9340
241
11339906
2078
475
1437
3875
10515
-850
11340931
-636
883
1293
2131
9959
-2305
11341956
-678
585
1064
1211
8103
-1589
11342981
-194
354
1026
764
6179
-828
11344006
-96
133
1064
359
4442
-402
11345031
-358
63
1195
-55
3127
-92
11346056
-777
206
1079
-659
2476
79
11347081
-930
154
962
-944
1911
213
11348106
-950
80
908
-1383
1186
270
11349131
-792
42
874
-1806
720
171
11350156
-499
-101
821
-2072
406
161
11351181
-303
-309
692
-2106
143
290
11352206
-249
-491
552
-1799
251
378
11353231
-455
-567
290
-1359
880
410
11354256
-1039
-505
77
-889
1526
-95
11347072
-1127
-666
-205
-1304
2185
-622
11348097
-1156
-689
-472
-1540
3669
-1542
11349122
-1140
-684
-586
-1568
6991
-2452
11350147
-1004
-1371
-530
-907
10200
-2796
11351172
-690
-1986
-534
657
11067
-3134
11352197
-922
-2043
-1093
1174
11544
-2941
11353222
-1546
-2095
-1724
1086
10826
-2784
11354247
-1591
-2171
-1959
574
9602
-2081
11355272
-1958
-2051
-2123
405
7430
-1927
11356297
-1475
-2058
-2211
558
5689
-1606
11357322
-716
-2231
-1958
706
5180
-1262
11358347
-370
-2220
-1720
944
4567
-847
11359372
-366
-2132
-1520
995
3560
-656
11360397
-270
-2084
-1254
913
2474
-618
11361422
-32
-2010
-928
933
1610
-491
11362447
118
-1916
-535
785
854
-301
11355264
138
-1903
-128
597
306
-404
11356289
138
-1821
63
665
-33
-460
11357314
147
-1694
156
715
-292
-298
11358339
-1
-1566
238
819
-663
-121
11359364
-215
-1272
309
569
-794
-40
11360389
-290
-1152
188
336
-105
-110
11361414
-162
-1171
242
920
534
107
11362439
49
-913
434
1021
781
541
11363464
601
-325
730
1382
2221
84
11364489
1566
311
948
1843
5152
-497
11365514
1877
508
1839
2416
7030
-487
11366539
2237
431
2535
2529
7891
-377
11367564
2873
217
2196
3303
9793
-356
11368589
2089
353
1636
3482
11414
-850
11369614
779
603
1132
2811
10606
-1172
11370639
-65
750
885
1788
8678
-1256
11363455
-171
735
691
806
6779
-986
11364480
-31
575
492
281
5386
-508
11365505
-22
449
402
-126
4061
-102
11366530
-108
399
398
-629
2942
40
11367555
-265
462
377
-1251
2268
-94
11368580
-330
443
282
-1762
1736
-96
11369605
-206
210
240
-1885
1085
205
11370630
-178
-69
174
-2059
452
511
11371655
-330
-329
-1
-2221
99
611
11372680
-536
-528
-410
-2130
266
511
11373705
-759
-765
-808
-1828
909
304
11374730
-1121
-1001
-1085
-1584
1295
95
11375755
-1477
-1059
-1368
-1285
1983
-468
11376780
-1458
-971
-1615
-1820
3471
-1364
11377805
-1465
-1008
-1401
-2953
6359
-2313
11378830
-1252
-1785
-1262
-2246
10605
-3299
11371648
-1063
-2673
-1256
286
12002
-3080
11372673
-1201
-2852
-1458
949
11479
-1933
11373698
-1384
-2908
-1705
278
11112
-2260
11374723
-1110
-2868
-1967
1078
9840
-2222
11375748
-1367
-2543
-2080
1250
6887
-2058
11376773
-1284
-2578
-2267
1176
4375
-1627
11377798
-1089
-2791
-2175
909
3084
-1527
11378823
-838
-2960
-1941
1094
2121
-1298
11379848
-676
-2982
-1496
1233
1049
-1095
11380873
-401
-2801
-968
1067
512
-1062
11381898
-62
-2690
-550
790
221
-811
11382923
148
-2721
-285
1047
-215
-870
11383948
404
-2697
-145
1559
-839
-938
11384973
774
-2382
-241
1925
-964
-723
11385998
971
-1908
-326
1567
-39
-553
11387023
552
-1729
-285
1202
1363
-191
11379841
-371
-1678
-272
1230
1598
384
11380866
-521
-1221
-224
1100
1863
882
11381891
-126
-268
88
622
4279
265
11382916
526
107
1217
-47
6759
-729
11383941
2101
-299
2572
764
7973
-1228
11384966
3513
-832
2544
1218
8185
-57
11385991
2704
-1073
2198
1789
9073
99
11387016
608
-855
1979
1229
9926
-1140
11388041
-265
-844
1495
1231
8902
-1244
11389066
-6
-896
1410
936
7049
-928
11390091
409
-1045
1360
358
5603
-562
11391116
360
-1199
1355
-150
4350
-167
11392141
91
-1396
1408
-808
3345
238
11393166
-202
-1572
1280
-1278
2483
527
11394191
-369
-1746
1157
-1361
1624
560
11395216
-495
-1827
1080
-1481
1041
460
11388033
-633
-1874
972
-1653
785
347
11389058
-864
-2062
806
-1541
573
335
11390083
-1337
-2232
683
-1378
280
181
11391108
-1837
-2206
585
-1022
455
42
11392133
-2335
-2058
421
-1070
1006
-486
11393158
-2431
-2237
87
-734
1572
-1038
11394183
-2523
-2085
-267
-832
2842
-2273
11395208
-2530
-1870
-332
-1298
5558
-3448
11396233
-1717
-2323
-357
-836
9448
-3898
11397258
-966
-3132
-396
1853
10075
-4112
11398283
-699
-3228
-614
2521
10076
-3066
11399308
-1361
-3146
-982
1289
10696
-2813
11400333
-1843
-3066
-1222
856
9959
-2996
11401358
-1555
-3050
-1498
1293
8926
-2333
11402383
-1369
-2892
-1600
1777
7469
-1889
11403408
-1155
-2745
-1593
1577
6016
-1854
11396224
-877
-2780
-1540
1409
5027
-1473
11397249
-1022
-2757
-1402
1281
4034
-1348
11398274
-1118
-2601
-1278
1229
3018
-1372
11399299
-886
-2522
-1010
1099
2272
-1224
11400324
-693
-2464
-730
1046
1567
-1222
11401349
-502
-2337
-548
921
729
-1156
11402374
-229
-2249
-409
842
31
-1084
11403399
50
-2169
-303
892
-356
-1002
11404424
243
-2034
-261
772
-467
-851
11405449
194
-1856
-315
856
-480
-715
11406474
-11
-1608
-258
708
-470
-615
11407499
-223
-1466
-195
803
211
-298
11408524
-457
-1240
-164
1060
856
378
11409549
-580
-678
74
1175
1923
737
11410574
-36
-69
397
1651
3988
152
11411599
1008
21
898
2118
5703
-494
11404417
2412
-286
1613
3330
5860
-746
11405442
4076
-240
1946
4112
7141
-436
11406467
4119
-12
1998
4304
10426
-692
11407492
2009
244
1932
4219
11024
-1324
11408517
117
441
1764
3176
9224
-1502
11409542
-624
421
1658
2406
7682
-1223
11410567
-817
446
1576
1580
5878
-926
11411592
-541
344
1387
910
4223
-651
11412617
-191
266
1171
378
3275
-281
11413642
-135
338
936
-446
2788
-166
11414667
-116
364
765
-829
2440
-151
11415692
-26
314
743
-1055
2095
-60
11416717
15
172
741
-1377
1571
31
11417742
76
-33
674
-1659
997
111
11418767
185
-221
417
-1843
862
257
11419792
261
-468
54
-1681
1011
343
11412608
-4
-673
-343
-1383
1321
438
11413633
-585
-745
-786
-1063
1894
248
11414658
-1063
-731
-1362
-834
2941
-483
11415683
-1214
-727
-1990
-838
4579
-1142
11416708
-1438
-787
-2182
-1276
6571
-1460
11417733
-1855
-1049
-2130
-1321
8612
-1588
11418758
-1746
-1385
-2268
346
10986
-1817
11419783
-1657
-1294
-2445
1910
10561
-1688
11420808
-1745
-1318
-2560
1533
9463
-1724
11421833
-1638
-1471
-2438
984
9248
-1581
11422858
-1828
-1427
-2367
1377
7845
-1249
11423883
-1666
-1432
-2124
1959
5726
-1171
11424908
-1141
-1553
-1710
1658
4308
-1008
11425933
-777
-1668
-1399
1582
3100
-755
11426958
-539
-1758
-959
1370
2104
-691
11427983
-217
-1762
-412
1110
1239
-639
11420801
144
-1795
137
1008
611
-573
11421826
254
-1909
471
1080
-163
-533
11422851
384
-1850
551
1307
-1115
-371
11423876
712
-1503
462
1319
-1447
-239
11424901
1063
-1060
181
1294
-950
-478
11425926
1073
-692
291
1214
-335
-383
11426951
514
-282
238
1183
41
50
11427976
307
185
265
1498
1142
539
11429001
724
1073
390
2229
3546
-13
11430026
1282
1595
638
3242
5482
-929
11431051
1546
1994
1166
3998
7263
-822
11432076
2637
1985
1783
4066
8595
-323
11433101
2795
1841
1838
3963
10208
-453
11434126
1283
2016
1221
3425
10027
-1018
11435151
28
2074
902
2162
8448
-1435
11436176
-81
1830
677
1058
7399
-1037
11428992
-112
1725
598
706
5901
-746
11430017
-15
1653
718
-79
4369
-484
11431042
169
1527
751
-568
3214
-427
11432067
387
1438
795
-998
2587
-495
11433092
475
1388
646
-1591
2261
-471
11434117
602
1163
469
-1695
1382
-190
11435142
659
965
221
-1864
374
178
11436167
625
872
-92
-2058
-25
248
11437192
370
776
-531
-2150
288
121
11438217
-30
564
-923
-2057
633
-19
11439242
-412
341
-1274
-1745
852
20
11440267
-506
154
-1538
-1117
1888
144
11441292
-514
347
-1768
-1198
3772
-435
11442317
-441
535
-1659
-2323
7009
-888
11443342
-901
286
-1547
-1604
10559
-688
11444367
-1649
-112
-1702
1692
12309
-1753
11437185
-674
-732
-1448
2986
11263
-1107
11438210
-458
-1133
-1780
1566
10452
-580
11439235
-560
-1165
-2097
1528
9075
-332
11440260
-957
-1266
-1789
1376
6813
-344
11441285
-1276
-1398
-1651
1365
4758
-618
11442310
-1296
-1640
-1636
1449
3336
-667
11443335
-1056
-1891
-1438
1480
2155
-631
11444360
-588
-1986
-884
1420
1375
-534
11445385
-314
-1986
-481
1298
624
-351
11446410
-292
-1946
-383
1359
-795
-57
11447435
-284
-1672
-385
1345
-1649
140
11448460
-129
-1296
-421
1270
-1634
-10
11449485
68
-915
-389
1170
-1207
-288
11450510
109
-467
-239
1156
-946
-160
11451535
-134
-171
-114
1398
-798
172
11452560
-114
190
-14
2287
-209
1156
11445376
80
1616
314
2528
3155
518
11446401
896
2984
490
2388
8217
-332
11447426
1472
2026
1658
3903
8228
-713
11448451
2969
1783
2655
5454
7365
109
11449476
4073
2249
2618
4747
8554
1527
11450501
2423
2237
2120
3621
10763
203
11451526
860
2346
1008
2407
8709
-1007
11452551
224
2494
825
1958
6851
-1497
11453576
390
2447
1020
1266
5962
-1618
11454601
478
2403
901
867
4819
-1450
11455626
604
2391
775
502
3603
-1075
11456651
712
2420
698
-228
2872
-840
11457676
698
2478
512
-859
2369
-870
11458701
685
2502
345
-1286
2058
-872
11459726
723
2405
284
-1433
1931
-826
11460751
803
2219
298
-1540
1237
-769
11453641
928
2005
317
-1692
579
-694
11454666
1036
1814
178
-1861
389
-604
11455691
1090
1550
-49
-1755
470
-265
11456716
910
1275
-261
-1185
835
110
11457741
603
1147
-513
-530
1609
214
11458766
499
1263
-777
-672
2396
-162
11459791
605
1678
-928
-296
4871
-912
11460816
1071
1895
-1224
1636
10334
-574
11461841
120
1853
-1144
4313
11642
60
11462866
-470
1713
-1213
5867
10189
-3
11463891
-53
1736
-1600
4365
8440
1190
11464916
-299
1956
-1647
986
7834
742
11465941
-165
1799
-1708
1143
7200
682
11466966
-316
1617
-1657
902
6101
578
11467991
-344
1342
-1547
1065
4843
422
11469016
-438
1098
-1314
831
3666
455
11461760
-730
933
-1015
150
2714
289
11462785
-976
881
-915
-132
1830
164
11463810
-1070
857
-991
171
981
41
11464835
-1106
911
-1027
627
22
-222
11465860
-1044
1183
-897
739
-646
-444
11466885
-863
1576
-821
942
-802
-520
11467910
-512
1886
-821
1632
-1068
-650
11468935
68
2047
-588
2091
-1192
-595
11469960
464
2304
-150
2057
-579
-550
11470985
467
2666
349
1911
894
-406
11472010
630
2943
644
2688
2951
-436
11473035
1434
3522
927
3018
5112
-327
11474060
1749
3738
1779
2740
5941
-326
11475085
1905
3600
2907
2649
7455
-848
11476110
2902
2911
3332
2653
10471
-987
11477135
3195
2500
2755
3204
10657
-53
11469952
2124
2540
2676
1945
9212
268
11470977
1304
2201
2186
1265
8565
-220
11472002
604
2045
1838
1736
8057
-666
11473027
121
2066
1908
1245
5998
-851
11474052
439
1939
1902
530
4645
-538
11475077
832
1815
1722
123
3773
-394
11476102
1162
1775
1449
-81
3230
-484
11477127
1417
1872
1210
-330
2914
-585
11478152
1575
1930
1073
-707
2450
-538
11479177
1686
1939
833
-845
1862
-539
11480202
1756
1917
534
-823
1447
-535
11481227
1717
1872
222
-835
1151
-543
11482252
1580
1807
-92
-757
1129
-474
11483277
1287
1742
-517
-680
1448
-341
11484302
894
1637
-949
-381
1603
-179
11485327
578
1573
-1302
96
2149
77
11478145
445
1718
-1599
185
3660
-158
11479170
608
1793
-1765
93
6218
-265
11480195
284
1599
-1603
545
8536
418
11481220
-532
1448
-1440
2105
10475
592
11482245
-24
1278
-1840
3848
11491
781
11483270
438
1031
-2216
3018
10865
914
11484295
98
847
-2501
2585
9499
1213
11485320
-816
824
-2763
2378
7813
1431
11486345
-1700
725
-3043
1536
5112
831
11487370
-1680
303
-3020
1273
3187
736
11488395
-1687
203
-2343
1289
2357
625
11489420
-1725
372
-1753
1400
1725
186
11490445
-1770
515
-1198
1540
856
-233
11491470
-1665
791
-542
1535
-136
-503
11492495
-1150
1043
108
1654
-432
-628
11493520
-232
1035
678
1924
56
-619
11486336
397
1018
936
2114
476
-691
11487361
983
1008
995
2072
206
-596
11488386
1437
1163
950
1993
103
-560
11489411
1431
1334
722
1734
663
-414
11490436
799
1362
560
1466
1047
-143
11491461
0
1509
793
1391
1944
-353
11492486
-26
1644
1001
1661
4020
-343
11493511
400
1607
1218
1843
5406
203
11494536
1004
1228
1824
2468
5370
372
11495561
2530
870
2262
2987
6146
375
11496586
3411
617
2140
3065
8612
290
11497611
2695
574
1478
3536
10218
392
11498636
1059
928
1128
2821
9647
308
11499661
-195
1118
1044
1596
7636
-49
11500686
-419
1123
877
690
6048
-31
11501711
14
1042
713
100
5038
351
11494528
469
887
622
-390
4343
611
11495553
555
736
500
-791
3691
697
11496578
323
558
435
-1241
3029
667
11497603
-22
308
346
-1763
2335
605
11498628
-379
18
126
-2040
1571
502
11499653
-578
-224
-188
-2140
939
479
11500678
-680
-463
-551
-2107
852
433
11501703
-866
-758
-952
-1886
1370
171
11502728
-1295
-1055
-1317
-1682
1756
-184
11503753
-1720
-1254
-1608
-1271
2196
-547
11504778
-1897
-1257
-1917
-1503
3290
-1289
11505803
-1976
-1333
-1963
-2256
5834
-1784
11506828
-1966
-1707
-1636
-1814
8575
-1730
11507853
-2380
-2135
-1571
34
9660
-2815
11508878
-1586
-2558
-1985
1439
10332
-2981
11509903
-1576
-2727
-2399
1776
10879
-2298
11502719
-2385
-2578
-2643
1465
9483
-2204
11503744
-2328
-2417
-2689
1409
7538
-2053
11504769
-1890
-2249
-2520
1275
5788
-2274
11505794
-1267
-2236
-2183
1041
4451
-1966
11506819
-834
-2335
-1824
957
3833
-1486
11507844
-674
-2371
-1458
987
3058
-1206
11508869
-487
-2310
-1120
1158
2093
-1261
11509894
-79
-2264
-754
1174
1255
-1490
11510919
449
-2212
-326
1048
885
-1596
11511944
875
-2158
90
989
712
-1643
11512969
1068
-2139
350
1006
565
-1446
11513994
984
-2224
395
1119
472
-1087
11515019
623
-2220
184
1325
465
-914
11516044
228
-2172
-83
1418
939
-928
11517069
13
-2157
-430
1566
1311
-775
11518094
-175
-2043
-517
1711
1269
-124
11510912
-214
-1589
-483
1965
2720
78
11511937
373
-1254
-348
2944
5308
-19
11512962
699
-1258
713
3346
5837
149
11513987
1233
-1142
1531
3710
6296
237
11515012
2162
-868
1791
3752
8545
782
11516037
1734
-859
2103
3702
10148
403
11517062
787
-568
1832
3563
9976
69
11518087
257
-255
1590
2717
8641
256
11519112
105
-114
1541
1769
6664
477
11520137
-38
-27
1456
754
4898
416
11521162
-49
87
1344
-24
3854
355
11522187
88
165
1263
-540
3264
318
11523212
235
233
1237
-857
2873
218
11524237
412
226
1222
-1169
2500
168
11525262
594
109
1158
-1285
1800
316
11526287
684
-16
1069
-1431
1224
549
11519104
640
-172
841
-1595
1106
597
11520129
472
-356
395
-1554
1172
480
11521154
-66
-477
-115
-1481
1254
180
11522179
-667
-615
-609
-1328
1444
-111
11523204
-1014
-782
-1109
-1014
2070
-224
11524229
-1181
-810
-1561
-812
3452
-867
11525254
-1155
-772
-1910
-1246
5971
-1441
11526279
-1402
-1064
-1852
-1438
7902
-1399
11527304
-1999
-1528
-1724
-353
9620
-1520
11528329
-1786
-1730
-2014
1463
10850
-1170
11529354
-1403
-1840
-2208
1740
10797
-1034
11530379
-1274
-1940
-2274
1796
9944
-1258
11531404
-1387
-1889
-2276
2162
8407
-1000
11532429
-1700
-1760
-2208
2177
6300
-850
11533454
-1470
-1870
-2034
2071
4596
-921
11534479
-960
-1934
-1807
1885
3263
-719
11527297
-548
-1974
-1502
1861
1898
-473
11528322
-283
-1851
-908
1850
1221
-512
11529347
120
-1618
-226
1512
931
-362
11530372
333
-1503
234
1224
342
-412
11531397
499
-1430
443
1201
-460
-339
11532422
643
-1248
452
1360
-1016
-341
11533447
821
-933
271
1370
-1103
-240
11534472
945
-707
122
1516
-517
-308
11535497
667
-369
208
1677
24
-54
11536522
257
109
174
1680
992
351
11537547
430
763
393
2252
3270
-222
11538572
1189
1178
702
3179
5706
-306
11539597
1215
1183
1526
4014
5892
-514
11540622
1798
1152
2380
4259
5773
-404
11541647
3018
988
2131
3830
9157
409
11542672
2500
1027
1189
4457
11221
112
11535488
734
1463
1008
3571
9691
-612
11536513
67
1419
886
2520
7768
-770
11537538
51
1339
810
1751
6293
-621
11538563
57
1298
781
495
4896
-118
11539588
207
1232
708
-41
3941
293
11540613
274
1331
650
-597
3195
332
11541638
285
1419
541
-1185
2547
170
11542663
453
1355
466
-1405
1806
127
11543688
655
1142
433
-1770
1114
430
11544713
585
920
234
-2133
592
539
11545738
363
735
-87
-2285
374
462
11546763
119
524
-477
-2352
576
281
11547788
-158
258
-827
-2183
806
118
11548813
-525
-40
-1146
-1794
1023
195
11549838
-782
-205
-1416
-1403
1613
53
11550863
-704
-119
-1616
-1626
3751
-742
11543683
-81
-97
-1729
-2333
7798
-1062
11544708
-339
-536
-1677
-1047
9665
-968
11545733
-1231
-913
-1428
899
11160
-1030
11546758
-988
-1166
-1711
2113
10325
-529
11547783
-803
-1352
-1868
1449
9686
-375
11548808
-709
-1297
-1877
1248
8624
-274
11549833
-770
-1281
-1672
1590
6942
-213
11550858
-735
-1339
-1406
1937
5274
-642
11551883
-329
-1473
-1192
1939
4113
-623
11552908
18
-1628
-958
2026
3305
-413
11553933
31
-1645
-524
1929
2574
-336
11554958
-151
-1581
-235
1612
1573
-350
11555983
-327
-1482
-76
1269
431
-327
11557008
-324
-1414
4
1139
-522
-216
11558033
-190
-1215
-85
1278
-888
-70
11559058
-57
-930
-195
1328
-801
-53
11551872
-4
-660
-189
1493
-692
-90
11552897
-214
-358
-177
1622
-399
-118
11553922
-186
-66
-129
1881
175
654
11554947
-47
530
327
2069
1732
477
11555972
658
1322
885
2860
4726
-191
11556997
1676
1503
1406
3762
6504
-202
11558022
1994
1313
2740
4224
7157
-1005
11559047
3478
893
2971
3522
8571
-313
11560072
3624
809
2237
4819
9075
754
11561097
1540
1185
1789
4673
9740
329
11562122
-64
1467
1188
2977
9099
-592
11563147
-630
1544
1118
1924
7169
-916
11564172
-821
1600
1230
592
5100
-815
11565197
-472
1478
1050
83
4252
-403
11566222
-29
1526
896
-43
3593
-217
11567247
259
1630
863
-427
2896
-103
11560064
628
1547
827
-871
2243
223
11561089
849
1383
687
-998
1786
705
11562114
816
1510
458
-1113
1145
780
11563139
735
1418
419
-2074
568
540
11564164
572
1122
211
-2540
432
284
11565189
395
815
-70
-2650
855
348
11566214
61
451
-459
-2395
1417
483
11567239
-478
155
-844
-1962
1538
384
11568264
-828
55
-1105
-2008
2036
-420
11569289
-705
-11
-1102
-2961
4441
-736
11570314
-539
-379
-1267
-2401
8709
-294
11571339
-1458
-798
-1776
-183
11151
-909
11572364
-2270
-1062
-1968
2221
10399
-1552
11573389
-1134
-1236
-2298
2818
10973
180
11574414
-826
-1236
-2509
2374
11600
726
11575439
-1007
-1002
-2498
2335
9872
203
11568256
-1080
-965
-2477
2262
7291
76
11569281
-1119
-1288
-2315
2271
5127
-201
11570306
-818
-1545
-2140
2092
3733
-217
11571331
-740
-1773
-1860
1758
2553
-79
11572356
-760
-1920
-1466
1779
1224
-99
11573381
-587
-1874
-903
1653
455
-83
11574406
-289
-1763
-446
1589
-101
-200
11575431
69
-1637
-102
1662
-707
-86
11576456
343
-1446
125
1668
-1139
15
11577481
580
-1165
225
1720
-1502
-67
11578506
903
-803
257
1717
-1697
-302
11579531
1008
-399
230
1474
-755
-178
11580556
860
-74
249
1512
456
670
11581581
302
514
833
1568
1354
746
11582606
422
1216
1302
2599
3744
545
11583631
1142
1567
1867
3793
6289
965
11576448
1467
1392
3123
4296
8074
427
11577473
2810
1077
3372
4408
8977
66
11578498
3222
1440
2620
5036
10111
236
11579523
2110
1853
2014
4543
10887
62
11580548
995
1869
1683
2759
9152
-116
11581573
-23
1813
1445
1381
6774
-587
11582598
-466
1807
1403
218
5024
-647
11583623
-233
1739
1341
-601
4200
-316
11584648
76
1692
1241
-838
3530
-90
11585673
443
1605
1257
-1154
2749
63
11586698
720
1437
1187
-1650
2080
263
11587723
761
1245
928
-1973
1405
116
11588748
804
1000
712
-2150
819
43
11589773
674
724
403
-2439
701
-12
11590798
421
431
-102
-2449
1199
58
11591823
-25
58
-713
-1936
1694
126
11584640
-663
-198
-1229
-1500
1477
115
11585665
-1121
-329
-1455
-1482
1816
-390
11586690
-979
-376
-1631
-1849
4974
-954
11587715
-457
-578
-1906
-1282
8036
-676
11588740
-1326
-925
-1682
-274
9552
-1366
11589765
-1253
-1319
-1746
1904
11498
-1322
11590790
-535
-1667
-2066
3248
11898
-285
11591815
-677
-1758
-2251
2818
11042
-490
11592840
-917
-1584
-2303
2421
9107
-711
11593865
-1173
-1552
-2208
1892
6938
-654
11594890
-1168
-1744
-2105
1866
4996
-897
11595915
-937
-1883
-1860
1910
3586
-754
11596940
-806
-1968
-1539
1755
2460
-650
11597965
-575
-2011
-1201
1767
1884
-490
11598990
-427
-1968
-809
1552
1049
-299
11600015
-278
-1943
-486
1548
-408
-151
11592831
-260
-1839
-280
1562
-1765
-73
11593856
-131
-1617
-298
1476
-2199
-167
11594881
435
-1274
-354
1470
-2220
-231
11595906
806
-894
-307
1394
-1061
-64
11596931
225
-494
-82
1287
-951
23
11597956
46
-164
133
1642
-823
683
11598981
551
591
697
2251
2056
-153
11600006
1895
1587
865
3413
6504
-374
11601031
2154
1413
1866
4445
7567
-396
11602056
2531
1055
3467
4532
7394
-1061
11603081
4149
579
2816
4223
8541
313
11604106
3331
721
1512
6161
9393
418
11605131
736
1439
979
4735
9696
-926
11606156
-685
1582
576
2853
8105
-1616
11607181
-809
1554
482
2041
6006
-1373
11608206
-456
1694
508
1248
4476
-1224
11601024
144
1805
443
562
3553
-948
11602049
613
1797
353
22
2896
-719
11603074
858
1852
269
-346
2109
-648
11604099
1004
1841
210
-718
1680
-595
11605124
1028
1851
206
-1016
1509
-225
11606149
1003
1793
268
-1522
988
115
11607174
924
1690
230
-1771
404
88
11608199
913
1566
60
-1923
106
-22
11609224
923
1338
-100
-1831
302
56
11610249
668
1175
-355
-1437
634
198
11611274
324
1091
-541
-1110
1253
-169
11612299
190
1145
-633
-994
3040
-821
11613324
946
1736
-776
509
8901
-697
11614349
1212
2120
-843
3435
10716
-471
11615374
18
1832
-548
7384
9260
-2351
11616399
1919
964
-1040
7978
10112
-21
11609217
1327
1205
-1878
5019
10635
1043
11610242
-873
1933
-2366
3675
7224
-21
11611267
-1409
2068
-1986
2701
5391
-382
11612292
-1172
1959
-1782
2246
4084
-689
11613317
-677
1630
-1633
2030
2820
-521
11614342
-702
1277
-1395
1816
1568
-102
11615367
-995
1145
-944
1520
233
91
11616392
-982
1210
-487
1039
-762
-14
11617417
-882
1492
-429
639
-1313
-175
11618442
-479
1773
-430
707
-1513
-166
11619467
15
2070
-354
1090
-1076
-332
11620492
398
2425
-288
1276
-1102
-609
11621517
657
2799
-20
1254
-1331
-667
11622542
721
2988
426
1098
-600
-442
11623567
941
2996
671
1694
1016
-137
11624592
1544
3501
774
2562
3907
-16
11617407
2314
4024
1067
2886
6465
287
11618432
2112
3961
2204
2841
6065
-16
11619457
2071
3690
3161
2642
5599
-797
11620482
2754
3314
3026
3120
6569
-625
11621507
2463
3405
2340
4218
7790
-349
11622532
1788
3637
1954
3984
8425
-268
11623557
1768
3549
1912
3235
8561
-397
11624582
1966
3420
1590
3358
8443
-736
11625607
1733
3209
1520
3002
7324
-1162
11626632
1446
2939
1406
2150
5892
-1245
11627657
1359
2705
1233
1689
4948
-1044
11628682
1274
2611
1147
1236
4376
-844
11629707
1189
2540
1061
1057
3928
-823
11630732
1205
2512
1044
853
3459
-956
11631757
1360
2489
1064
664
3029
-1108
11632782
1529
2416
1102
563
2718
-1182
11625600
1681
2383
1094
489
2633
-1170
11626625
1908
2372
1021
390
2716
-1060
11627650
2181
2301
907
289
2810
-969
11628675
2408
2170
689
245
2840
-834
11629700
2463
1979
493
-36
2434
-656
11630725
2334
1674
339
-396
1779
-506
11631750
2079
1321
138
-655
1362
-409
11632775
1817
958
-96
-787
1410
-282
11633800
1556
643
-410
-777
1913
-51
11634825
1222
398
-681
-740
2249
-41
11635850
813
225
-845
-643
3138
-203
11636875
529
37
-965
-291
4845
-74
11637900
24
-37
-1118
418
6827
169
11638925
-395
-158
-1320
1778
8620
352
11639950
-153
-355
-1547
3080
10206
-130
11640975
372
-531
-2008
4270
11050
-333
11633792
121
-644
-2457
4843
10986
84
11634817
-824
-533
-2642
4195
9371
417
11635842
-1688
-406
-2707
3591
6705
248
11636867
-1673
-421
-2641
3140
4986
190
11637892
-1442
-519
-2469
2793
3765
195
11638917
-1262
-689
-2242
2337
2476
183
11639942
-991
-827
-1798
2158
1753
129
11640967
-869
-694
-1314
2100
1599
26
11641992
-741
-576
-849
1865
964
-128
11643017
-445
-501
-278
1626
306
-303
11644042
-111
-347
197
1156
71
-274
11645067
230
-444
557
1011
20
-363
11646092
497
-504
617
1357
-188
-336
11647117
781
-299
575
1472
-525
-232
11648142
967
-37
604
1477
-438
-239
11649167
916
172
616
1406
32
-80
11641984
496
348
573
1513
691
341
11643009
262
551
719
2690
2441
-229
11644034
811
1188
761
4350
6972
-459
11645059
1212
1557
1073
4965
10070
-896
11646084
1103
1247
1840
5104
7977
-1927
11647109
2431
979
1632
5610
7137
303
11648134
1813
1045
924
5390
8473
1358
11649159
225
1620
255
3069
8192
699
11650184
-357
1779
22
1897
6440
-96
11651209
-263
1792
227
976
4821
-682
11652234
-3
1614
289
60
3722
-861
11653259
154
1382
210
-376
2825
-503
11654284
200
1234
266
-697
2005
-51
11655309
257
1105
479
-1223
1528
102
11656334
432
974
498
-1664
1309
117
11657359
600
774
309
-1800
785
162
11650177
609
611
65
-1773
110
188
11651202
580
495
-245
-1725
-56
172
11652227
453
342
-577
-1343
610
152
11653252
35
277
-892
-827
1763
84
11654277
-310
198
-1284
-611
2618
166
11655302
-305
198
-1781
-215
3474
77
11656327
-265
155
-1921
-605
5244
-603
11657352
-647
-305
-1485
-615
7860
-610
11658377
-1003
-936
-1408
1148
11519
59
11659402
-1064
-1314
-1630
3554
11934
668
11660427
-1464
-1407
-1850
3785
10475
758
11661452
-2022
-1278
-2133
2687
8963
650
11662477
-2307
-1140
-2223
2221
7360
705
11663502
-2469
-834
-2106
2114
5378
302
11664527
-2066
-654
-1839
1887
3962
-95
11665552
-1657
-615
-1628
1688
2974
-281
11658368
-1086
-601
-1329
1550
1945
-374
11659393
-459
-581
-934
1448
1078
-428
11660418
-104
-502
-564
1238
243
-403
11661443
136
-345
-256
972
-293
-205
11662468
307
-192
-288
960
-577
-7
11663493
378
-97
-405
1154
-634
-63
11664518
374
66
-495
1307
-587
-259
11665543
235
283
-476
1265
-472
-321
11666568
-114
462
-315
1196
-153
76
11667593
-400
673
6
1288
531
396
11668618
-197
948
628
2095
2655
252
11669643
744
1345
1119
3226
6479
1329
11670668
1935
1073
2110
4234
7612
1443
11671693
3435
613
2905
4268
6420
287
11672718
4752
475
2560
4461
7533
281
11673743
3892
580
2007
4283
10227
120
11666598
1569
902
1926
2923
9684
-402
11667623
-73
1022
1941
1607
7116
-769
11668648
-490
936
1887
713
5524
-383
11669673
-407
915
1722
294
4505
124
11670698
50
1013
1562
-10
3788
496
11671723
570
1195
1449
-406
3400
798
11672748
818
1366
1333
-817
2864
768
11673773
988
1457
1145
-1149
2150
534
11674798
1112
1447
882
-1575
1492
230
11675823
1084
1373
591
-2135
1126
-28
11676848
879
1124
287
-2444
1081
-61
11677873
453
800
-97
-2371
1202
26
11678898
-142
456
-508
-1996
1413
180
11679923
-747
181
-896
-1281
1842
230
11680948
-1020
109
-1206
-1041
2593
-90
11681973
-905
113
-1441
-1475
4951
-754
11674752
-577
115
-1603
-1080
8542
-214
11675777
-1615
-120
-1679
904
11327
-276
11676802
-2455
-418
-1841
3091
12525
-976
11677827
-2116
-857
-2282
4101
11379
-767
11678852
-1547
-1088
-2696
3638
10151
223
11679877
-1416
-1185
-2701
2353
8136
661
11680902
-1508
-1526
-2563
1910
6035
275
11681927
-1265
-1786
-2338
1759
4303
-118
11682952
-1044
-2033
-2094
1673
3325
-40
11683977
-1118
-2134
-1925
1713
2559
-91
11685002
-1065
-2124
-1637
1673
1677
-339
11686027
-883
-2018
-1310
1660
1032
-505
11687052
-621
-1871
-992
1505
354
-678
11688077
-328
-1679
-675
1427
-635
-629
11689102
22
-1488
-388
1420
-1446
-486
11690127
370
-1190
-200
1328
-1428
-502
11682944
626
-851
-169
1237
-954
-364
11683969
624
-613
-88
1254
-639
-124
11684994
356
-398
123
1483
-386
495
11686019
111
-88
553
1982
825
523
11687044
937
450
839
2861
3610
768
11688069
2280
936
1128
4210
6226
1413
11689094
2598
1074
2379
4483
6118
596
11690119
3278
684
3427
3842
7029
-543
11691144
4409
287
2790
4523
8770
416
11692169
3349
618
2202
5370
10158
1092
11693194
1252
1207
1705
3801
10569
700
11694219
-61
1580
1391
2647
8628
-90
11695244
-248
1677
1337
1295
6266
-512
11696269
77
1631
1105
846
5148
-262
11697294
308
1713
977
253
3910
-100
11698319
697
1685
878
-605
3088
33
11691137
974
1522
618
-1019
2694
-23
11692162
1182
1441
268
-885
2209
58
11693187
1253
1415
110
-1345
1590
381
11694212
1057
1342
-159
-1728
1008
443
11695237
609
1253
-437
-1970
747
315
11696262
193
1069
-722
-1878
934
148
11697287
-31
808
-1104
-1461
1422
82
11698312
-286
560
-1458
-964
1938
216
11699337
-606
427
-1767
-633
2844
155
11700362
-688
464
-2007
-1180
4062
-425
11701387
-674
388
-1894
-1837
6447
-215
11702412
-1177
80
-1669
-647
9121
-162
11703437
-1219
-152
-1611
1916
11382
-137
11704462
-931
-363
-1793
3182
10788
235
11705487
-1049
-569
-2057
2072
9152
75
11706512
-573
-757
-2202
1558
8495
318
11699328
-856
-773
-2248
1164
7303
259
11700353
-1259
-791
-2249
1148
5386
-322
11701378
-1067
-1011
-2051
834
4252
-311
11702403
-1062
-1324
-1962
609
3429
-323
11703428
-1090
-1561
-1989
658
2484
-234
11704453
-1094
-1648
-1936
834
1916
-192
11705478
-1172
-1618
-1912
895
1503
-152
11706503
-1278
-1541
-1917
1081
976
-192
11707528
-1259
-1385
-1828
1011
495
-298
11708553
-1092
-1227
-1724
993
453
-321
11709578
-901
-1034
-1606
1057
498
-328
11710603
-833
-761
-1377
1095
659
-305
11711628
-684
-618
-1114
1076
924
-139
11712653
-252
-478
-957
1267
1118
630
11713678
115
-18
-619
1358
2203
1324
11714703
208
537
80
1227
4060
1176
11707519
167
899
1024
898
5273
1185
11708544
987
771
1742
1086
5228
1489
11709569
3040
165
2058
1468
5941
1805
11710594
4245
-126
1973
1067
7505
1739
11711619
3910
-165
1762
1147
8283
1402
11712644
2827
-325
1714
863
7747
1144
11713669
1334
-485
1409
247
6213
662
11714694
161
-614
1021
-204
5009
579
11715719
-254
-669
698
-269
4513
991
11716744
-14
-628
539
-216
4313
1031
11717769
431
-447
488
-279
3980
722
11718794
851
-218
354
-403
3571
463
11719819
1208
-126
172
-493
3199
405
11720844
1435
-120
-90
-826
2709
620
11721869
1476
-381
-292
-789
2665
273
11722894
1548
-434
-10
-682
3116
-560
11715712
1768
-361
55
-698
3571
-645
11716737
1631
-327
96
-456
3755
-209
11717762
1154
-184
106
-312
4024
-161
11718787
960
-66
-51
-254
4209
-790
11719812
1161
-109
-126
-246
3658
-961
11720837
1742
-228
13
596
2876
216
11721862
1870
45
150
1275
4503
606
11722887
726
313
-103
613
5505
-474
11723912
42
220
-212
-50
4582
-991
11724937
178
133
-8
-57
4056
-1134
11725962
305
110
158
-134
4802
-1198
11726987
-95
74
13
-307
5311
-1223
11728012
-579
13
-89
-258
4203
-901
11729037
-692
93
-167
-186
4102
-782
11730062
-464
128
-285
-88
4033
-748
11731087
-320
171
-292
-129
3725
-414
11723904
-252
243
-291
-81
3503
-377
11724929
-262
338
-240
-237
3409
-541
11725954
-298
389
-206
-363
3820
-502
11726979
-310
426
-256
-459
3902
-536
11728004
-209
467
-285
-672
3952
-854
11729029
-215
450
-298
-680
4018
-1004
11730054
-345
406
-318
-508
3888
-1146
11731079
-399
357
-308
-492
3712
-1057
11732104
-489
354
-285
-548
3566
-1013
11733129
-577
361
-264
-709
3587
-1100
11734154
-605
303
-283
-703
3476
-1088
11735179
-530
237
-265
-654
3254
-1088
11736204
-435
188
-194
-757
3229
-1158
11737229
-375
106
-122
-715
3343
-1155
11738254
-284
28
-66
-641
3476
-1153
11739279
-105
-63
-23
-608
3548
-1092
11732096
72
-201
50
-485
3251
-1113
11733121
317
-280
135
-391
3607
-1139
11734146
412
-339
155
-335
4077
-1150
11735171
329
-382
128
-368
4362
-1033
11736196
166
-386
63
-342
4420
-576
11737221
48
-303
-29
-338
4275
-88
11738246
-32
-179
-80
-365
3965
-310
11739271
-58
-126
-73
-371
3911
-625
11740296
-64
-145
-89
-376
4001
-506
11741321
-55
-192
-83
-308
3871
-277
11742346
-141
-138
-46
-302
3843
-50
11743371
-144
-41
-19
-326
3910
-352
11744396
-79
-40
-25
-388
4096
-667
11745421
0
-105
-21
-442
4026
-563
11746446
60
-148
28
-436
3596
-336
11747471
207
-101
118
-346
3577
-388
11740289
277
-62
119
-219
4008
-577
11741314
154
-22
164
-373
4130
-378
11742339
-12
31
147
-488
4031
-484
11743364
48
48
111
-590
3917
-597
11744389
185
70
86
-639
3893
-480
11745414
262
97
56
-628
3801
-446
11746439
257
129
50
-558
3869
-508
11747464
197
139
44
-506
3985
-631
11748489
122
111
28
-531
4091
-769
11749514
41
63
1
-596
4088
-819
11750539
8
10
-21
-613
3932
-750
11751564
51
-20
-32
-519
3813
-688
11752589
67
-13
-32
-545
3897
-757
11753614
-7
-30
-29
-598
3893
-828
11754639
-44
-45
-24
-560
3905
-768
11755664
-17
-50
-33
-554
3886
-714
11748480
14
-51
-43
-557
3868
-767
11749505
35
-56
-38
-531
3855
-692
11750530
56
-49
-26
-535
3869
-663
11751555
82
-46
-13
-558
3946
-700
11752580
83
-57
-10
-564
3982
-640
11753605
45
-70
-16
-589
3962
-653
11754630
44
-91
-28
-577
3940
-648
11755655
34
-103
-23
-597
3919
-656
11756680
-30
-113
-19
-614
3909
-635
11757705
-59
-119
-26
-607
3884
-559
11758730
-37
-111
-24
-556
3915
-443
11759755
-151
-55
-34
-608
3974
-528
11760780
-2
-57
-82
-511
3989
-615
11761805
145
-74
-75
-423
3836
-627
11762830
95
-89
-3
-421
3535
-632
11763855
30
-54
54
-391
3817
-705
11756671
-51
-74
81
-463
3984
-814
11757696
-40
-99
66
-507
4108
-713
11758721
-24
-107
57
-615
3854
-764
11759746
88
-116
64
-655
3768
-837
11760771
163
-125
66
-641
3837
-763
11761796
82
-115
61
-668
3978
-734
11762821
-18
-127
28
-674
3959
-757
11763846
32
-149
-26
-626
3999
-793
11764871
107
-170
-61
-519
4002
-710
11765896
32
-174
-76
-575
3756
-709
11766921
42
-172
-87
-579
3577
-619
11767946
105
-145
-51
-582
3672
-676
11768971
71
-146
-8
-617
3737
-695
11769996
21
-149
24
-632
3685
-718
11771021
124
-145
59
-646
3795
-794
11772046
215
-151
76
-636
3957
-876
11764864
214
-163
80
-591
3985
-811
11765889
152
-146
80
-630
3928
-776
11766914
101
-127
62
-647
3945
-773
11767939
70
-126
34
-637
3945
-779
11768964
71
-114
-24
-618
4136
-712
11769989
-5
-105
-85
-630
4096
-678
11771014
-81
-91
-141
-644
3912
-680
11772039
-107
-76
-169
-576
3851
-641
11773064
-126
-65
-164
-565
3868
-644
11774089
-163
-61
-156
-615
3791
-702
11775114
-129
-75
-145
-591
3712
-693
11776139
-89
-65
-114
-603
3715
-683
11777164
-86
-40
-97
-633
3734
-653
11778189
-56
-18
-104
-622
3784
-681
11779214
-39
13
-106
-670
3809
-721
11780239
-50
43
-97
-692
3831
-755
11773056
-39
71
-101
-740
3838
-757
11774081
18
87
-123
-749
3863
-669
11775106
21
99
-131
-799
3839
-650
11776131
-6
88
-129
-786
3803
-648
11777156
2
76
-127
-758
3832
-597
11778181
51
80
-111
-797
3904
-582
11779206
68
85
-104
-810
3903
-565
11780231
60
86
-97
-788
3838
-591
11781256
77
87
-81
-733
3873
-582
11782281
30
108
-68
-754
3889
-574
11783306
-2
122
-67
-792
3851
-589
11784331
23
140
-72
-818
3895
-635
11785356
1
151
-79
-830
3865
-670
11786381
-37
167
-70
-842
3850
-674
11787406
-57
180
-60
-887
3812
-743
11788431
-41
170
-73
-876
3862
-777
11781248
-29
153
-60
-908
3622
-506
11782273
102
170
3
-789
3314
-632
11783298
178
234
32
-761
3941
-836
11784323
34
221
25
-839
4046
-658
11785348
-50
222
-20
-882
4064
-688
11786373
-28
234
-44
-954
3967
-650
11787398
4
244
-56
-918
3782
-635
11788423
23
254
-43
-911
3719
-698
11789448
31
238
-15
-898
3794
-751
11790473
11
207
-2
-929
3871
-758
11791498
-10
172
3
-984
3829
-753
11792523
4
142
8
-992
3793
-761
11793548
38
114
16
-975
3806
-750
11794573
56
90
24
-962
3788
-759
11795598
63
81
30
-963
3809
-763
11796623
71
69
39
-968
3846
-819
11789440
53
47
42
-979
3840
-848
11790465
39
17
43
-976
3768
-875
11791490
68
-17
51
-938
3786
-892
11792515
81
-53
52
-898
3864
-869
11793540
54
-84
51
-876
3859
-862
11794565
41
-103
50
-851
3856
-864
11795590
59
-107
47
-778
3931
-873
11796615
56
-116
28
-694
3928
-800
11797640
21
-105
30
-683
3854
-789
11798665
7
-86
46
-711
3861
-822
11799690
3
-87
40
-680
3912
-794
11800715
-11
-93
38
-688
3831
-754
11801740
-24
-80
47
-710
3780
-841
11802765
-28
-72
44
-704
3811
-862
11803790
-60
-65
49
-735
3815
-871
11804815
-73
-67
47
-768
3783
-884
11797631
-40
-67
38
-770
3814
-886
11798656
-28
-69
30
-764
3834
-883
11799681
-37
-86
26
-724
3811
-860
11800706
-45
-93
27
-719
3786
-837
11801731
-31
-83
24
-679
3786
-701
11802756
-44
-31
43
-654
3803
-667
11803781
-29
-10
27
-666
3967
-806
11804806
-13
-27
15
-612
3900
-717
11805831
-10
-20
23
-549
3788
-673
11806856
-24
16
46
-626
3799
-722
11807881
-31
44
59
-674
3811
-744
11808906
-3
50
54
-685
3790
-789
11809931
28
43
44
-731
3749
-805
11810956
54
35
48
-753
3709
-803
11811981
86
38
48
-790
3737
-827
11813006
140
40
35
-796
3781
-810
11805824
168
46
26
-788
3830
-837
11806849
147
42
12
-796
3837
-887
11807874
120
25
-2
-759
3895
-927
11808899
51
8
-9
-783
3949
-927
11809924
-17
-14
-14
-798
3929
-896
11810949
-38
-24
-18
-826
3902
-864
11811974
-12
-36
-30
-840
3900
-864
11812999
-2
-57
-30
-829
3870
-852
11814024
0
-84
-16
-780
3787
-808
11815049
3
-85
1
-777
3802
-827
11816074
-5
-78
13
-803
3877
-823
11817099
-30
-87
19
-800
3808
-833
11818124
-65
-76
23
-770
3854
-772
11819149
-95
-63
11
-842
3773
-732
11820174
-32
-66
-4
-771
3747
-747
11821199
12
-68
18
-709
3768
-763
11814016
-13
-74
49
-659
3712
-820
11815041
-24
-71
66
-648
3733
-876
11816066
-24
-66
73
-707
3716
-876
11817091
7
-51
76
-797
3731
-894
11818116
70
-44
72
-795
3777
-896
11819141
123
-45
68
-772
3809
-935
11820166
151
-52
56
-740
3866
-941
11821191
131
-65
43
-699
3924
-922
11822216
85
-74
33
-704
3933
-890
11823241
60
-88
25
-701
3904
-867
11824266
34
-108
21
-677
3923
-833
11825291
-8
-126
24
-688
3901
-817
11826316
-41
-131
20
-682
3889
-829
11827341
-57
-134
10
-674
3853
-847
11828366
-64
-131
6
-664
3813
-847
11829391
