Device = VHR-0009
time_stamp = 1777449176548
sample_rate = 50
Data format = INT16
TYPE = 6-AXIS IMU RAW DATA
448
150
82
3615
1247
452
13496448
406
156
71
3621
1267
458
13497473
363
163
58
3597
1235
442
13498498
357
164
45
3575
1213
426
13499523
366
162
42
3564
1234
420
13500548
350
159
39
3573
1224
395
13501573
330
151
46
3567
1208
382
13502598
335
137
55
3560
1222
387
13503623
322
123
66
3546
1261
397
13504648
285
107
74
3569
1267
422
13505673
250
99
82
3578
1274
441
13506698
240
98
73
3564
1275
453
13507723
249
96
50
3551
1269
443
13508748
246
87
26
3564
1274
456
13509773
222
75
15
3558
1300
477
13510798
177
60
12
3566
1302
483
13511823
124
51
18
3559
1277
490
13504640
106
45
24
3561
1281
500
13505665
95
42
29
3564
1300
513
13506690
66
41
26
3575
1306
511
13507715
32
41
14
3594
1296
497
13508740
6
40
5
3621
1316
485
13509765
-52
39
1
3621
1280
475
13510790
-103
31
-2
3632
1226
462
13511815
-129
19
3
3647
1174
465
13512840
-134
9
13
3616
1149
468
13513865
-126
1
17
3609
1125
484
13514890
-119
-4
21
3617
1122
495
13515915
-112
-7
29
3618
1123
489
13516940
-101
-9
38
3606
1140
495
13517965
-110
-7
47
3598
1163
480
13518990
-122
-10
52
3602
1155
464
13520015
-133
-15
57
3625
1159
456
13512833
-150
-20
62
3637
1160
444
13513858
-170
-27
67
3650
1172
452
13514883
-207
-31
76
3632
1170
454
13515908
-223
-36
89
3624
1147
453
13516933
-222
-37
105
3602
1166
477
13517958
-240
-33
113
3585
1168
482
13518983
-248
-27
113
3565
1146
480
13520008
-238
-23
105
3571
1149
482
13521033
-228
-16
92
3595
1151
463
13522058
-221
-9
79
3599
1144
440
13523083
-206
-9
66
3594
1137
440
13524108
-190
-9
56
3622
1151
449
13525133
-206
-3
47
3623
1145
440
13526158
-231
1
26
3617
1108
447
13527183
-241
7
0
3617
1047
452
13528208
-203
10
-24
3617
1026
456
13521024
-171
20
-38
3612
1013
455
13522049
-149
31
-57
3637
979
448
13523074
-120
35
-62
3658
977
457
13524099
-109
34
-59
3665
941
491
13525124
-97
32
-55
3703
925
514
13526149
-92
37
-47
3700
896
541
13527174
-74
46
-42
3698
865
559
13528199
-32
56
-35
3707
851
582
13529224
34
69
-26
3697
852
589
13530249
106
79
-13
3646
913
584
13531274
138
88
0
3603
979
579
13532299
139
96
11
3582
1035
555
13533324
129
101
17
3585
1065
536
13534349
120
104
11
3589
1069
508
13535374
122
100
2
3595
1096
496
13536399
107
93
-11
3587
1082
480
13529217
106
79
-24
3576
1081
478
13530242
89
60
-33
3554
1081
495
13531267
59
43
-34
3543
1058
523
13532292
48
35
-30
3560
1034
569
13533317
58
36
-27
3607
1026
624
13534342
83
38
-24
3646
1016
694
13535367
86
44
-21
3659
1006
749
13536392
87
54
-26
3686
981
789
13537417
97
70
-33
3711
949
816
13538442
110
88
-35
3750
927
807
13539467
142
106
-33
3841
915
800
13540492
178
129
-26
3856
951
788
13541517
198
150
-23
3827
965
781
13542542
206
169
-28
3779
934
796
13543567
218
190
-37
3761
934
815
13544592
240
209
-55
3728
915
838
13537408
282
227
-80
3706
866
860
13538433
301
242
-90
3706
873
893
13539458
305
249
-91
3707
842
883
13540483
328
241
-85
3682
866
868
13541508
316
221
-69
3676
833
840
13542533
313
190
-34
3655
834
831
13543558
267
161
13
3609
847
888
13544583
246
135
60
3546
788
943
13545608
301
105
126
3437
782
918
13546633
378
61
189
3352
869
906
13547658
436
13
255
3287
973
854
13548683
459
-33
301
3323
1142
903
13549708
381
-68
343
3352
1071
898
13550733
378
-113
392
3359
1194
816
13551758
315
-164
404
3321
1492
940
13552783
12
-198
400
3302
1160
947
13545600
41
-210
379
3294
1271
1043
13546625
108
-203
313
3284
1445
1184
13547650
51
-200
256
3474
1394
1230
13548675
-88
-210
246
4046
1468
1160
13549700
-286
-176
306
4096
1447
1007
13550725
-362
-154
270
3984
1581
977
13551750
-486
-106
130
3874
1468
897
13552775
-582
-43
-18
3587
1089
966
13553800
-660
-32
-150
3413
904
977
13554825
-841
-39
-198
3322
710
812
13555850
-890
-59
-188
3315
523
677
13556875
-707
-72
-163
3426
473
577
13557900
-451
-67
-123
3580
560
478
13558925
-200
-65
-85
3711
717
398
13559950
-49
-76
-62
3835
880
392
13560975
-53
-95
-66
3876
952
414
13553792
-138
-126
-90
3843
863
459
13554817
-176
-147
-120
3773
771
549
13555842
-158
-146
-148
3683
682
664
13556867
-87
-138
-158
3617
596
731
13557892
8
-128
-136
3547
636
759
13558917
21
-107
-104
3528
682
730
13559942
16
-87
-67
3567
764
647
13560967
28
-79
-33
3607
878
548
13561992
24
-72
-17
3649
955
463
13563017
32
-67
-21
3701
1031
416
13564042
35
-59
-36
3715
1066
367
13565067
56
-52
-66
3704
1075
339
13566092
81
-50
-100
3677
1078
327
13567117
98
-53
-132
3666
1084
345
13568142
90
-57
-153
3696
1078
370
13569167
74
-53
-153
3678
1031
407
13561984
83
-50
-146
3665
1015
454
13563009
79
-46
-134
3688
1002
475
13564034
81
-41
-120
3716
983
482
13565059
95
-36
-105
3751
1024
511
13566084
56
-31
-84
3733
1020
526
13567109
28
-28
-64
3730
987
535
13568134
26
-23
-46
3724
1001
528
13569159
25
-14
-31
3716
1028
493
13570184
15
-8
-19
3702
1062
480
13571209
-6
-4
-11
3691
1070
459
13572234
1
-1
-7
3665
1070
442
13573259
24
0
-6
3631
1086
440
13574284
36
-2
-10
3604
1085
453
13575309
50
-4
-15
3607
1116
478
13576334
41
-7
-14
3623
1117
499
13577359
26
-9
-7
3622
1120
514
13570175
13
-9
0
3612
1131
543
13571200
4
-13
4
3607
1116
561
13572225
-11
-16
9
3604
1125
580
13573250
-38
-21
12
3608
1135
597
13574275
-75
-29
16
3605
1128
614
13575300
-99
-43
22
3616
1135
653
13576325
-144
-56
35
3630
1166
657
13577350
-195
-67
49
3647
1139
646
13578375
-207
-81
58
3628
1135
656
13579400
-212
-97
66
3577
1146
685
13580425
-227
-123
75
3548
1190
725
13581450
-290
-147
83
3543
1231
744
13582475
-379
-171
94
3539
1232
749
13583500
-458
-197
104
3517
1223
748
13584525
-540
-226
110
3496
1227
737
13585550
-621
-259
112
3498
1225
717
13578369
-704
-295
121
3531
1239
681
13579394
-796
-336
136
3523
1234
662
13580419
-879
-379
153
3483
1215
642
13581444
-962
-426
169
3449
1232
627
13582469
-1081
-474
187
3407
1244
600
13583494
-1207
-526
209
3387
1237
579
13584519
-1337
-574
238
3391
1261
534
13585544
-1483
-620
265
3407
1258
482
13586569
-1606
-657
289
3407
1214
415
13587594
-1694
-688
302
3372
1216
354
13588619
-1794
-716
300
3365
1222
313
13589644
-1897
-737
294
3398
1219
285
13590669
-1993
-744
291
3470
1208
246
13591694
-2059
-736
292
3564
1210
199
13592719
-2092
-710
293
3687
1236
145
13593744
-2115
-667
292
3780
1269
108
13586561
-2135
-614
279
3793
1241
65
13587586
-2111
-553
258
3745
1197
44
13588611
-2048
-487
227
3644
1205
21
13589636
-2001
-420
178
3556
1206
-4
13590661
-1984
-354
124
3569
1254
-5
13591686
-2030
-280
88
3676
1332
-26
13592711
-2097
-196
78
3768
1355
-66
13593736
-2125
-107
79
3799
1319
-107
13594761
-2088
-7
72
3861
1331
-127
13595786
-1974
105
40
3991
1364
-183
13596811
-1679
234
-28
4147
1299
-274
13597836
-1112
345
-134
4287
1367
-335
13598861
-728
446
-240
4312
1588
-364
13599886
-632
543
-362
4289
1705
-511
13600911
-552
605
-529
4217
1795
-610
13601936
-362
602
-752
4118
1811
-475
13594752
-357
557
-996
4063
2039
-650
13595777
-710
421
-1228
4063
2411
-824
13596802
-1221
242
-1460
4084
2359
-929
13597827
-1511
130
-1658
4028
1982
-959
13598852
-1460
71
-1780
3913
1794
-811
13599877
-1372
60
-1828
3810
1589
-665
13600902
-1242
89
-1795
3747
1359
-541
13601927
-1011
146
-1695
3612
1225
-427
13602952
-731
198
-1566
3532
1164
-346
13603977
-472
238
-1423
3441
1105
-274
13605002
-254
275
-1272
3268
1002
-224
13606027
-58
305
-1120
3047
927
-168
13607052
108
325
-972
2851
858
-105
13608077
244
327
-821
2760
885
-37
13609102
286
310
-643
2717
945
2
13610127
246
268
-412
2674
950
30
13602944
232
205
-152
2720
987
77
13603969
231
116
128
2907
1121
185
13604994
87
17
431
3096
1237
382
13606019
-222
-47
736
3255
1257
532
13607044
-520
-76
1010
3447
1136
522
13608069
-645
-131
1255
3755
1070
535
13609094
-611
-232
1493
4355
1110
605
13610119
-474
-334
1732
4611
1003
661
13611144
-179
-444
1902
4439
795
722
13612169
279
-610
1948
4532
840
891
13613194
579
-747
1982
4594
1022
1075
13614219
600
-846
2015
4437
1184
1185
13615244
407
-940
2016
4322
1356
1240
13616269
33
-1009
1974
4213
1463
1283
13617294
-369
-962
1880
3867
1146
1240
13618319
-376
-879
1711
3666
1280
1459
13611135
-617
-828
1590
3255
946
1076
13612160
-169
-866
1437
3445
658
867
13613185
266
-918
1327
3527
1442
1149
13614210
71
-886
1245
3590
1223
1353
13615235
144
-843
1173
3694
1186
1480
13616260
278
-777
1106
3592
1429
1582
13617285
152
-687
1026
3395
1546
1511
13618310
-100
-631
921
3232
1512
1469
13619335
-350
-616
781
3291
1537
1569
13620360
-658
-569
638
3279
1561
1641
13621385
-1011
-494
498
3293
1515
1549
13622410
-1326
-401
366
3371
1448
1332
13623435
-1570
-304
261
3425
1368
1120
13624460
-1663
-225
161
3469
1267
963
13625485
-1619
-147
79
3458
1184
849
13626510
-1570
-76
18
3454
1175
750
13619609
-1557
-21
-26
3561
1232
682
13620634
-1579
31
-49
3697
1324
637
13621659
-1642
83
-79
3925
1400
588
13622684
-1724
147
-110
4272
1386
462
13623709
-1807
208
-119
4845
1470
348
13624734
-1869
283
-87
5362
1652
277
13625759
-1973
381
-31
5393
1834
269
13626784
-2215
489
-49
5286
1943
301
13627809
-2608
672
-154
4951
1884
299
13628834
-2913
915
-387
4595
1581
-46
13629859
-2977
1128
-715
4827
1308
-554
13630884
-2780
1308
-986
5290
1225
-756
13631909
-2485
1478
-1204
5793
1297
-712
13632934
-2125
1618
-1383
6197
1109
-723
13633959
-1485
1752
-1487
6233
1006
-746
13634984
-679
1831
-1662
5846
934
-809
13627520
70
1820
-1915
5123
775
-786
13628545
716
1722
-2212
4540
735
-596
13629570
1146
1607
-2500
4210
799
-369
13630595
1308
1510
-2762
3990
843
-326
13631620
1283
1394
-2956
3792
957
-427
13632645
999
1250
-3052
3716
1087
-502
13633670
531
1123
-3033
3758
1116
-535
13634695
94
1017
-2905
3706
1083
-537
13635720
-200
925
-2706
3495
1025
-509
13636745
-356
821
-2468
3183
988
-464
13637770
-451
687
-2212
2869
902
-365
13638795
-472
537
-1953
2611
798
-220
13639820
-432
393
-1688
2481
763
51
13640845
-465
328
-1377
2548
752
320
13641870
-557
333
-967
2770
679
541
13642895
-626
354
-480
2814
786
519
13635712
-633
247
-28
2840
913
424
13636737
-586
41
402
2947
968
498
13637762
-498
-168
795
2966
794
636
13638787
-238
-382
1162
3279
534
768
13639812
198
-573
1574
4020
679
927
13640837
516
-698
2055
4556
982
914
13641862
733
-833
2547
4580
1042
893
13642887
921
-938
2968
3902
1055
1176
13643912
964
-1003
3152
3356
1069
1550
13644937
857
-1006
3164
3337
984
1467
13645962
772
-1030
3110
4078
837
1092
13646987
765
-1065
3129
4990
971
819
13648012
727
-1082
3178
5548
1284
836
13649037
619
-1066
3164
5814
1421
1051
13650062
593
-967
3033
5612
1190
1017
13651087
955
-879
2831
5058
886
732
13643904
1533
-811
2560
4235
989
722
13644929
1829
-788
2209
3779
1053
1030
13645954
1967
-704
1933
3597
943
1254
13646979
2190
-544
1729
3458
1128
1051
13648004
2331
-412
1560
3436
1563
783
13649029
2153
-341
1451
3570
1938
696
13650054
1764
-296
1404
3711
2052
771
13651079
1351
-253
1360
3778
1980
818
13652104
1119
-232
1317
3707
1845
788
13653129
1056
-256
1226
3563
1854
980
13654154
1012
-257
1078
3399
1683
1174
13655179
1063
-239
890
3241
1634
1147
13656204
1073
-257
697
3244
1953
1200
13657229
756
-290
490
3572
2208
1342
13658254
221
-279
287
3837
2274
1351
13659279
-331
-266
55
4180
2248
1228
13652096
-817
-246
-216
4493
2056
1073
13653121
-1176
-204
-523
4604
1678
818
13654146
-1259
-173
-857
4917
1379
686
13655171
-1104
-134
-1113
5171
1390
730
13656196
-1017
-66
-1295
5140
1530
798
13657221
-1115
56
-1428
4350
1519
820
13658246
-1298
165
-1688
3707
1294
498
13659271
-1404
204
-1980
3883
1159
161
13660296
-1556
226
-2156
4445
1367
124
13661321
-1936
280
-2251
5440
1568
243
13662346
-2373
443
-2279
6271
1469
37
13663371
-2539
624
-2271
6300
1156
-341
13664396
-2379
684
-2262
5810
946
-466
13665421
-2212
680
-2307
5211
636
-303
13666446
-1784
681
-2372
5175
579
-25
13667471
-1258
769
-2435
4694
629
75
13660287
-953
825
-2612
4235
549
-60
13661312
-714
837
-2686
3888
601
-156
13662337
-544
807
-2707
3775
789
-100
13663362
-608
783
-2670
3889
934
-92
13664387
-762
796
-2548
3762
880
-157
13665412
-793
791
-2364
3551
837
-216
13666437
-765
770
-2124
3249
846
-242
13667462
-718
725
-1859
2993
826
-201
13668487
-614
653
-1614
2860
802
-151
13669512
-470
579
-1377
2723
774
-60
13670537
-361
524
-1109
2666
744
-47
13671562
-237
452
-792
2831
789
-55
13672587
-157
321
-431
3081
939
86
13673612
-197
216
-38
3080
984
376
13674637
-235
165
319
2991
886
565
13675662
-199
97
641
3039
823
658
13668480
-121
-24
970
3359
896
746
13669505
-44
-189
1343
3863
958
815
13670530
93
-373
1776
4408
1017
880
13671555
313
-574
2260
4880
1136
895
13672580
562
-761
2762
4698
1269
1062
13673605
687
-899
3082
3795
1185
1198
13674630
802
-1106
3095
3391
1056
1315
13675655
801
-1281
2960
3715
1050
1540
13676680
362
-1273
2842
4223
1108
1533
13677705
-264
-1195
2748
4561
1088
1277
13678730
-682
-1133
2621
4698
1113
889
13679755
-748
-1119
2424
4794
1069
594
13680780
-562
-1126
2195
4650
1023
413
13681805
-216
-1117
1951
4140
894
491
13682830
224
-1091
1632
3737
617
920
13683855
776
-961
1382
3467
405
1076
13676672
1493
-808
1184
3290
494
910
13677697
2208
-732
1035
3340
1023
841
13678722
2516
-646
937
3473
1379
880
13679747
2455
-543
932
3578
1571
812
13680772
2258
-485
949
3645
1734
893
13681797
1963
-450
965
3666
1887
1127
13682822
1558
-396
919
3545
1781
1128
13683847
1309
-402
821
3455
1622
1120
13684872
1172
-458
702
3502
1783
1362
13685897
829
-466
564
3552
1826
1567
13686922
405
-428
431
3520
1748
1529
13687947
68
-408
289
3576
1888
1482
13688972
-383
-378
145
3743
2029
1440
13689997
-953
-316
-14
3990
1927
1295
13691022
-1405
-242
-207
4154
1595
1069
13692047
-1581
-171
-423
4280
1249
884
13684864
-1492
-105
-629
4503
1110
755
13685889
-1259
-57
-792
4918
1170
731
13686914
-1103
27
-841
4978
1353
732
13687939
-1105
100
-899
4950
1505
680
13688964
-1242
173
-975
4671
1488
679
13689989
-1481
281
-1092
4104
1320
601
13691014
-1718
381
-1305
4028
1164
368
13692039
-1901
469
-1498
4391
1218
254
13693064
-2173
584
-1648
5000
1325
202
13694089
-2423
746
-1737
5617
1124
39
13695114
-2327
915
-1735
5869
957
-134
13696139
-2032
1054
-1720
5583
796
-244
13697164
-1599
1126
-1739
5168
613
-258
13698189
-934
1155
-1745
4916
658
-180
13699214
-423
1157
-1845
4636
810
11
13700239
-215
1170
-1985
4182
565
-44
13693056
62
1140
-2120
3704
553
-71
13694081
193
1058
-2209
3534
813
13
13695106
0
981
-2208
3657
943
43
13696131
-257
933
-2146
3675
955
-10
13697156
-420
901
-2041
3419
864
-121
13698181
-444
841
-1908
3162
788
-158
13699206
-393
780
-1746
2968
701
-37
13700231
-316
749
-1565
2877
710
134
13701256
-235
752
-1363
2831
652
226
13702281
-97
744
-1129
2757
622
330
13703306
-8
725
-865
2505
711
438
13704331
-9
616
-598
2397
829
570
13705356
-76
457
-289
2629
911
698
13706381
-139
309
97
2978
899
755
13707406
-78
158
538
3137
866
733
13708431
139
-32
1002
3129
984
819
13701248
296
-230
1448
3148
1148
1091
13702273
262
-366
1849
3430
1091
1217
13703298
250
-440
2242
3875
980
1119
13704323
402
-504
2642
4239
1035
877
13705348
642
-597
2980
4521
1178
587
13706373
964
-732
3237
4627
1182
459
13707398
1292
-858
3360
4555
1230
573
13708423
1415
-944
3287
4641
1388
856
13709448
1214
-940
3108
4923
1322
1053
13710473
896
-879
2846
5115
1094
1023
13711498
676
-822
2531
4830
1000
828
13712523
617
-826
2132
4475
1070
690
13713548
554
-842
1693
4145
1126
570
13714573
464
-825
1272
3653
923
635
13715598
565
-745
926
3281
641
644
13716623
977
-647
659
3044
642
503
13709440
1456
-600
491
2929
913
456
13710465
1778
-578
407
2918
1140
435
13711490
1940
-563
422
3025
1350
376
13712515
1942
-562
527
3257
1559
435
13713540
1788
-547
696
3505
1697
502
13714565
1634
-549
891
3614
1757
445
13715590
1517
-621
1036
3657
1922
620
13716615
1209
-696
1104
3591
1893
1013
13717640
873
-704
1056
3632
1599
1365
13718665
720
-635
924
3581
1294
1211
13719690
788
-632
753
3665
1275
1081
13720715
688
-655
584
4050
1903
1579
13721740
153
-564
329
4390
2078
1891
13722765
-386
-398
42
4606
1695
1722
13723790
-574
-276
-223
4548
1442
1493
13724815
-635
-194
-517
4494
1233
1395
13717633
-594
-107
-772
4591
1051
1305
13718658
-408
-12
-880
4659
1282
1199
13719683
-449
77
-889
4653
1611
1060
13720708
-770
161
-890
4568
1599
849
13721733
-1102
245
-914
4252
1428
707
13722758
-1400
326
-991
3845
1284
616
13723783
-1690
393
-1122
3867
1207
468
13724808
-1937
462
-1233
4361
1214
434
13725833
-2239
594
-1309
5156
1287
368
13726858
-2501
804
-1315
5737
1128
71
13727883
-2484
990
-1286
5913
1006
-194
13728908
-2185
1104
-1271
5881
842
-292
13729933
-1705
1199
-1321
5446
611
-347
13730958
-1015
1266
-1446
4582
310
-327
13731983
-227
1254
-1668
4070
442
-282
13733008
315
1223
-1827
3599
563
-157
13725824
532
1156
-1994
3585
734
-1
13726849
538
1120
-2074
3509
811
-7
13727874
493
1067
-2117
3323
970
-70
13728899
274
980
-2104
3276
1064
-171
13729924
-18
907
-2010
3274
1009
-237
13730949
-221
819
-1885
3381
1007
-233
13731974
-350
759
-1730
3128
867
-233
13732999
-331
676
-1586
2842
754
-222
13734024
-243
566
-1440
2676
725
-107
13735049
-206
456
-1263
2610
777
103
13736074
-258
382
-1030
2607
817
221
13737099
-325
316
-749
2781
837
287
13738124
-354
244
-418
3109
894
430
13739149
-392
212
-23
3297
961
472
13740174
-330
148
386
3354
941
403
13741199
-119
2
777
3379
1049
486
13734016
83
-194
1148
3543
1123
719
13735041
245
-349
1524
4017
1020
854
13736066
490
-474
1952
4727
1025
776
13737091
812
-603
2444
5415
1245
621
13738116
1062
-723
2954
5175
1361
698
13739141
1181
-818
3226
4063
1325
883
13740166
1247
-947
3164
3355
1312
1069
13741191
1007
-1007
2924
3382
1261
1143
13742216
409
-991
2680
3938
1097
1248
13743241
-210
-889
2471
4207
1037
1223
13744266
-513
-774
2172
4275
938
812
13745291
-370
-751
1784
4506
802
453
13746316
74
-749
1421
4645
698
321
13747341
628
-705
1145
4275
832
421
13748366
993
-644
872
3756
795
778
13749391
1330
-544
669
3317
592
830
13742208
1851
-468
533
3036
773
699
13743233
2186
-435
465
2984
1173
683
13744258
2203
-411
447
3011
1340
687
13745283
2082
-384
546
3178
1524
675
13746308
1742
-348
646
3252
1704
730
13747333
1405
-360
763
3462
1740
797
13748358
1143
-368
814
3481
1673
933
13749383
889
-391
803
3524
1482
1037
13750408
748
-410
724
3482
1382
1114
13751433
654
-442
595
3541
1388
1244
13752458
468
-460
484
3766
1496
1380
13753483
173
-452
391
4081
1699
1447
13754508
-222
-413
303
4283
1803
1435
13755533
-624
-354
182
4389
1736
1343
13756558
-946
-283
28
4501
1603
1138
13757583
-1191
-210
-153
4623
1365
862
13750399
-1249
-130
-317
4745
1161
743
13751424
-1154
-29
-412
4741
1293
736
13752449
-1169
77
-518
4574
1470
762
13753474
-1388
202
-663
4268
1310
718
13754499
-1579
346
-856
4042
1107
512
13755524
-1693
471
-1080
4192
1063
228
13756549
-1806
584
-1277
4623
1060
64
13757574
-1904
721
-1416
5021
961
-105
13758599
-1864
858
-1469
5180
827
-304
13759624
-1643
938
-1476
5168
875
-326
13760649
-1401
988
-1487
5133
862
-225
13761674
-1138
1054
-1521
4659
638
-250
13762699
-725
1070
-1628
4059
529
-237
13763724
-257
1026
-1732
3724
628
-148
13764749
-63
979
-1851
3547
743
7
13765774
-141
942
-1922
3585
782
2
13758767
-253
930
-1937
3385
815
-110
13759792
-359
881
-1933
3325
880
-177
13760817
-515
835
-1877
3393
884
-224
13761842
-617
805
-1756
3394
813
-234
13762867
-588
773
-1591
3323
783
-223
13763892
-501
721
-1410
3263
802
-188
13764917
-394
664
-1209
3139
766
-144
13765942
-256
584
-1002
3112
786
-87
13766967
-162
481
-773
3220
848
-9
13767992
-139
378
-514
3408
904
51
13769017
-149
282
-222
3645
916
90
13770042
-115
179
94
3787
895
100
13771067
-6
58
400
3778
933
187
13772092
121
-93
682
3943
977
328
13773117
211
-231
990
4270
983
400
13774142
332
-367
1352
4441
990
436
13766784
513
-523
1716
4191
1077
587
13767809
612
-661
1989
3294
1049
938
13768834
603
-762
2042
2571
942
1270
13769859
554
-830
1941
2703
836
1259
13770884
490
-889
1851
3474
772
1153
13771909
364
-906
1859
3999
973
1151
13772934
163
-865
1868
4184
1131
1028
13773959
32
-833
1778
4351
1062
793
13774984
137
-811
1636
4528
927
506
13776009
414
-778
1495
4354
898
323
13777034
668
-747
1313
3844
816
438
13778059
1040
-736
1108
3591
586
802
13779084
1613
-628
941
3398
785
1085
13780109
2064
-492
762
3178
1171
1142
13781134
2177
-489
698
3138
1123
939
13782159
2198
-481
707
3246
1299
863
13774975
1992
-469
749
3334
1791
989
13776000
1380
-416
755
3378
1771
1039
13777025
893
-403
768
3489
1578
1021
13778050
622
-396
747
3437
1567
1136
13779075
410
-375
655
3408
1446
1291
13780100
264
-280
561
3328
1174
1149
13781125
363
-224
473
3413
1121
910
13782150
491
-218
424
3693
1471
993
13783175
353
-193
394
3939
1676
1140
13784200
95
-152
378
4092
1601
1123
13785225
-76
-135
367
4124
1656
1036
13786250
-331
-134
309
4261
1723
901
13787275
-664
-131
219
4670
1654
752
13788300
-880
-101
175
4941
1617
670
13789325
-1010
-52
150
4788
1730
604
13790350
-1268
3
64
4383
1810
657
13783168
-1743
98
-121
4044
1706
550
13784193
-2140
201
-392
4130
1441
199
13785218
-2340
295
-646
4456
1458
-13
13786243
-2604
405
-847
4892
1581
-90
13787268
-2899
534
-1036
5691
1508
-151
13788293
-2979
729
-1204
6138
1118
-406
13789318
-2618
906
-1360
5718
633
-644
13790343
-1886
967
-1551
4914
536
-590
13791368
-1263
965
-1791
4180
471
-374
13792393
-749
951
-2003
3888
510
-13
13793418
-332
989
-2172
3784
752
153
13794443
-141
1028
-2325
3715
945
147
13795468
-222
1050
-2455
3722
878
-71
13796493
-255
1075
-2475
3642
767
-257
13797518
-231
1061
-2458
3604
909
-293
13798543
-337
1048
-2385
3594
934
-286
13791360
-416
1035
-2280
3642
858
-266
13792385
-341
1022
-2137
3536
759
-254
13793410
-193
983
-1965
3314
747
-225
13794435
-69
904
-1778
3249
772
-147
13795460
6
761
-1566
3593
901
-34
13796485
-66
618
-1248
3822
1049
67
13797510
-263
488
-871
3629
1048
76
13798535
-380
315
-536
3279
952
8
13799560
-345
96
-291
3098
900
108
13800585
-344
-101
-51
2996
799
277
13801610
-380
-267
255
2975
707
437
13802635
-361
-412
639
3115
808
578
13803660
-311
-543
1075
3424
937
669
13804685
-225
-666
1546
3866
1076
768
13805710
-159
-732
2050
4120
1210
814
13806735
-93
-759
2533
3711
1185
747
13799552
120
-847
2819
3198
1031
758
13800577
496
-963
2916
3087
804
772
13801602
891
-1074
2914
3562
745
839
13802627
1042
-1105
2908
4158
881
1003
13803652
950
-1035
2898
4478
955
1118
13804677
842
-937
2794
4885
1095
1087
13805702
711
-845
2608
5469
1296
895
13806727
567
-744
2369
5521
1144
544
13807752
777
-682
2088
4827
965
268
13808777
1166
-720
1731
3971
1048
439
13809802
1267
-770
1327
3521
1090
900
13810827
1130
-715
1003
3353
830
1071
13811852
1236
-638
794
3198
886
894
13812877
1370
-617
670
3104
1406
736
13813902
1156
-638
588
3141
1666
760
13814927
801
-643
560
3210
1658
905
13807744
544
-605
545
3290
1541
944
13808769
467
-562
525
3225
1472
858
13809794
432
-582
478
3186
1684
921
13810819
157
-609
382
3162
1748
1117
13811844
-281
-617
255
3171
1566
1180
13812869
-650
-628
112
3263
1479
1196
13813894
-952
-643
-41
3594
1512
1256
13814919
-1231
-607
-181
3953
1393
1273
13815944
-1408
-515
-275
3970
1279
1084
13816969
-1380
-434
-398
4037
1239
990
13817994
-1362
-334
-494
4056
1198
865
13819019
-1393
-234
-582
4045
1126
754
13820044
-1358
-138
-685
4205
937
627
13821069
-1145
-57
-751
4721
970
578
13822094
-965
49
-737
5222
1230
579
13823119
-1045
199
-698
5534
1354
484
13815935
-1261
382
-675
5529
1208
317
13816960
-1421
562
-713
5125
1042
238
13817985
-1576
727
-890
4863
809
-25
13819010
-1628
869
-1179
4815
448
-378
13820035
-1552
964
-1455
4914
417
-455
13821060
-1522
1043
-1678
5594
525
-603
13822085
-1333
1163
-1783
5899
141
-906
13823110
-619
1236
-1760
5227
102
-911
13824135
89
1176
-1780
4566
477
-688
13825160
374
1093
-1824
4224
828
-331
13826185
254
1028
-1950
4274
866
-281
13827210
104
992
-2056
4085
372
-538
13828235
215
935
-2095
3605
216
-591
13829260
269
848
-2091
3415
592
-454
13830285
9
782
-2044
3629
811
-350
13831310
-288
756
-1956
3953
711
-417
13824127
-348
785
-1789
3805
662
-489
13825152
-275
773
-1594
3532
727
-463
13826177
-220
735
-1354
3527
735
-338
13827202
-97
689
-1117
4008
713
-333
13828227
172
707
-840
3741
576
-394
13829252
545
657
-639
3209
576
-327
13830277
794
578
-490
2941
581
-185
13831302
905
519
-311
2867
602
-83
13832327
939
453
-67
2891
771
5
13833352
846
411
228
2737
876
69
13834377
750
363
550
2583
839
68
13835402
769
309
884
2514
905
80
13836427
790
262
1220
2615
1036
137
13837452
782
237
1560
2788
1063
155
13838477
828
238
1886
3028
1056
223
13839502
966
257
2222
3832
1012
330
13832321
1267
329
2664
5553
1183
280
13833346
1575
475
3258
7065
1513
-153
13834371
1990
581
3836
6378
1601
-520
13835396
2828
448
3894
5084
1510
-256
13836421
3608
232
3492
4493
1506
495
13837446
3807
171
2931
4378
1292
1228
13838471
3379
302
2444
4671
1074
1384
13839496
2601
523
2063
4734
1071
889
13840521
1878
658
1688
4573
833
21
13841546
1726
649
1334
4533
742
-382
13842571
1966
628
1045
4361
1086
-356
13843596
2103
649
758
4143
1170
-283
13844621
2286
693
553
3937
1013
-286
13845646
2639
738
442
3678
1110
-261
13846671
2861
784
383
3460
1250
-290
13847696
2945
810
348
3361
1216
-387
13840512
3018
814
340
3298
1202
-470
13841537
3043
785
351
3203
1206
-510
13842562
3008
714
360
3194
1225
-484
13843587
2920
611
362
3223
1233
-430
13844612
2813
484
343
3262
1179
-362
13845637
2732
341
319
3269
1093
-306
13846662
2673
177
295
3372
1062
-244
13847687
2565
4
303
3481
1087
-156
13848712
2386
-189
342
3520
1142
3
13849737
2093
-397
389
3403
1222
191
13850762
1753
-622
462
3346
1124
879
13851787
1613
-784
489
3444
683
1861
13852812
2676
-709
349
4477
-196
4685
13853837
3858
100
343
4599
836
5291
13854862
3355
660
580
3234
2298
2944
13855887
2270
539
524
2753
2202
952
13848704
1480
295
457
2830
1691
528
13849729
857
126
420
2912
1487
510
13850754
556
-1
305
2962
1378
430
13851779
345
-122
172
2979
1288
395
13852804
253
-264
27
3081
978
374
13853829
542
-336
-147
3250
640
612
13854854
1076
-342
-304
3349
572
1256
13855879
1523
-303
-404
3480
273
1911
13856904
2008
-189
-425
3776
-63
2907
13857929
2594
2
-371
4571
-456
3635
13858954
2973
293
-138
4931
504
2646
13859979
2386
358
62
4819
2213
1464
13861004
1114
332
-55
4948
2020
1151
13862029
83
477
-242
4301
1837
732
13863054
-800
507
-376
4159
1664
532
13864079
-1372
547
-537
4409
1063
200
13856896
-1045
578
-633
4743
827
-11
13857921
-482
617
-584
5042
1028
64
13858946
-14
669
-531
5053
1047
320
13859971
487
779
-502
4674
759
351
13860996
1128
848
-500
4176
686
248
13862021
1555
843
-539
3674
952
326
13863046
1571
831
-600
3252
1007
425
13864071
1407
820
-661
2993
981
434
13865096
1203
812
-709
2811
994
405
13866121
971
799
-743
2774
1012
327
13867146
761
793
-745
2897
953
219
13868171
657
793
-701
3113
901
118
13869196
661
804
-607
3301
877
37
13870221
755
814
-482
3397
847
-41
13871246
932
810
-343
3355
823
-101
13872271
1148
790
-211
3267
821
-134
13865087
1352
746
-89
3268
837
-148
13866112
1510
687
37
3242
870
-143
13867137
1613
616
170
3171
903
-110
13868162
1652
531
306
3134
942
-51
13869187
1595
441
455
3172
1003
14
13870212
1456
354
629
3224
1017
61
13871237
1322
272
841
3296
1044
96
13872262
1214
190
1082
3387
1130
135
13873287
1095
117
1334
3611
1224
205
13874312
953
60
1596
4191
1300
311
13875337
839
55
1876
4836
1334
317
13876362
804
92
2129
5172
1348
279
13877387
906
118
2286
5577
1247
250
13878412
1178
141
2332
6878
1250
-84
13879437
1625
165
2476
7621
1182
-615
13880462
2290
102
2708
5703
1106
-582
13873280
3036
-122
2463
3408
1255
73
13874305
3248
-324
1908
2322
1461
867
13875330
2657
-405
1375
2183
1172
1286
13876355
1818
-433
1040
2786
963
1388
13877380
1026
-395
856
3340
1124
1174
13878405
409
-342
670
3674
1172
751
13879430
165
-319
454
3819
1048
230
13880455
332
-328
260
3754
973
-95
13881480
664
-369
87
3356
992
-136
13882505
1022
-437
-96
2936
873
26
13883530
1416
-496
-230
2609
742
293
13884555
1734
-555
-294
2441
799
498
13885580
1893
-605
-276
2460
970
587
13886605
1838
-671
-186
2623
1229
637
13887630
1572
-757
-53
2898
1427
754
13888655
1199
-830
98
3146
1481
996
13881473
849
-847
233
3252
1405
993
13882498
615
-912
309
3432
1316
1068
13883523
542
-1032
287
3708
1226
1428
13884548
384
-1040
268
3700
1232
1906
13885573
148
-994
178
3780
1019
2041
13886598
-1
-931
100
4017
1156
2103
13887623
-268
-863
20
4403
1497
2208
13888648
-750
-685
-39
4506
1579
2062
13889673
-1272
-462
-81
4401
1462
1595
13890698
-1661
-304
-136
4527
1412
1064
13891723
-1860
-200
-184
5135
1260
723
13892748
-1808
-88
-134
5779
1321
845
13893773
-1978
140
-20
5757
1468
1013
13894798
-2374
431
14
5024
1111
888
13895823
-2626
693
-123
3844
434
496
13896848
-2374
805
-445
3364
11
127
13889664
-1760
809
-713
3644
154
189
13890689
-1305
866
-802
4254
461
351
13891714
-829
1022
-787
4973
682
353
13892739
-229
1215
-696
5558
1380
235
13893764
-77
1397
-633
5495
1694
-30
13894789
-123
1496
-674
5231
1457
-313
13895814
-50
1542
-805
4923
1252
-480
13896839
30
1547
-1073
4444
1041
-557
13897864
166
1477
-1398
4042
718
-414
13898889
426
1403
-1700
3920
553
-227
13899914
665
1369
-1912
3849
769
-49
13900939
651
1325
-2110
3888
929
-23
13901964
503
1282
-2249
3866
878
-167
13902989
429
1213
-2299
3702
836
-305
13904014
368
1121
-2289
3475
921
-323
13905039
197
1010
-2241
3329
998
-276
13897926
-53
910
-2150
3162
917
-278
13898951
-217
817
-2009
2995
823
-260
13899976
-302
713
-1811
2954
814
-217
13901001
-358
608
-1545
2959
796
-160
13902026
-368
504
-1211
2979
804
-116
13903051
-332
380
-831
3074
863
36
13904076
-335
244
-440
3224
918
202
13905101
-303
127
-45
3301
868
312
13906126
-181
-16
346
3481
854
511
13907151
-84
-164
738
4004
914
723
13908176
2
-321
1211
4789
992
717
13909201
160
-518
1787
4993
1032
647
13910226
373
-711
2285
3878
1044
978
13911251
546
-913
2430
3010
911
1409
13912276
661
-1064
2356
3070
660
1483
13913301
692
-1143
2243
3604
479
1343
13906048
542
-1165
2228
4114
643
1276
13907073
227
-1152
2261
4677
937
1280
13908098
-90
-1075
2282
5076
1140
1057
13909123
-247
-987
2237
4929
1107
786
13910148
-115
-942
2156
4338
802
548
13911173
378
-957
2003
3852
622
486
13912198
982
-959
1794
3528
555
1049
13913223
1462
-861
1642
3414
923
1726
13914248
1560
-598
1567
3169
563
1297
13915273
2003
-428
1532
3266
732
655
13916298
2381
-404
1544
3450
1485
571
13917323
2324
-369
1580
3569
1742
758
13918348
2049
-333
1604
3771
1807
966
13919373
1703
-275
1616
3766
1780
996
13920398
1445
-270
1542
3714
1714
935
13921423
1242
-287
1418
3253
1665
892
13914240
1008
-374
1215
3136
1791
1114
13915265
596
-435
988
3592
1805
1384
13916290
181
-395
823
3865
1640
1308
13917315
-21
-366
648
4041
1814
1179
13918340
-261
-336
402
4081
1886
987
13919365
-492
-313
88
4084
1579
762
13920390
-537
-310
-234
4296
1419
796
13921415
-556
-278
-507
4710
1503
960
13922440
-690
-208
-703
5102
1693
1107
13923465
-1006
-112
-858
5365
1891
1192
13924490
-1508
44
-984
4733
1747
1067
13925515
-1943
187
-1280
4240
1323
760
13926540
-2126
319
-1663
4292
855
397
13927565
-2072
455
-1964
4515
731
226
13928590
-1966
582
-2127
4874
899
208
13929615
-1940
686
-2152
5834
1183
464
13922432
-2024
937
-2099
6851
1158
327
13923457
-1712
1304
-1942
6137
498
-397
13924482
-661
1355
-1929
5068
579
-658
13925507
-38
1230
-2075
4190
705
-607
13926532
159
1065
-2167
3916
429
-491
13927557
222
952
-2285
4134
498
-85
13928582
90
1017
-2387
3731
790
259
13929607
-135
1062
-2555
3436
1075
281
13930632
-354
1034
-2645
3478
1076
184
13931657
-523
997
-2599
3676
1054
112
13932682
-665
962
-2442
3765
1010
-74
13933707
-726
934
-2215
3523
849
-287
13934732
-651
861
-1976
3212
797
-351
13935757
-550
751
-1732
3025
826
-272
13936782
-500
614
-1462
3020
864
-141
13937807
-522
504
-1136
2937
833
-59
13930624
-549
388
-778
2955
817
-35
13931649
-552
219
-402
3131
918
75
13932674
-619
27
-21
3206
962
277
13933699
-711
-101
362
3110
825
367
13934724
-668
-242
713
3331
857
441
13935749
-630
-406
1055
3707
999
438
13936774
-555
-635
1408
4180
1013
441
13937799
-340
-918
1780
4742
1073
603
13938824
-193
-1099
2172
4283
1007
984
13939849
-152
-1191
2365
3294
798
1225
13940874
-36
-1324
2292
3345
646
1251
13941899
-23
-1391
2182
4090
734
1380
13942924
-223
-1323
2143
4579
857
1423
13943949
-308
-1200
2126
4585
846
1321
13944974
-69
-1127
2080
4648
897
1192
13945999
243
-1057
2033
4590
949
1011
13938816
550
-982
1972
4097
727
851
13939841
1005
-938
1850
3574
617
853
13940866
1437
-890
1692
3272
692
967
13941891
1671
-816
1539
3161
740
1107
13942916
1810
-736
1432
3137
835
1122
13943941
1936
-671
1347
3283
1073
1131
13944966
1946
-592
1288
3530
1293
1179
13945991
1856
-491
1268
3625
1357
1051
13947016
1800
-455
1248
3677
1459
978
13948041
1684
-472
1210
3666
1619
1219
13949066
1392
-477
1119
3522
1611
1472
13950091
1059
-459
979
3365
1464
1555
13951116
809
-452
819
3455
1481
1510
13952141
551
-471
664
3821
1691
1590
13953166
177
-439
528
3985
1760
1652
13954191
-167
-378
358
4086
1685
1542
13947009
-398
-309
165
4154
1595
1388
13948034
-553
-232
-43
4252
1460
1188
13949059
-630
-179
-256
4510
1408
939
13950084
-694
-122
-424
4674
1436
867
13951109
-789
-57
-576
4796
1463
869
13952134
-860
15
-736
4964
1388
835
13953159
-899
123
-860
4499
1328
827
13954184
-1016
226
-1048
3784
1226
712
13955209
-1174
289
-1290
3703
1143
506
13956234
-1333
339
-1454
4214
1265
466
13957259
-1616
419
-1552
5117
1479
573
13958284
-1942
606
-1586
5558
1313
349
13959309
-1941
787
-1589
5489
1019
19
13960334
-1730
874
-1587
5258
1043
-89
13961359
-1592
926
-1571
5087
1004
34
13962384
-1410
986
-1630
5084
783
314
13955199
-1048
1161
-1770
4598
490
155
13956224
-309
1235
-1978
4123
480
-123
13957249
216
1179
-2223
3770
737
-61
13958274
332
1122
-2341
3626
751
24
13959299
377
1055
-2385
3636
885
99
13960324
277
989
-2357
3562
1113
208
13961349
-15
968
-2258
3346
1103
157
13962374
-236
941
-2102
3076
1012
-4
13963399
-326
854
-1905
2818
1008
-4
13964424
-403
734
-1705
2654
1024
264
13965449
-567
687
-1479
2461
959
352
13966474
-638
642
-1221
2393
782
297
13967499
-563
575
-923
2372
805
307
13968524
-491
484
-603
2428
908
326
13969549
-421
342
-264
2723
924
431
13970574
-330
213
116
2982
963
601
13963393
-219
100
514
3124
970
646
13964418
-56
-54
906
3316
1043
728
13965443
19
-220
1279
3522
1163
877
13966468
-27
-369
1606
3769
1102
981
13967493
1
-515
1899
4209
999
944
13968518
141
-662
2179
4639
1019
889
13969543
249
-788
2447
4975
1122
929
13970568
288
-869
2670
4996
1103
911
13971593
386
-911
2773
4487
1029
883
13972618
520
-975
2677
4207
977
894
13973643
593
-1019
2446
4375
912
964
13974668
559
-986
2206
4656
790
931
13975693
576
-909
1977
4715
658
733
13976718
781
-854
1745
4589
715
577
13977743
1032
-825
1494
4442
835
603
13978768
1251
-756
1270
4085
839
600
13971719
1499
-665
1086
3530
852
582
13972744
1723
-630
937
3134
929
633
13973769
1865
-619
834
2934
1029
731
13974794
1918
-602
785
2857
1080
857
13975819
1921
-561
790
2897
1182
898
13976844
1865
-503
836
3033
1293
832
13977869
1764
-464
913
3190
1436
776
13978894
1631
-459
995
3328
1574
856
13979919
1452
-471
1034
3517
1596
1050
13980944
1269
-454
1042
3518
1462
1174
13981969
1150
-461
989
3508
1441
1290
13982994
1001
-469
908
3444
1516
1441
13984019
742
-473
782
3538
1583
1544
13985044
416
-464
639
3801
1653
1598
13986069
75
-427
504
4129
1699
1670
13987094
-248
-342
359
4332
1689
1639
13979777
-515
-230
191
4370
1624
1428
13980802
-709
-137
-12
4195
1396
1187
13981827
-735
-77
-250
4174
1091
1010
13982852
-573
-27
-437
4423
1075
959
13983877
-429
47
-500
4508
1384
971
13984902
-478
105
-529
4594
1620
904
13985927
-666
155
-572
4715
1754
854
13986952
-982
240
-627
4327
1717
826
13987977
-1377
326
-770
3927
1481
654
13989002
-1708
383
-959
4102
1390
416
13990027
-2027
455
-1086
4579
1503
331
13991052
-2363
574
-1187
5285
1566
289
13992077
-2538
754
-1299
5937
1407
97
13993102
-2478
960
-1427
6057
1119
-274
13994127
-2085
1099
-1556
5782
853
-460
13995152
-1545
1156
-1711
5285
796
-417
13987968
-1127
1168
-1895
4817
640
-258
13988993
-647
1176
-2076
4564
597
-56
13990018
-227
1188
-2287
4207
678
145
13991043
-97
1195
-2491
3958
746
116
13992068
-63
1175
-2616
3772
733
30
13993093
-40
1116
-2668
3693
828
130
13994118
-144
1124
-2637
3627
842
181
13995143
-217
1173
-2531
3502
786
53
13996168
-158
1170
-2384
3266
840
7
13997193
-108
1103
-2210
2922
983
178
13998218
-198
1014
-2024
2661
1138
456
13999243
-420
928
-1792
2612
1018
498
14000268
-594
835
-1493
2651
756
484
14001293
-603
724
-1146
2752
772
570
14002318
-606
604
-765
2915
852
581
14003343
-583
456
-347
3034
829
581
13996161
-461
273
55
3024
814
656
13997186
-306
59
421
2890
861
883
13998211
-286
-151
740
2892
914
1184
13999236
-444
-281
1044
3077
846
1308
14000261
-543
-355
1357
3518
786
1148
14001286
-448
-449
1694
3870
781
850
14002311
-171
-592
2026
4093
826
600
14003336
265
-773
2307
4122
826
546
14004361
711
-925
2473
3933
792
720
14005386
1078
-1071
2504
4281
727
1125
14006411
1191
-1075
2551
4705
864
1422
14007436
1073
-978
2606
4882
889
1239
14008461
1071
-943
2596
5137
959
836
14009486
1221
-951
2579
5138
1132
540
14010511
1340
-979
2523
4758
1163
422
14011536
1482
-1004
2385
4149
1052
563
14004352
1632
-962
2189
3639
1003
826
14005377
1656
-858
2007
3329
888
794
14006402
1728
-796
1862
3248
892
673
14007427
1917
-789
1765
3342
1187
679
14008452
2000
-783
1699
3605
1493
792
14009477
1867
-730
1684
3782
1583
778
14010502
1749
-685
1699
3921
1601
764
14011527
1635
-676
1693
4022
1790
940
14012552
1407
-666
1650
3939
1762
1197
14013577
1244
-628
1551
3772
1628
1273
14014602
1172
-604
1413
3675
1705
1334
14015627
995
-607
1245
3720
1910
1545
14016652
634
-586
1071
3890
2007
1813
14017677
208
-505
911
3981
2058
1897
14018702
-195
-409
735
4099
2136
1778
14019727
-565
-320
521
4217
2105
1562
14012545
-826
-230
259
4221
1867
1337
14013570
-880
-140
-41
4050
1539
1196
14014595
-779
-66
-342
4147
1353
1122
14015620
-684
4
-556
4474
1578
1149
14016645
-810
95
-653
4525
1827
1075
14017670
-1076
153
-770
4748
1939
866
14018695
-1408
206
-874
4812
2019
777
14019720
-1847
293
-989
4349
1858
718
14020745
-2283
375
-1200
4154
1613
545
14021770
-2686
481
-1429
4585
1523
372
14022795
-3061
653
-1600
5430
1528
231
14023820
-3295
889
-1685
6274
1518
-32
14024845
-3256
1139
-1705
6726
1581
-401
14025870
-3075
1321
-1761
6861
1535
-698
14026895
-2837
1453
-1889
6438
999
-838
14027920
-2212
1538
-2087
5612
414
-754
14020737
-1339
1563
-2388
5006
302
-547
14021762
-631
1568
-2669
4572
375
-289
14022787
-197
1557
-2930
4398
453
-85
14023812
108
1551
-3129
4356
610
-3
14024837
308
1525
-3283
4318
732
-88
14025862
378
1480
-3354
4196
842
-268
14026887
319
1408
-3334
4078
928
-378
14027912
167
1316
-3250
3975
966
-407
14028937
0
1231
-3100
3677
928
-395
14029962
-98
1137
-2926
3299
839
-339
14030987
-132
1024
-2716
2970
746
-248
14032012
-165
890
-2447
2705
694
-126
14033037
-224
744
-2105
2470
627
36
14034062
-304
604
-1680
2345
679
260
14035087
-371
480
-1191
2276
1122
420
14036112
-594
308
-706
2258
1367
428
14028928
-941
84
-170
2144
805
373
14029953
-945
-180
404
1923
351
545
14030978
-669
-453
925
1854
343
869
14032003
-401
-708
1395
2259
503
1082
14033028
-125
-949
1862
2862
750
1173
14034053
66
-1168
2357
3578
889
1167
14035078
196
-1355
2911
4285
925
1039
14036103
342
-1503
3428
4626
985
997
14037128
497
-1661
3765
4853
957
1117
14038153
649
-1829
3895
5491
1004
1349
14039178
619
-1878
3924
5990
1114
1596
14040203
418
-1775
3837
6048
999
1734
14041228
334
-1580
3614
5863
833
1624
14042253
426
-1315
3310
5484
792
1163
14043278
672
-1115
2993
4925
662
480
14044303
1261
-1054
2649
4399
587
136
14037120
2015
-1028
2300
4244
782
301
14038145
2619
-923
2003
4091
997
589
14039170
2983
-777
1776
3909
1190
790
14040195
3150
-639
1587
3928
1408
874
14041220
3089
-501
1476
3961
1642
702
14042245
2838
-427
1439
3948
1923
583
14043270
2375
-410
1448
3876
2151
657
14044295
1812
-426
1434
3763
2196
827
14045320
1314
-439
1379
3612
2002
948
14046345
998
-456
1286
3551
1858
1049
14047370
788
-466
1171
3469
1823
1207
14048395
605
-452
1015
3436
1796
1278
14049420
458
-439
844
3562
1916
1405
14050445
235
-411
643
3818
2099
1577
14051470
-102
-348
392
4039
2123
1612
14052495
-427
-271
98
4047
1975
1470
14045312
-698
-202
-243
3896
1640
1245
14046337
-821
-151
-604
3961
1245
1059
14047362
-682
-122
-906
4461
1245
1110
14048387
-573
-49
-1045
4583
1541
1153
14049412
-718
15
-1162
4781
1761
1027
14050437
-1011
72
-1271
5171
1808
969
14051462
-1397
191
-1383
5054
1653
897
14052487
-1761
337
-1597
4712
1254
610
14053512
-1939
440
-1907
4810
1017
368
14054537
-2070
530
-2185
5320
1035
328
14055562
-2247
681
-2340
5845
969
256
14056587
-2255
868
-2386
6082
860
87
14057612
-2009
1024
-2356
5969
908
-75
14058637
-1747
1092
-2319
5861
984
-148
14059662
-1505
1147
-2285
5501
791
-83
14060687
-1045
1181
-2297
5070
659
-154
14053504
-544
1179
-2353
4301
659
-152
14054529
-321
1109
-2438
3917
676
-163
14055554
-234
1039
-2442
3697
712
-81
14056579
-236
956
-2438
3866
1008
62
14057604
-478
909
-2432
3817
1007
6
14058629
-686
878
-2398
3549
793
-169
14059654
-743
818
-2310
3363
768
-236
14060679
-787
752
-2159
3156
782
-221
14061704
-807
659
-1996
3049
788
-123
14062729
-781
581
-1813
2892
742
-47
14063754
-686
519
-1606
2742
664
-38
14064779
-534
453
-1373
2573
624
13
14065804
-384
379
-1098
2366
680
122
14066829
-296
269
-778
2193
754
204
14067854
-260
102
-420
2249
877
336
14068879
-290
-77
-13
2363
898
500
14061696
-301
-271
454
2517
933
689
14062721
-319
-499
959
2838
1090
954
14063746
-483
-686
1466
3147
1123
1244
14064771
-631
-829
1922
3716
997
1403
14065796
-578
-936
2334
4539
844
1272
14066821
-342
-1083
2709
5135
711
864
14067846
127
-1313
3017
5527
692
716
14068871
614
-1520
3228
5532
804
961
14069896
838
-1571
3306
4968
793
1295
14070921
881
-1550
3204
4736
710
1419
14071946
824
-1476
3009
5053
772
1320
14072971
652
-1352
2856
5326
775
1053
14073996
555
-1232
2726
5305
814
760
14075021
687
-1164
2546
5134
858
590
14076046
1006
-1106
2332
4884
864
678
14077071
1388
-973
2123
4400
888
841
14069887
1713
-807
1900
3879
889
826
14070912
2027
-691
1675
3548
876
762
14071937
2360
-607
1484
3298
1068
806
14072962
2502
-514
1298
3185
1264
884
14073987
2441
-399
1132
3157
1323
749
14075012
2376
-346
991
3271
1451
663
14076037
2200
-343
882
3458
1731
820
14077062
1799
-334
784
3508
1763
1026
14078087
1416
-315
667
3469
1536
1048
14079112
1241
-322
532
3397
1456
1089
14080137
1086
-347
371
3305
1543
1257
14081162
823
-346
191
3223
1404
1389
14082187
639
-316
19
3159
1266
1412
14083212
545
-302
-117
3228
1372
1399
14084237
362
-325
-220
3496
1593
1509
14085262
-12
-325
-283
3664
1659
1603
14078080
-432
-295
-345
3870
1591
1535
14079105
-772
-236
-404
4071
1507
1309
14080130
-984
-187
-497
4332
1391
1090
14081155
-1037
-150
-602
4612
1242
952
14082180
-957
-128
-675
4909
1259
952
14083205
-945
-86
-702
5113
1432
1037
14084230
-1093
0
-735
5139
1469
983
14085255
-1283
102
-829
4857
1426
932
14086280
-1540
231
-1023
4298
1308
817
14087305
-1826
360
-1366
4228
1030
484
14088330
-1978
467
-1730
4833
829
249
14089355
-2032
622
-2006
5472
770
187
14090380
-1953
821
-2229
5948
593
-63
14091405
-1580
1000
-2354
5894
399
-358
14092430
-1024
1064
-2381
5533
551
-352
14093455
-698
1014
-2441
5715
902
10
14086272
-662
1048
-2476
5200
722
119
14087297
-359
1076
-2508
4277
491
110
14088322
-41
1028
-2579
3709
660
332
14089347
-34
1056
-2542
3768
692
638
14090372
-62
1179
-2472
4256
721
401
14091397
109
1285
-2333
3835
654
-71
14092422
388
1185
-2257
3348
871
-314
14093447
450
978
-2170
3101
1001
-187
14094472
312
796
-2008
2996
931
128
14095497
69
659
-1785
2905
967
310
14096522
-215
580
-1538
2597
902
370
14097547
-399
481
-1315
2432
844
455
14098572
-556
427
-1057
2237
843
479
14099597
-693
356
-762
2144
835
368
14100622
-696
227
-429
2349
850
290
14101647
-614
78
-53
2686
947
358
14094464
-550
-48
365
2960
1030
508
14095489
-476
-143
805
3096
1009
612
14096514
-347
-250
1233
3113
1047
743
14097539
-261
-384
1606
3268
1129
955
14098564
-272
-510
1936
3682
1106
1122
14099589
-232
-609
2250
4167
978
948
14100614
53
-770
2541
4871
918
570
14101639
494
-1004
2849
5576
1098
462
14102664
769
-1149
3133
5180
1286
610
14103689
877
-1287
3176
4335
1237
825
14104714
838
-1451
2946
4311
1275
1172
14105739
313
-1469
2670
4547
1353
1415
14106764
-676
-1412
2388
4740
1108
1318
14107789
-1371
-1357
2091
4805
809
987
14108814
-1427
-1336
1747
4851
728
693
14109839
-1053
-1304
1431
4707
653
379
14102656
-534
-1261
1173
4325
683
273
14103681
7
-1239
994
3874
697
472
14104706
578
-1204
854
3556
686
784
14105731
1076
-1129
765
3291
720
979
14106756
1438
-1034
731
3132
869
1041
14107781
1635
-940
760
3091
1110
993
14108806
1629
-860
815
3227
1374
1001
14109831
1463
-786
871
3383
1523
979
14110856
1265
-725
908
3465
1568
987
14111881
1073
-688
886
3603
1568
1110
14112906
913
-638
795
3699
1495
1323
14113931
760
-546
634
3593
1295
1344
14114956
716
-496
423
3518
1138
1354
14115981
733
-482
198
3701
1204
1849
14117006
626
-301
-6
3865
1130
2158
14118031
620
-51
-170
3853
995
1748
14110879
712
49
-296
3914
1410
1459
14111904
381
76
-419
4052
1722
1327
14112929
-200
125
-576
4258
1528
1183
14113954
-554
208
-716
4365
1179
1050
14114979
-589
301
-787
4039
896
839
14116004
-414
303
-848
3864
886
723
14117029
-258
245
-841
4033
1102
798
14118054
-270
238
-722
4112
1305
914
14119079
-398
244
-586
4426
1588
899
14120104
-688
257
-431
4959
1889
847
14121129
-1240
335
-234
4824
1993
798
14122154
-1912
438
-150
4311
1816
582
14123179
-2412
511
-267
4372
1618
296
14124204
-2683
632
-466
4603
1501
18
14125229
-2822
770
-706
5193
1417
-165
14126254
-2920
952
-859
5737
1155
-332
14119041
-2687
1167
-983
5932
896
-442
14120066
-2025
1366
-1169
5739
755
-532
14121091
-1211
1494
-1416
5389
733
-535
14122116
-496
1549
-1692
4964
623
-475
14123141
131
1553
-1973
4608
542
-334
14124166
673
1521
-2288
4372
569
-185
14125191
1055
1472
-2592
4089
629
-124
14126216
1243
1373
-2830
3948
783
-107
14127241
1162
1249
-2948
3835
934
-143
14128266
901
1130
-2936
3727
1011
-221
14129291
604
1007
-2827
3621
1109
-276
14130316
298
878
-2661
3422
1136
-269
14131341
30
757
-2454
3139
1092
-139
14132366
-207
676
-2229
2827
1013
8
14133391
-400
617
-1970
2504
885
157
14134416
-566
553
-1671
2183
789
346
14127233
-757
476
-1315
1967
695
507
14128258
-921
380
-890
1896
640
636
14129283
-994
260
-412
1938
660
718
14130308
-918
99
77
2143
707
705
14131333
-681
-102
570
2357
725
716
14132358
-361
-331
1059
2533
752
822
14133383
-61
-567
1538
2796
793
1057
14134408
119
-740
1979
3210
875
1309
14135433
156
-820
2379
3655
919
1320
14136458
212
-898
2722
4217
958
1149
14137483
313
-1009
3030
4923
1080
938
14138508
406
-1103
3310
5535
1194
805
14139533
490
-1209
3520
5964
1238
749
14140558
572
-1227
3642
5479
1261
874
14141583
582
-1216
3525
5062
1182
1013
14142608
546
-1164
3212
5134
1063
971
14135424
461
-1065
2912
5191
873
759
14136449
521
-990
2609
5098
738
581
14137474
848
-946
2262
4967
872
534
14138499
1156
-889
1882
4659
1035
526
14139524
1352
-819
1510
4228
1023
405
14140549
1527
-763
1198
3768
1077
356
14141574
1553
-747
940
3444
1181
430
14142599
1433
-739
741
3233
1232
503
14143624
1290
-733
590
3061
1240
499
14144649
1184
-731
495
3028
1271
452
14145674
1106
-727
465
3089
1323
421
14146699
1075
-728
495
3168
1322
494
14147724
1128
-715
562
3344
1352
679
14148749
1226
-668
611
3420
1392
766
14149774
1315
-617
616
3351
1397
720
14150799
1376
-607
558
3285
1425
767
14143617
1321
-625
457
3292
1441
923
14144642
1127
-655
330
3440
1571
1251
14145667
714
-672
198
3649
1685
1601
14146692
197
-656
49
3810
1595
1722
14147717
-266
-586
-77
3969
1589
1768
14148742
-730
-486
-215
4292
1787
1839
14149767
-1264
-356
-366
4542
1797
1737
14150792
-1696
-200
-522
4578
1449
1497
14151817
-1680
-50
-685
4519
876
1200
14152842
-1137
29
-768
4783
842
1178
14153867
-720
133
-668
4629
1355
1303
14154892
-844
245
-586
4456
1584
1167
14155917
-1124
329
-543
4523
1604
941
14156942
-1487
440
-483
4373
1749
899
14157967
-2089
596
-480
4239
1746
741
14158992
-2635
779
-575
4225
1449
276
14151808
-2816
910
-740
4550
1253
-49
14152833
-2778
1034
-917
5364
1249
-78
14153858
-2712
1242
-1063
6072
1034
-269
14154883
-2351
1461
-1123
6202
825
-513
14155908
-1704
1596
-1218
5967
920
-581
14156933
-1122
1645
-1379
5618
833
-494
14157958
-532
1671
-1576
5214
656
-396
14158983
128
1677
-1802
4664
577
-335
14160008
669
1624
-2077
4241
665
-254
14161033
946
1542
-2326
3900
741
-225
14162058
1046
1420
-2525
3745
874
-212
14163083
928
1287
-2647
3680
998
-211
14164108
652
1167
-2682
3642
1000
-283
14165133
380
1056
-2634
3579
1003
-345
14166158
134
940
-2529
3492
1002
-383
14167183
-54
829
-2377
3274
901
-348
14159999
-133
716
-2202
3015
836
-145
14161024
-195
628
-2003
2773
833
35
14162049
-277
540
-1754
2394
707
118
14163074
-380
393
-1456
2106
682
388
14164099
-603
253
-1099
2026
758
642
14165124
-831
124
-707
2050
684
752
14166149
-912
-10
-287
2054
583
758
14167174
-783
-172
165
2175
597
698
14168199
-541
-392
617
2359
716
726
14169224
-327
-634
1084
2712
827
906
14170249
-191
-835
1548
3100
863
1158
14171274
-122
-948
1966
3440
868
1277
14172299
-44
-1034
2331
4029
879
1300
14173324
25
-1067
2704
4598
891
1152
14174349
203
-1121
3049
5561
957
751
14175374
582
-1247
3396
6776
1103
397
14168192
1030
-1278
3762
6357
1275
453
14169217
1467
-1295
3827
5285
1141
709
14170242
1901
-1308
3478
5047
1089
895
14171267
2031
-1184
3059
5112
1081
948
14172292
1762
-1072
2650
4998
938
837
14173317
1415
-1035
2255
4776
1088
1017
14174342
873
-991
1840
4687
1291
986
14175367
198
-927
1481
4416
1157
498
14176392
-143
-917
1174
3990
1034
374
14177417
-91
-956
931
3687
1037
517
14178442
103
-950
719
3422
974
619
14179467
396
-922
566
3184
893
699
14180492
785
-878
491
3079
913
686
14181517
1100
-813
474
3134
1022
698
14182542
1283
-745
501
3315
1094
685
14183567
1397
-659
590
3307
1237
643
14176384
1424
-628
662
3378
1435
728
14177409
1303
-613
683
3563
1540
935
14178434
1146
-566
640
3507
1391
1129
14179459
1028
-532
546
3387
1270
1157
14180484
851
-535
428
3403
1363
1297
14181509
528
-547
283
3661
1439
1515
14182534
167
-493
132
3801
1383
1671
14183559
-107
-407
-17
3832
1355
1615
14184584
-367
-335
-153
3941
1436
1506
14185609
-709
-244
-269
4057
1441
1372
14186634
-1031
-134
-397
4208
1293
1197
14187659
-1186
-6
-525
4090
1023
984
14188684
-1058
90
-657
4032
810
828
14189709
-772
143
-729
4173
865
834
14190734
-608
202
-695
4336
1149
965
14191759
-697
273
-626
4623
1457
1011
14184575
-976
391
-527
4706
1590
891
14185600
-1299
522
-442
4632
1590
736
14186625
-1639
663
-432
4551
1558
698
14187650
-1994
852
-608
4650
1286
400
14188675
-2053
1049
-841
4712
862
-49
14189700
-1799
1145
-1065
5120
730
-222
14190725
-1591
1239
-1173
6030
1133
131
14191750
-1581
1452
-1304
6729
1061
0
14192775
-1190
1706
-1402
6117
555
-503
14193800
-343
1708
-1641
5554
547
-580
14194825
256
1652
-1827
4927
761
-412
14195850
529
1581
-2005
4596
805
-255
14196875
697
1508
-2174
4406
843
-92
14197900
784
1473
-2317
4080
862
-62
14198925
815
1408
-2442
3764
906
-226
14199950
741
1266
-2516
3611
974
-339
14192769
530
1101
-2506
3549
1021
-329
14193794
233
947
-2433
3530
1052
-217
14194819
-77
840
-2320
3402
980
-82
14195844
-298
791
-2188
3182
859
12
14196869
-407
772
-2028
2890
815
6
14197894
-410
690
-1841
2499
769
-15
14198919
-333
500
-1648
2372
901
275
14199944
-430
343
-1391
2296
1033
796
14200969
-762
293
-1072
2116
1032
1047
14201994
-1035
238
-720
2269
938
927
14203019
-1057
143
-366
2415
1026
754
14204044
-1012
-21
-35
2238
1063
748
14205069
-1007
-229
305
2115
846
873
14206094
-873
-427
676
2354
656
977
14207119
-649
-606
1056
2672
726
1051
14208144
-474
-758
1420
3048
884
1051
14200960
-296
-898
1734
3812
916
1047
14201985
-95
-943
2067
4511
897
904
14203010
165
-975
2409
5188
927
617
14204035
575
-1085
2750
5848
973
361
14205060
1056
-1164
3057
5295
1026
423
14206085
1461
-1266
3111
4596
1079
688
14207110
1642
-1341
2941
4731
1037
926
14208135
1568
-1296
2756
5032
995
1075
14209160
1264
-1213
2596
5117
1011
1058
14210185
930
-1147
2422
5064
1091
852
14211210
704
-1138
2200
5040
1207
669
14212235
571
-1140
1980
4770
1153
481
14213260
636
-1142
1762
4233
1108
382
14214285
720
-1159
1544
3806
1128
621
14215310
764
-1149
1379
3530
1033
898
14216335
920
-1102
1235
3420
914
1000
14209153
1212
-1033
1130
3374
993
967
14210178
1428
-949
1070
3367
1242
833
14211203
1444
-877
1070
3470
1408
803
14212228
1339
-839
1057
3645
1531
827
14213253
1220
-777
1063
3649
1597
971
14214278
1111
-727
1015
3621
1593
1127
14215303
992
-661
955
3572
1528
1240
14216328
917
-582
866
3559
1476
1187
14217353
897
-548
742
3638
1552
1169
14218378
815
-533
603
3720
1687
1537
14219403
560
-425
410
3802
1623
1641
14220428
345
-310
213
3932
1561
1428
14221453
99
-252
33
4027
1860
1437
14222478
-454
-182
-182
4108
1872
1394
14223503
-1037
-83
-433
4221
1465
1234
14224528
-1262
24
-685
4212
1102
1071
14217345
-1141
117
-920
4223
924
945
14218370
-894
178
-1085
4487
1026
968
14219395
-793
264
-1143
4670
1280
1001
14220420
-891
359
-1206
5054
1397
814
14221445
-1041
451
-1268
5480
1375
527
14222470
-1233
584
-1239
4948
1250
362
14223495
-1488
685
-1324
4166
1090
204
14224520
-1731
727
-1543
3929
959
14
14225545
-1971
776
-1688
4036
886
-36
14226570
-2147
830
-1754
4903
881
-20
14227595
-2252
995
-1670
5626
1042
-86
14228620
-2226
1181
-1482
5820
1075
-283
14229645
-1948
1294
-1247
5937
1177
-413
14230670
-1470
1364
-1111
6188
1046
-420
14231695
-831
1453
-1084
5603
843
-603
14232720
-79
1461
-1247
4598
635
-671
14225536
450
1350
-1558
3994
587
-489
14226561
625
1257
-1794
3712
516
-170
14227586
657
1178
-1995
3891
679
32
14228611
532
1143
-2146
3710
821
-13
14229636
337
1078
-2285
3584
860
-183
14230661
151
995
-2328
3512
814
-324
14231686
52
917
-2264
3441
848
-342
14232711
-15
809
-2186
3476
924
-317
14233736
-98
725
-2062
3113
820
-279
14234761
-84
622
-1926
2836
736
-227
14235786
-28
508
-1746
2701
682
-78
14236811
-21
434
-1489
2533
739
118
14237836
-84
368
-1171
2376
781
251
14238861
-169
268
-803
2273
816
401
14239886
-241
153
-382
2301
873
493
14240911
-255
12
79
2403
900
589
14233728
-238
-136
578
2428
1020
740
14234753
-229
-287
1098
2550
1101
792
14235778
-164
-473
1597
2798
1093
888
14236803
-60
-636
2081
2993
1084
1045
14237828
91
-796
2513
3447
1047
1030
14238853
324
-966
2919
4279
1022
877
14239878
577
-1118
3340
5404
1160
808
14240903
769
-1204
3772
6505
1345
768
14241928
878
-1195
4144
6385
1492
787
14242953
962
-1156
4231
5405
1515
993
14243978
929
-1124
3913
4874
1391
1140
14245003
692
-1017
3412
4793
1060
979
14246028
498
-938
2905
5014
610
728
14247053
669
-866
2470
4972
596
664
14248078
998
-788
1993
4745
897
574
14249103
1195
-693
1511
4385
1103
368
14241920
1272
-632
1076
4060
1110
337
14242945
1342
-601
765
3702
1125
363
14243970
1358
-580
524
3373
1222
403
14244995
1293
-576
336
3172
1284
471
14246020
1230
-578
203
3035
1289
511
14247045
1207
-585
141
2989
1335
522
14248070
1150
-593
161
2991
1398
538
14249095
1054
-605
241
3036
1443
600
14250120
942
-616
358
3159
1520
686
14251145
797
-611
467
3153
1548
655
14252170
659
-635
534
3127
1580
641
14253195
560
-675
530
3135
1609
683
14254220
394
-761
448
3302
1878
827
14255245
-142
-830
325
3528
2007
970
14256270
-760
-872
150
3978
1780
1086
14257295
-1159
-852
-35
4152
1604
1104
14250111
-1397
-812
-256
4145
1439
1013
14251136
-1580
-757
-456
4163
1449
1010
14252161
-1869
-684
-646
4345
1556
1057
14253186
-2177
-571
-862
4636
1383
997
14254211
-2186
-395
-1059
4546
1006
835
14255236
-1851
-230
-1203
4197
899
711
14256261
-1552
-120
-1326
4264
569
713
14257286
-1211
-11
-1189
4557
398
874
14258311
-1144
181
-895
4418
800
954
14259336
-1471
340
-637
4748
885
758
14260361
-1779
490
-339
5335
939
620
14261386
-2318
689
-63
4959
896
451
14262411
-3351
889
63
4729
709
139
14263436
-4256
953
116
4652
136
-473
14264461
-4330
883
322
4798
233
-395
14265486
-3585
906
220
5534
451
158
14258304
-2526
1140
250
5735
573
185
14259329
-1326
1347
418
5608
506
-86
14260354
-135
1574
360
5459
572
-240
14261379
995
1836
259
4861
766
-440
14262404
1711
1962
-65
4311
945
-614
14263429
1949
2003
-476
3793
962
-654
14264454
2072
1935
-941
3551
908
-490
14265479
2052
1846
-1330
3559
940
-295
14266504
1898
1771
-1618
3598
1045
-148
14267529
1683
1686
-1874
3772
1143
-115
14268554
1460
1600
-2087
3846
1009
-286
14269579
1376
1486
-2214
3733
872
-425
14270604
1337
1345
-2249
3505
858
-483
14271629
1217
1179
-2207
3203
924
-445
14272654
963
971
-2108
2991
1063
-271
14273679
573
757
-1967
2839
1070
99
14266496
141
669
-1764
2729
1008
524
14267521
-274
734
-1488
2674
904
790
14268546
-576
856
-1144
2552
832
1069
14269571
-799
929
-756
2329
823
1284
14270596
-957
898
-296
2070
743
1212
14271621
-842
716
163
2154
566
1097
14272646
-396
445
644
2313
449
1106
14273671
181
168
1123
2496
643
1195
14274696
624
-109
1538
2787
919
1082
14275721
973
-385
1876
3158
1039
874
14276746
1352
-694
2151
3966
1111
735
14277771
1577
-943
2463
4957
1362
851
14278796
1374
-1035
2822
5926
1687
1002
14279821
835
-1029
3199
6515
1712
823
14280846
-14
-1063
3531
5338
2104
504
14281871
-1501
-1366
3498
3716
2579
827
14274688
-3027
-1698
2967
3359
1777
862
14275713
-3879
-1861
2334
3758
593
512
14276738
-3579
-1934
1798
4192
-85
542
14277763
-2512
-1837
1322
4333
112
717
14278788
-1426
-1647
817
4418
204
587
14279813
-216
-1461
377
4323
-6
351
14280838
1105
-1316
102
4082
322
325
14281863
2023
-1213
-65
3816
665
465
14282888
2466
-1159
-167
3478
769
731
14283913
2621
-1142
-189
3313
902
1034
14284938
2527
-1041
-123
3270
1073
1332
14285963
2084
-910
38
3088
1408
1587
14286988
1424
-898
228
3128
1461
1405
14288013
1110
-952
358
3439
1350
1508
14289038
971
-989
522
3699
1519
2081
14290063
664
-891
654
3686
1452
2241
14282880
408
-822
701
3684
1250
2226
14283905
262
-773
677
3740
1151
2293
14284930
88
-668
571
3790
1086
2332
14285955
-115
-510
409
3737
1055
2166
14286980
-392
-347
238
3764
1123
1944
14288005
-731
-172
94
3958
1139
1727
14289030
-985
40
0
4012
1076
1358
14290055
-1064
224
-97
4045
1044
1098
14291080
-984
378
-209
4059
957
923
14292105
-780
494
-325
4086
777
774
14293130
-434
571
-411
4041
674
681
14294155
19
623
-462
3891
732
686
14295180
421
639
-507
3910
920
721
14296205
637
616
-511
4286
1229
794
14297230
579
620
-426
4637
1661
875
14298255
204
632
-340
5312
2047
842
14291072
-441
656
-209
6003
2303
739
14292097
-1284
761
-35
5340
2141
521
14293122
-1987
830
-144
4543
1802
173
14294147
-2333
854
-503
4318
1423
-58
14295172
-2495
903
-913
4653
1104
-178
14296197
-2593
1008
-1175
5420
885
-169
14297222
-2494
1212
-1274
5815
759
-169
14298247
-1964
1429
-1378
5674
652
-345
14299272
-1104
1554
-1537
5395
716
-438
14300297
-313
1615
-1704
4845
701
-392
14301322
313
1599
-1931
4428
670
-224
14302347
730
1567
-2174
4071
631
-86
14303372
1071
1525
-2416
3778
529
44
14304397
1463
1483
-2645
3623
563
129
14305422
1711
1440
-2790
3574
784
57
14306447
1706
1345
-2819
3681
924
-114
14299263
1531
1240
-2727
3584
1015
-83
14300288
1236
1152
-2556
3229
1127
59
14301313
865
1056
-2329
2919
1217
184
14302338
487
944
-2074
2785
1221
282
14303363
145
842
-1800
2574
1223
648
14304388
-271
835
-1488
2185
1112
720
14305413
-450
766
-1155
2053
796
521
14306438
-308
621
-802
1957
762
473
14307463
-116
441
-436
1798
789
578
14308488
21
234
-51
1711
821
821
14309513
51
58
378
1786
948
921
14310538
24
-109
824
2061
1050
896
14311563
-23
-268
1293
2364
1162
870
14312588
-81
-411
1773
2693
1209
868
14313613
-159
-548
2242
3013
1251
902
14314638
-272
-673
2686
3478
1272
838
14307456
-306
-803
3069
4174
1227
840
14308481
-259
-921
3381
5210
1250
782
14309506
-140
-1027
3670
6543
1342
593
14310531
14
-1103
3926
7151
1442
330
14311556
296
-1146
4141
6076
1262
380
14312581
701
-1262
3991
5121
1140
803
14313606
887
-1296
3595
4727
1154
1196
14314631
722
-1209
3117
4761
943
1299
14315656
525
-1097
2692
4887
745
1072
14316681
570
-1004
2285
4908
912
769
14317706
661
-958
1832
4999
1095
499
14318731
783
-903
1441
4815
1174
287
14319756
924
-857
1109
4464
1224
447
14320781
993
-768
851
3922
1051
598
14321806
1250
-691
635
3408
853
637
14322831
1634
-638
476
2991
1032
674
14315648
1837
-603
371
2773
1197
806
14316673
1866
-529
317
2723
1206
877
14317698
1887
-445
352
2740
1196
650
14318723
1941
-449
452
2943
1496
623
14319748
1751
-468
585
3138
1922
824
14320773
1309
-470
658
3368
2010
983
14321798
876
-468
657
3368
1806
1012
14322823
531
-511
569
3290
1695
1105
14323848
123
-568
394
3351
1662
1318
14324873
-321
-587
151
3553
1408
1539
14325898
-574
-541
-96
3691
1146
1498
14326923
-611
-492
-315
3828
1183
1451
14327948
-710
-430
-496
3995
1390
1437
14328973
-979
-357
-658
4151
1484
1348
14329998
-1303
-279
-787
4267
1435
1230
14331023
-1577
-189
-888
4267
1292
1077
14323839
-1711
-95
-980
4133
1112
901
14324864
-1661
-30
-1053
4266
968
791
14325889
-1486
15
-1053
4612
1049
802
14326914
-1409
115
-938
4733
1220
791
14327939
-1436
192
-834
5235
1476
681
14328964
-1575
288
-677
5474
1666
731
14329989
-1904
509
-530
4708
1571
671
14331014
-2174
682
-651
4527
1278
218
14332039
-2186
833
-820
4563
1089
-162
14333064
-2199
938
-1008
5184
1286
-206
14334089
-2415
1109
-1154
6187
1204
-244
14335114
-2254
1410
-1235
6355
651
-586
14336139
-1341
1614
-1360
5858
321
-867
14337164
-199
1644
-1558
5158
459
-839
14338189
624
1570
-1778
4506
652
-623
14339214
1038
1440
-2024
4244
809
-294
14332032
1143
1347
-2233
4119
876
-76
14333057
1078
1268
-2383
3878
978
-35
14334082
793
1152
-2476
3729
1134
-98
14335107
316
1026
-2492
3722
1146
-221
14336132
-145
915
-2436
3728
1105
-350
14337157
-482
829
-2330
3585
1007
-448
14338182
-660
735
-2199
3496
934
-484
14339207
-722
645
-2003
3313
858
-433
14340232
-671
539
-1764
3103
807
-329
14341257
-555
410
-1515
2878
811
-221
14342282
-443
288
-1256
2635
813
-145
14343307
-359
160
-990
2457
799
-94
14344332
-310
34
-695
2337
796
-45
14345357
-280
-98
-365
2311
826
22
14346382
-272
-226
-6
2316
867
107
14347407
-263
-350
370
2311
884
217
14340225
-221
-470
754
2321
919
326
14341250
-154
-601
1128
2424
999
462
14342275
-114
-715
1496
2565
1059
655
14343300
-108
-812
1852
2716
1087
803
14344325
-84
-913
2188
2904
1064
878
14345350
-3
-1025
2499
3338
1087
1029
14346375
57
-1107
2809
4006
1146
1092
14347400
135
-1228
3126
5444
1296
920
14348425
277
-1428
3538
7863
1645
642
14349450
424
-1510
4199
7751
1928
949
14350475
508
-1531
4530
5526
1902
1902
14351500
404
-1570
4110
4318
1290
2540
14352525
39
-1342
3481
4090
887
2394
14353550
-180
-1211
2874
4960
870
2256
14354575
-63
-1001
2339
4834
1604
2324
14355600
-31
-786
1574
4600
1820
2081
14348416
-89
-598
811
4475
1109
1634
14349441
261
-468
338
4073
833
1613
14350466
509
-386
54
3472
1504
1921
14351491
-70
-325
-149
3086
1924
1935
14352516
-870
-258
-309
2775
1735
1791
14353541
-1366
-185
-432
2627
1588
1500
14354566
-1682
-134
-547
2669
1453
1185
14355591
-1861
-111
-653
2847
1277
900
14356616
-1920
-95
-739
2964
1070
711
14357641
-1919
-87
-782
3043
940
636
14358666
-1891
-76
-803
3121
887
574
14359691
-1867
-57
-843
3267
893
417
14360716
-1846
-28
-895
3374
861
143
14361741
-1764
-49
-980
3888
922
-2
14362766
-1773
-71
-1004
4621
1118
-69
14363791
-1937
16
-972
5237
1175
-278
14356608
-1989
113
-965
5799
1029
-730
14357633
-1824
176
-902
5375
845
-1052
14358658
-1646
137
-878
4275
807
-1047
14359683
-1634
43
-982
3754
827
-880
14360708
-1778
8
-1088
3689
768
-757
14361733
-1988
34
-1147
3961
667
-772
14362758
-2074
106
-1129
4063
550
-916
14363783
-1914
169
-1080
3793
615
-1068
14364808
-1648
152
-1073
3860
725
-1157
14365833
-1433
118
-1045
4089
768
-1162
14366858
-1234
76
-1005
4201
681
-1132
14367883
-1001
15
-946
4042
560
-968
14368908
-839
-49
-866
3727
620
-744
14369933
-854
-115
-788
3536
778
-617
14370958
-1000
-183
-703
3430
881
-578
14371983
-1172
-256
-634
3388
915
-584
14364800
-1317
-320
-575
3401
861
-567
14365825
-1377
-375
-495
3497
825
-527
14366850
-1365
-422
-389
3621
889
-473
14367875
-1329
-476
-276
3732
969
-429
14368900
-1272
-553
-183
3701
980
-312
14369925
-1225
-640
-135
3682
970
-123
14370950
-1224
-693
-103
3773
939
-18
14371975
-1219
-722
-65
3880
929
24
14373000
-1160
-762
-31
3934
982
85
14374025
-1107
-802
-6
3908
1065
201
14375050
-1126
-828
-7
3833
1052
358
14376075
-1170
-807
-21
3707
986
506
14377100
-1197
-757
-50
3604
960
529
14378125
-1207
-717
-86
3549
919
496
14379150
-1184
-687
-114
3534
885
476
14380175
-1112
-660
-116
3609
898
502
14372992
-1025
-621
-82
3758
942
551
14374017
-933
-559
-4
3774
924
530
14375042
-751
-525
81
3761
911
516
14376067
-508
-515
164
3747
948
591
14377092
-337
-502
246
3697
966
682
14378117
-252
-491
318
3659
1007
773
14379142
-258
-473
383
3556
1080
818
14380167
-348
-456
430
3489
1117
832
14381192
-460
-426
467
3536
1109
860
14382217
-526
-359
507
3614
1120
803
14383242
-529
-291
540
3682
1125
714
14384267
-473
-234
563
3728
1100
680
14385292
-390
-179
557
3779
1076
678
14386317
-321
-118
519
3809
1061
649
14387342
-259
-57
446
3800
1038
596
14388367
-183
-5
353
3771
1016
528
14381184
-99
34
257
3773
1031
494
14382209
-39
70
179
3771
1082
475
14383234
-8
100
111
3753
1095
421
14384259
26
116
48
3722
1103
379
14385284
45
124
-4
3721
1128
345
14386309
25
128
-39
3702
1131
315
14387334
4
129
-58
3678
1145
290
14388359
-15
122
-73
3654
1165
295
14389384
-47
110
-94
3668
1158
298
14390409
-80
105
-119
3629
1108
299
14391434
-79
100
-153
3610
1070
274
14392459
-60
94
-194
3693
1076
273
14393484
-51
97
-226
3732
1068
261
14394509
-17
95
-258
3740
1043
244
14395534
19
84
-287
3701
1046
259
14396559
16
67
-310
3670
1037
305
14389375
8
52
-320
3651
1015
338
14390400
7
40
-323
3623
1026
358
14391425
-3
29
-325
3608
1008
363
14392450
-6
21
-323
3616
986
387
14393475
-15
17
-311
3628
990
401
14394500
-28
17
-287
3632
976
418
14395525
-20
19
-258
3620
965
418
14396550
8
13
-226
3610
964
428
14397575
36
1
-186
3620
967
462
14398600
50
-5
-138
3618
961
483
14399625
63
-9
-85
3604
969
503
14400650
56
-8
-30
3579
984
511
14401675
55
-5
25
3578
945
494
14402700
129
-9
73
3625
967
485
14403725
173
-8
122
3643
1054
511
14404750
137
3
165
3629
1019
521
14397571
154
16
198
3625
1001
499
14398596
190
22
228
3634
1070
505
14399621
181
24
249
3647
1085
501
14400646
174
23
268
3643
1081
501
14401671
168
23
283
3657
1098
505
14402696
149
27
295
3636
1113
495
14403721
141
31
301
3646
1109
486
14404746
154
34
309
3661
1117
476
14405771
164
37
312
3650
1134
479
14406796
166
38
308
3640
1130
481
14407821
168
34
293
3647
1135
495
14408846
158
33
271
3648
1134
485
14409871
148
33
246
3655
1141
490
14410896
137
33
217
3671
1143
496
14411921
126
37
182
3666
1126
506
14412946
128
41
140
3660
1112
501
14405760
140
48
93
3672
1094
504
14406785
153
57
46
3690
1097
517
14407810
148
67
4
3681
1110
524
14408835
136
74
-31
3654
1053
513
14409860
160
71
-63
3639
1044
529
14410885
172
67
-88
3635
1048
549
14411910
152
68
-102
3626
1039
543
14412935
141
67
-108
3623
1030
549
14413960
134
67
-112
3641
1027
542
14414985
125
72
-112
3612
992
525
14416010
132
65
-115
3619
997
543
14417035
126
59
-110
3624
1013
569
14418060
89
54
-102
3628
1009
563
14419085
55
48
-86
3630
1019
558
14420110
25
43
-63
3622
1001
547
14421135
18
39
-37
3604
975
528
14413952
35
32
-12
3586
988
540
14414977
41
24
6
3598
990
553
14416002
46
16
22
3592
976
532
14417027
76
9
41
3609
1030
532
14418052
49
6
55
3633
1075
529
14419077
6
4
62
3649
1038
516
14420102
13
0
69
3651
1041
513
14421127
12
-5
70
3627
1067
524
14422152
-10
-15
62
3637
1060
521
14423177
-23
-23
55
3644
1069
522
14424202
-42
-31
53
3634
1089
515
14425227
-63
-40
55
3621
1090
518
14426252
-81
-51
56
3625
1096
521
14427277
-101
-58
59
3632
1093
539
14428302
-126
-63
61
3623
1097
547
14429327
-151
-69
59
3620
1100
549
14422144
-168
-71
52
3638
1102
552
14423169
-192
-71
41
3645
1096
560
14424194
-214
-68
30
3663
1091
564
14425219
-221
-64
18
3666
1079
563
14426244
-225
-57
4
3661
1080
567
14427269
-243
-47
-11
3661
1072
565
14428294
-257
-37
-27
3657
1053
565
14429319
-262
-27
-45
3650
1036
560
14430344
-260
-20
-59
3657
1020
538
14431369
-251
-18
-67
3668
1023
536
14432394
-251
-16
-68
3661
1011
523
14433419
-259
-17
-64
3662
1013
499
14434444
-269
-21
-57
3681
1025
506
14435469
-282
-25
-49
3680
1013
522
14436494
-291
-30
-45
3653
989
511
14437519
-293
-34
-49
3653
988
519
14430336
-295
-34
-53
3654
981
530
14431361
-289
-31
-54
3634
954
518
14432386
-258
-28
-59
3625
937
517
14433411
-231
-26
-72
3628
925
530
14434436
-212
-22
-86
3651
922
520
14435461
-186
-19
-92
3681
928
508
14436486
-168
-17
-88
3689
960
499
14437511
-175
-14
-74
3666
954
497
14438536
-176
-20
-62
3655
936
482
14439561
-166
-29
-51
3656
941
501
14440586
-160
-35
-39
3665
930
504
14441611
-137
-38
-28
3676
925
498
14442636
-104
-43
-24
3711
945
510
14443661
-83
-46
-21
3755
958
541
14444686
-69
-46
-17
3770
951
563
14445711
-66
-49
-14
3743
974
578
14438528
-102
-52
-12
3684
971
598
14439553
-140
-59
-2
3671
968
623
14440578
-167
-63
21
3697
983
629
14441603
-189
-65
59
3733
1000
642
14442628
-218
-62
103
3738
1022
658
14443653
-250
-51
140
3689
1004
665
14444678
-261
-43
159
3666
997
671
14445703
-268
-33
168
3656
1024
697
14446728
-275
-20
174
3650
1005
696
14447753
-245
-3
175
3619
993
694
14448778
-202
12
158
3617
1014
685
14449803
-173
28
132
3651
1031
700
14450828
-168
50
102
3698
1038
700
14451853
-179
73
72
3707
1038
674
14452878
-176
86
40
3719
1032
654
14453903
-190
95
11
3718
1032
643
14446720
-227
97
-8
3684
997
641
14447745
-234
90
-18
3645
955
637
14448770
-234
80
-23
3617
976
636
14449795
-264
72
-30
3593
950
622
14450820
-277
64
-38
3597
904
614
14451845
-271
53
-46
3616
905
624
14452870
-274
41
-45
3614
910
631
14453895
-278
24
-38
3610
896
636
14454920
-287
7
-28
3615
901
646
14455945
-307
-4
-21
3634
895
639
14456970
-311
-11
-19
3640
874
649
14457995
-302
-15
-17
3643
874
674
14459020
-292
-14
-15
3655
857
680
14460045
-268
-17
-11
3624
853
692
14461070
-239
-25
-12
3636
865
703
14462095
-232
-29
-8
3665
868
720
14454911
-235
-31
-5
3636
866
723
14455936
-236
-35
-14
3545
852
746
14456961
-248
-37
-36
3500
831
746
14457986
-251
-41
-62
3567
835
728
14459011
-244
-42
-69
3590
844
729
14460036
-235
-47
-65
3570
843
718
14461061
-218
-58
-59
3565
842
715
14462086
-204
-73
-51
3580
859
711
14463111
-200
-86
-41
3591
857
709
14464136
-176
-97
-36
3622
864
711
14465161
-159
-104
-34
3660
908
712
14466186
-174
-100
-36
3684
905
719
14467211
-185
-91
-42
3662
878
730
14468236
-162
-86
-59
3611
857
730
14469261
-109
-85
-82
3602
876
721
14470286
-74
-86
-101
3627
903
733
14463252
-71
-79
-110
3627
902
745
14464277
-68
-69
-117
3634
903
728
14465302
-57
-59
-121
3682
920
716
14466327
-48
-45
-118
3718
914
713
14467352
-26
-36
-111
3749
924
722
14468377
-24
-35
-99
3727
957
742
14469402
-51
-36
-89
3679
961
739
14470427
-72
-40
-88
3663
958
727
14471452
-83
-47
-88
3691
983
749
14472477
-112
-44
-77
3678
982
764
14473502
-142
-41
-60
3636
970
743
14474527
-152
-44
-42
3635
983
751
14475552
-165
-48
-20
3671
979
770
14476577
-167
-52
3
3703
996
769
14477602
-170
-56
24
3729
1025
781
14478627
-205
-57
40
3737
1052
795
14471296
-249
-54
52
3746
1032
801
14472321
-265
-47
56
3718
1005
800
14473346
-262
-39
47
3698
994
819
14474371
-279
-24
27
3716
987
842
14475396
-315
-4
10
3716
952
832
14476421
-316
8
-10
3704
895
805
14477446
-277
18
-17
3705
888
818
14478471
-260
25
-10
3750
904
837
14479496
-272
34
21
3719
889
828
14480521
-275
30
55
3697
896
827
14481546
-292
23
91
3700
910
847
14482571
-330
23
124
3692
874
866
14483596
-328
22
145
3658
873
878
14484621
-333
26
151
3638
886
879
14485646
-347
34
139
3664
856
873
14486671
-342
42
126
3659
841
873
14479488
-330
44
106
3654
811
882
14480513
-307
43
92
3642
813
901
14481538
-308
48
84
3645
818
892
14482563
-311
57
76
3643
795
868
14483588
-282
69
64
3658
769
844
14484613
-228
83
50
3680
744
851
14485638
-152
97
32
3646
711
854
14486663
-66
102
1
3614
727
847
14487688
-14
104
-37
3601
736
846
14488713
8
106
-72
3576
740
831
14489738
32
105
-108
3555
728
812
14490763
65
103
-140
3541
710
795
14491788
113
100
-164
3510
693
791
14492813
181
91
-183
3502
714
777
14493838
237
77
-191
3498
738
773
14494863
266
55
-189
3512
758
776
14487681
276
33
-173
3519
777
781
14488706
271
6
-149
3494
803
786
14489731
257
-22
-123
3484
782
801
14490756
294
-47
-99
3490
784
819
14491781
346
-61
-66
3493
837
849
14492806
356
-66
-36
3539
873
862
14493831
360
-67
-16
3561
869
885
14494856
381
-66
-8
3576
884
920
14495881
392
-64
-1
3597
908
915
14496906
402
-64
9
3625
922
915
14497931
415
-70
21
3656
952
947
14498956
390
-74
36
3681
988
951
14499981
343
-76
47
3721
986
960
14501006
318
-77
53
3727
988
978
14502031
295
-68
53
3713
990
994
14503056
276
-52
46
3696
966
977
14495872
290
-36
34
3673
982
948
14496897
295
-23
22
3656
1005
953
14497922
278
-12
19
3622
1007
929
14498947
248
-5
25
3617
1046
901
14499972
203
-7
41
3647
1067
888
14500997
156
-9
69
3679
1059
879
14502022
129
-6
103
3674
1054
865
14503047
125
-1
126
3665
1056
845
14504072
140
4
130
3689
1063
857
14505097
145
9
130
3694
1083
896
14506122
121
18
128
3695
1091
904
14507147
76
29
117
3630
1073
866
14508172
48
31
72
3624
1050
857
14509197
16
35
8
3667
1017
829
14510222
-25
39
-54
3671
995
795
14511247
-36
31
-90
3674
994
787
14504063
-34
16
-102
3683
985
797
14505088
-27
11
-96
3647
955
774
14506113
2
12
-91
3612
953
747
14507138
26
18
-89
3589
959
738
14508163
30
29
-90
3604
948
727
14509188
49
39
-86
3615
941
715
14510213
75
43
-81
3583
913
691
14511238
120
32
-86
3628
919
680
14512263
148
16
-79
3733
969
685
14513288
136
-5
-56
3802
1008
704
14514313
75
-30
-25
3791
1022
736
14515338
-21
-51
4
3694
987
753
14516363
-94
-77
28
3585
970
773
14517388
-155
-105
55
3547
996
814
14518413
-239
-114
100
3482
982
829
14519438
-289
-113
151
3470
977
792
14512257
-294
-105
190
3541
1004
764
14513282
-280
-91
219
3646
999
754
14514307
-237
-65
241
3684
978
759
14515332
-167
-41
237
3721
993
731
14516357
-107
-20
204
3722
998
687
14517382
-46
-12
139
3773
988
675
14518407
7
-3
60
3892
997
706
14519432
10
18
-17
3820
973
684
14520457
-1
28
-105
3697
909
648
14521482
0
22
-181
3690
962
627
14522507
-64
10
-206
3579
964
607
14523532
-129
-15
-180
3452
951
607
14524557
-179
-47
-116
3399
976
611
14525582
-238
-72
-22
3401
977
616
14526607
-255
-89
71
3525
971
618
14527632
-227
-85
136
3637
908
613
14520448
-129
-57
151
3727
821
614
14521473
55
-7
107
3739
770
606
14522498
264
34
-1
3799
748
633
14523523
443
84
-135
3813
719
644
14524548
602
120
-273
3805
691
641
14525573
734
138
-380
3843
799
652
14526598
736
155
-441
3852
870
629
14527623
689
163
-447
3857
857
609
14528648
653
159
-395
3830
912
649
14529673
560
155
-293
3717
935
659
14530698
481
138
-156
3581
914
633
14531723
454
98
2
3515
939
680
14532748
436
58
170
3519
960
775
14533773
406
39
347
3496
1021
818
14534798
333
33
488
3485
987
813
14535823
305
33
584
3555
982
807
14528641
303
32
659
3633
1053
836
14529666
259
34
725
3720
1094
873
14530691
205
29
774
3754
1115
921
14531716
141
14
797
3767
1154
936
14532741
60
-8
780
3858
1195
966
14533766
-38
-15
732
3975
1204
1012
14534791
-150
1
670
3979
1212
1013
14535816
-264
21
599
3889
1195
1008
14536841
-345
40
500
3831
1159
1028
14537866
-390
66
386
3789
1119
1019
14538891
-391
102
267
3746
1061
1005
14539916
-361
150
151
3642
1027
961
14540941
-322
200
37
3573
1005
884
14541966
-277
237
-68
3540
993
839
14542991
-233
266
-164
3502
924
793
14544016
-167
283
-235
3467
921
730
14536833
-155
282
-283
3450
957
691
14537858
-210
260
-317
3510
888
669
14538883
-247
229
-333
3526
796
627
14539908
-281
180
-353
3513
794
643
14540933
-364
138
-375
3470
727
633
14541958
-408
93
-394
3471
635
599
14542983
-374
41
-410
3559
623
626
14544008
-336
2
-428
3636
637
669
14545033
-318
-25
-444
3682
639
683
14546058
-313
-45
-454
3694
630
724
14547083
-308
-58
-442
3676
628
767
14548108
-288
-73
-420
3637
634
811
14549133
-260
-89
-404
3614
626
852
14550158
-234
-108
-397
3628
615
900
14551183
-220
-121
-376
3671
645
930
14552208
-205
-135
-342
3687
690
958
14545025
-201
-152
-298
3652
719
993
14546050
-226
-171
-252
3638
753
1026
14547075
-276
-180
-205
3635
763
1071
14548100
-314
-171
-158
3619
734
1092
14549125
-308
-148
-119
3621
738
1055
14550150
-266
-121
-81
3621
734
1029
14551175
-153
-94
-57
3642
715
1015
14552200
-26
-63
-26
3664
785
1014
14553225
10
-32
5
3676
846
1014
14554250
17
-11
26
3698
868
982
14555275
30
-2
49
3707
900
965
14556300
15
3
71
3701
922
953
14557325
-6
6
84
3700
897
925
14558350
3
9
89
3659
891
925
14559375
8
13
85
3650
898
892
14560400
23
18
80
3668
900
865
14553217
48
24
83
3658
908
853
14554242
81
31
88
3642
903
837
14555267
117
33
91
3642
916
835
14556292
134
35
91
3622
911
830
14557317
142
33
84
3621
917
819
14558342
151
29
71
3649
922
822
14559367
150
27
59
3690
921
828
14560392
128
32
55
3718
931
845
14561417
105
36
50
3691
876
838
14562442
146
29
39
3680
859
865
14563467
169
29
44
3639
884
897
14564492
154
30
53
3614
858
896
14565517
172
27
70
3598
852
909
14566542
219
23
83
3594
851
917
14567567
251
23
101
3610
906
945
14568592
218
26
117
3630
913
945
14561409
209
27
118
3654
905
953
14562434
207
24
121
3651
938
973
14563459
172
20
119
3646
943
987
14564484
136
20
119
3615
924
981
14565509
126
21
114
3615
929
962
14566534
127
27
111
3614
926
974
14567559
145
37
115
3593
913
952
14568584
176
45
114
3582
937
965
14569609
182
50
108
3595
960
957
14570634
169
55
96
3601
960
931
14571659
152
53
80
3606
979
914
14572684
125
48
64
3613
970
901
14573709
106
38
49
3631
965
916
14574734
84
33
41
3617
964
909
14575759
43
29
28
3606
962
883
14576784
26
20
8
3637
906
862
14569601
58
12
-1
3659
909
885
14570626
58
7
6
3638
924
926
14571651
36
-1
10
3620
897
921
14572676
25
-12
13
3610
897
919
14573701
0
-19
14
3608
896
936
14574726
-25
-22
14
3603
878
940
14575751
-32
-24
17
3628
873
930
14576776
-32
-27
21
3654
883
942
14577801
-31
-32
23
3664
889
943
14578826
-51
-39
20
3666
900
976
14579851
-86
-38
15
3686
889
984
14580876
-97
-31
8
3694
866
992
14581901
-83
-21
3
3670
847
986
14582926
-60
-11
-6
3651
839
986
14583951
-37
0
-12
3660
842
999
14584976
-30
9
-18
3643
834
1004
14577792
-35
14
-26
3629
839
995
14578817
-49
17
-33
3657
841
970
14579842
-53
21
-32
3654
820
962
14580867
-41
23
-28
3635
815
955
14581892
-39
25
-28
3627
818
947
14582917
-45
27
-27
3611
819
935
14583942
-48
23
-26
3609
830
930
14584967
-56
21
-19
3614
825
935
14585992
-62
21
-15
3611
812
918
14587017
-37
21
-20
3632
803
895
14588042
8
25
-25
3652
832
886
14589067
27
26
-32
3647
850
897
14590092
15
21
-42
3630
863
907
14591117
-23
11
-50
3602
838
918
14592142
-41
1
-57
3613
797
912
14593167
-21
-8
-56
3629
802
910
14585984
-3
-16
-44
3630
807
922
14587009
24
-22
-28
3634
793
939
14588034
67
-28
-14
3623
838
965
14589059
63
-32
-6
3624
856
989
14590084
38
-35
0
3631
870
1001
14591109
-2
-30
7
3624
877
1005
14592134
-5
-31
2
3626
844
1001
14593159
22
-28
4
3631
874
1003
14594184
21
-20
7
3628
885
1001
14595209
25
-14
9
3627
884
1008
14596234
31
-10
14
3634
904
1013
14597259
20
-7
12
3633
900
1008
14598284
14
-3
8
3624
900
993
14599309
10
-1
3
3623
910
971
14600334
2
1
0
3622
906
964
14601359
