Device = VHR-0009
time_stamp = 1777361908077
sample_rate = 50
Data format = INT16
TYPE = 6-AXIS IMU RAW DATA
144
-120
27
-532
-127
4023
9839745
106
-146
-21
-545
-117
4241
9840770
46
-142
-40
-586
-138
4382
9841795
-78
-117
-51
-611
-103
4441
9842820
-190
-57
-66
-720
-230
4495
9843845
-234
-9
-57
-888
-365
4248
9844870
-222
-31
-59
-801
55
4134
9845895
-318
-32
-53
-683
221
4291
9846920
-436
9
-20
-809
-272
4295
9847945
-195
25
13
-867
-498
4307
9848970
142
45
62
-866
-322
4301
9849995
169
70
70
-746
-296
4229
9851020
-16
91
63
-776
-540
4095
9852045
-102
55
43
-681
-229
4120
9853070
-236
22
24
-669
58
4127
9854095
-395
-34
17
-677
95
3972
9855120
-410
-104
29
-745
-273
4239
9847935
-253
-122
107
-748
-792
4466
9848960
-150
-107
178
-695
-690
3955
9849985
55
-113
138
-712
363
4146
9851010
-158
-70
185
-869
751
4675
9852035
-719
101
366
-1101
-544
5203
9853060
-710
340
618
-1544
-2245
5060
9854085
196
456
908
-1345
-2750
4065
9855110
1313
427
989
-728
-993
3656
9856135
1423
420
618
-15
1852
4189
9857160
99
554
224
-110
1366
4522
9858185
-606
535
-127
-645
472
4045
9859210
-382
380
-396
-899
421
3498
9860235
-142
138
-595
-935
599
3300
9861260
-204
-70
-736
-795
139
3409
9862285
-145
-194
-730
-789
-326
3570
9863310
64
-280
-627
-824
-507
3687
9856128
204
-302
-494
-924
-791
3870
9857153
338
-317
-333
-935
-940
3958
9858178
454
-313
-179
-892
-950
4143
9859203
402
-272
-59
-749
-387
4461
9860228
80
-222
16
-654
224
4599
9861253
-207
-146
37
-800
-158
4525
9862278
30
-94
14
-882
-658
4517
9863303
460
-78
-26
-776
-669
4395
9864328
473
-112
-68
-673
38
4243
9865353
-74
-146
-84
-612
256
4254
9866378
-587
-135
-64
-718
-492
4306
9867403
-440
-148
-67
-779
-561
4366
9868428
-116
-147
-53
-879
-292
4196
9869453
-65
-176
-4
-840
-52
4110
9870478
-210
-183
80
-766
-217
4396
9871503
-224
-140
179
-860
-371
4449
9864321
-193
-117
295
-905
-145
4224
9865346
-287
-136
410
-803
-178
3923
9866371
-152
-123
417
-827
-118
4173
9867396
-70
14
465
-905
-522
4501
9868421
29
102
533
-901
-966
4290
9869446
353
96
454
-762
-82
4053
9870471
338
122
418
-649
-364
4055
9871496
501
128
295
-568
-105
4425
9872521
651
198
60
-444
743
4908
9873546
277
294
-92
-641
654
4690
9874571
-186
297
-249
-846
302
4045
9875596
-189
230
-382
-928
-111
3732
9876621
51
111
-462
-829
-172
3782
9877646
73
38
-511
-733
-259
4041
9878671
26
15
-461
-827
-393
4078
9879696
49
-20
-372
-898
-526
3980
9872512
126
-63
-284
-875
-602
3940
9873537
173
-103
-199
-783
-478
4045
9874562
149
-121
-123
-731
-351
4153
9875587
123
-119
-56
-687
-300
4251
9876612
134
-100
-6
-707
-258
4319
9877637
142
-83
5
-700
-56
4414
9878662
110
-47
-12
-747
-63
4410
9879687
69
-16
-20
-780
-374
4271
9880712
91
3
-40
-756
-223
4163
9881737
-63
12
-78
-713
122
4285
9882762
-345
45
-118
-732
-132
4461
9883787
-418
88
-140
-838
-247
4277
9884812
-371
72
-130
-886
14
4100
9885837
-382
30
-129
-832
12
4134
9886862
-364
-3
-100
-827
-272
4237
9887887
-184
-30
-32
-879
-333
4162
9880703
-46
-47
55
-896
-467
4101
9881728
25
-79
105
-808
-241
4176
9882753
-147
-88
180
-774
-323
4084
9883778
-219
-122
262
-798
-354
4133
9884803
18
-92
219
-783
174
4475
9885828
-6
16
331
-856
-1111
4385
9886853
281
48
317
-807
-750
4145
9887878
331
67
311
-642
-424
3978
9888903
294
63
275
-638
-217
4213
9889928
225
107
149
-641
218
4598
9890953
136
166
73
-840
160
4392
9891978
11
110
-61
-941
474
4000
9893003
-137
45
-175
-872
105
3982
9894028
-75
7
-252
-845
-124
4092
9895053
38
-15
-264
-873
-473
4022
9896078
159
-32
-194
-802
-719
3913
9888897
133
-31
-135
-745
-445
4015
9889922
-83
-16
-102
-727
-257
4266
9890947
-217
5
-96
-726
-171
4378
9891972
-209
27
-77
-825
-261
4261
9892997
-113
22
-73
-836
-190
4170
9894022
-51
28
-91
-763
-314
4232
9895047
-17
43
-107
-769
-418
4330
9896072
-100
16
-127
-740
243
4269
9897097
-474
-33
-68
-758
160
4318
9898122
-448
-94
9
-878
-304
4299
9899147
-144
-146
112
-978
-747
4093
9900172
-31
-207
233
-886
-753
3909
9901197
181
-225
227
-749
123
4243
9902222
50
-123
271
-898
-194
4103
9903247
-134
-89
260
-910
-961
4123
9904272
107
-28
212
-664
-486
4396
9897088
215
46
222
-665
-400
4498
9898113
412
91
164
-758
-231
4443
9899138
491
141
98
-730
-3
4271
9900163
278
146
-6
-769
391
4110
9901188
-64
92
-162
-787
435
3996
9902213
-226
33
-257
-818
-106
4000
9903238
-36
-12
-316
-780
-328
4155
9904263
172
-29
-309
-809
-327
4167
9905288
171
-34
-267
-790
-442
4117
9906313
107
-37
-221
-784
-471
4068
9907338
35
-38
-175
-755
-296
4144
9908363
-38
-43
-164
-729
-31
4317
9909388
-78
-24
-160
-795
-174
4413
9910413
26
1
-128
-876
-401
4310
9911438
167
3
-91
-851
-366
4180
9912463
174
-13
-76
-774
-98
4158
9905500
28
-25
-72
-725
-53
4234
9906525
-66
-8
-65
-823
-338
4292
9907550
33
10
-57
-850
-318
4309
9908575
95
27
-48
-832
-144
4238
9909600
47
33
-46
-845
-36
4210
9910625
16
49
-68
-979
-121
4261
9911650
60
63
-59
-1038
-496
4100
9912675
193
62
-52
-795
-353
4037
9913700
191
72
-69
-610
219
4171
9914725
-72
87
-99
-620
48
4203
9915750
-124
71
-130
-710
-230
4187
9916775
30
38
-125
-700
-231
4258
9917800
93
19
-116
-689
-209
4238
9918825
34
6
-88
-766
-324
4094
9919850
27
-20
-53
-755
-260
4104
9920875
-23
-44
-38
-717
-10
4226
9913472
-161
-40
-7
-768
-245
4441
9914497
-109
-14
48
-862
-334
4342
9915522
-34
-54
108
-896
-484
3559
9916547
134
-149
87
-532
-445
3661
9917572
368
-100
35
-371
196
4639
9918597
156
64
59
-445
218
5073
9919622
-28
218
81
-815
-105
4642
9920647
21
273
189
-845
-483
4227
9921672
141
277
313
-678
-496
4207
9922697
184
294
438
-606
-441
4331
9923722
267
319
585
-649
-348
4281
9924747
470
331
710
-668
-196
4215
9925772
712
347
812
-728
30
4261
9926797
833
369
903
-852
-23
4301
9927822
879
383
996
-874
-30
4300
9928847
902
409
1099
-926
22
4152
9921664
923
429
1198
-1008
130
4028
9922689
904
443
1302
-1020
169
3847
9923714
891
434
1397
-1099
280
3597
9924739
858
391
1446
-1125
546
3642
9925764
724
333
1452
-1017
890
3788
9926789
531
291
1442
-1082
839
3750
9927814
414
232
1407
-1070
773
3718
9928839
445
153
1361
-989
1095
3643
9929864
461
87
1261
-899
1625
3617
9930889
297
73
1119
-915
1819
3781
9931914
-22
73
1008
-944
1549
3993
9932939
-231
78
941
-1005
1300
4117
9933964
-296
72
896
-1048
1340
4077
9934989
-364
40
867
-1090
1243
3807
9936014
-261
-29
813
-1081
1028
3637
9937039
18
-76
762
-958
1314
3866
9929855
120
-69
736
-915
1441
4089
9930880
103
-79
727
-989
1306
3854
9931905
227
-120
712
-940
1266
3618
9932930
393
-144
638
-882
1421
3726
9933955
417
-134
562
-842
1726
4048
9934980
254
-114
510
-846
1685
4154
9936005
151
-112
453
-934
1405
3961
9937030
301
-155
358
-907
1547
3735
9938055
425
-197
292
-860
1763
3756
9939080
274
-216
233
-809
1604
3810
9940105
44
-235
197
-745
1351
3745
9941130
-25
-302
191
-766
1196
3635
9942155
111
-414
222
-805
916
3361
9943180
374
-601
327
-797
399
2864
9944205
781
-855
481
-701
93
2443
9945230
1231
-1101
644
-583
431
2596
9938049
1570
-1381
742
-149
1095
2776
9939074
1732
-1541
963
49
1004
2636
9940099
1945
-1653
1238
106
680
2372
9941124
2393
-1833
1465
500
1169
2746
9942149
2716
-1946
1589
1460
2900
3272
9943174
2524
-1729
1679
1727
2880
2889
9944199
2127
-1441
1913
1533
1921
2302
9945224
2281
-1418
1987
1222
1914
2009
9946249
2532
-1730
1982
1854
2604
2043
9947274
2396
-1696
2121
2457
2964
2107
9948299
2038
-1442
2371
2389
2490
1906
9949324
1916
-1350
2565
2357
1944
1528
9950349
2037
-1447
2704
2707
1865
1249
9951374
2088
-1533
2821
3347
2404
1145
9952399
1952
-1439
2944
3807
2474
1078
9953424
1762
-1265
3056
4007
2120
994
9946240
1650
-1214
3148
4224
1904
933
9947265
1495
-1186
3207
4754
1997
819
9948290
1328
-1017
3235
5074
2107
802
9949315
1124
-854
3243
5163
2055
761
9950340
884
-732
3162
5288
1876
727
9951365
641
-610
2945
5426
1717
674
9952390
559
-449
2641
5287
1498
627
9953415
719
-385
2304
5077
1218
519
9954440
983
-417
1926
4957
925
422
9955465
1154
-393
1616
4664
662
575
9956490
1296
-367
1403
4525
373
666
9957515
1514
-279
1246
4448
456
564
9958540
1696
-185
1187
4208
637
449
9959565
1647
-121
1181
4062
648
361
9960590
1491
-127
1131
4129
422
304
9961615
1353
-125
1065
4152
327
333
9954432
1235
-121
1005
4040
403
506
9955457
1063
-150
922
4081
320
564
9956482
930
-129
845
4088
67
537
9957507
903
-85
824
3896
151
547
9958532
881
-96
781
3744
513
586
9959557
808
-128
702
3635
457
601
9960582
818
-129
593
3517
346
579
9961607
892
-120
430
3265
625
558
9962632
867
-170
255
3193
806
612
9963657
723
-210
100
3494
1049
609
9964682
489
-209
-13
3862
1404
594
9965707
139
-150
-40
4074
1652
563
9966732
-231
-60
19
4081
1799
604
9967757
-527
17
60
4157
1936
661
9968782
-680
122
59
4241
1913
518
9969807
-652
257
-5
4110
2070
269
9962624
-680
310
-151
3893
2422
311
9963649
-883
303
-397
3860
2421
460
9964674
-1072
295
-674
3928
2052
369
9965699
-1117
288
-974
4073
1763
358
9966724
-995
289
-1279
4253
1781
580
9967749
-908
339
-1572
4387
1953
628
9968774
-864
356
-1818
4568
1721
479
9969799
-688
341
-2040
4723
1500
320
9970824
-546
328
-2229
4791
1509
234
9971849
-602
322
-2381
4786
1438
192
9972874
-794
356
-2474
4635
1280
162
9973899
-928
378
-2508
4466
1102
163
9974924
-921
392
-2476
4320
998
224
9975949
-810
418
-2383
4170
907
197
9976974
-680
430
-2229
4096
868
75
9977999
-579
398
-2071
4186
914
2
9970815
-559
335
-1906
4354
888
-29
9971840
-640
328
-1688
4446
829
-76
9972865
-700
303
-1447
4688
707
-177
9973890
-590
196
-1237
5119
661
-310
9974915
-400
158
-970
5032
628
-347
9975940
-163
100
-582
4493
169
-344
9976965
154
-81
-258
4192
109
-170
9977990
287
-299
8
4016
480
62
9979015
108
-411
439
3466
315
248
9980040
-246
-463
887
2871
-75
400
9981065
-465
-656
1062
2783
-165
395
9982090
-424
-1018
1022
3567
-552
296
9983115
-307
-940
1246
4319
-1003
177
9984140
-30
-566
1547
4404
-564
151
9985165
213
-515
1656
4531
-249
85
9986190
425
-546
1726
4717
-561
48
9979008
725
-414
1882
4597
-633
180
9980033
970
-329
1962
4283
-67
438
9981058
1036
-360
2024
4179
301
673
9982083
1044
-359
2138
4150
176
740
9983108
1131
-297
2226
4068
218
700
9984133
1232
-265
2206
4041
431
675
9985158
1404
-265
2173
4244
490
662
9986183
1512
-177
2174
4411
712
490
9987208
1472
-77
2140
4310
617
409
9988233
1618
-47
2100
4400
816
480
9989258
1739
-33
1979
4513
1141
575
9990283
1711
8
1871
4377
1272
607
9991308
1664
81
1752
3992
1401
880
9992333
1672
16
1500
4065
1460
977
9993358
1672
-5
1276
4269
1543
973
9994383
1523
114
1171
4102
1924
1072
9987201
1163
140
1047
4046
2147
1036
9988226
775
100
862
4571
2029
818
9989251
493
137
650
5387
2096
622
9990276
179
266
452
5660
2332
425
9991301
-154
390
218
5146
2357
305
9992326
-409
436
-128
3830
2047
155
9993351
-518
255
-651
2888
1607
186
9994376
-676
-123
-1349
3510
1332
439
9995401
-1187
-214
-1824
4354
1326
600
9996426
-1817
-92
-2026
4536
1366
535
9997451
-2230
-56
-2248
4816
1422
284
9998476
-2358
-33
-2524
5120
1692
121
9999501
-2488
5
-2697
5299
1797
-32
10000526
-2667
82
-2835
5424
1414
-215
10001551
-2698
223
-2967
5368
1023
-257
10002576
-2627
372
-3068
5216
796
-242
9995391
-2535
532
-3125
5020
672
-210
9996416
-2372
645
-3123
4825
633
-222
9997441
-2195
718
-3073
4692
676
-226
9998466
-2066
790
-2952
4559
663
-222
9999491
-1878
859
-2794
4441
596
-183
10000516
-1510
898
-2634
4342
573
-235
10001541
-1036
930
-2455
4076
627
-327
10002566
-638
903
-2279
3859
567
-377
10003591
-309
811
-2135
3818
315
-389
10004616
-24
736
-2022
3885
450
-248
10005641
39
644
-1847
4033
710
-170
10006666
-68
546
-1587
4243
724
-192
10007691
-84
445
-1299
4303
611
-236
10008716
49
334
-981
4236
349
-202
10009741
308
144
-617
4699
57
-415
10010766
652
10
-193
4804
123
-629
10003584
936
-99
389
4170
157
-547
10004609
1160
-292
1002
3299
155
-141
10005634
1306
-553
1419
2659
222
622
10006659
1181
-837
1702
2946
109
1222
10007684
932
-1031
1943
4276
254
1205
10008709
684
-859
2256
5132
585
904
10009734
419
-553
2670
5112
377
376
10010759
505
-430
2867
4714
55
-108
10011784
925
-426
2822
4474
211
-179
10012809
1194
-394
2745
4186
709
250
10013834
1124
-390
2683
4091
1053
815
10014859
945
-397
2652
4191
1029
1047
10015884
911
-326
2648
4139
919
949
10016909
1024
-285
2580
4229
859
619
10017934
1285
-278
2467
4429
860
368
10018959
1578
-242
2378
4625
1131
238
10011777
1695
-240
2317
4758
1180
365
10012802
1837
-251
2230
4923
1379
654
10013827
1838
-211
2159
4730
1500
763
10014852
1732
-192
2053
4463
1505
778
10015877
1628
-195
1872
4173
1515
870
10016902
1560
-221
1665
3851
1511
911
10017927
1454
-238
1491
3569
1551
991
10018952
1253
-270
1310
3634
1796
1165
10019977
907
-259
1140
3816
2037
1256
10021002
536
-205
1007
3841
2001
1117
10022027
296
-170
831
3769
1843
891
10023052
176
-205
559
3999
1726
802
10024077
66
-264
204
5296
1876
966
10025102
-203
-64
-64
5945
2213
897
10026127
-469
152
-337
5507
2051
574
10027152
-474
190
-803
4593
1381
221
10019967
-273
29
-1526
4204
869
89
10020992
-267
-158
-2320
4597
623
85
10022017
-482
-242
-2931
4988
466
57
10023042
-726
-275
-3384
5201
473
-26
10024067
-936
-270
-3707
5173
670
-62
10025092
-1132
-227
-3846
4929
1128
-14
10026117
-1433
-137
-3747
4581
1534
57
10027142
-1836
-47
-3494
4403
1497
-22
10028167
-2120
75
-3215
4415
1261
-170
10029192
-2079
235
-2932
4489
988
-122
10030217
-1848
432
-2689
4594
1075
-76
10031242
-1814
622
-2397
4624
1053
-329
10032267
-1667
805
-2091
4510
719
-544
10033292
-1235
902
-1947
4166
979
-437
10034317
-1040
839
-1877
4020
1039
-208
10035342
-1025
807
-1787
4086
831
93
10028161
-911
769
-1719
4085
810
350
10029186
-815
696
-1653
4076
943
314
10030211
-800
640
-1543
3804
874
180
10031236
-675
530
-1464
3498
737
225
10032261
-543
398
-1414
3219
688
382
10033286
-447
268
-1287
3207
598
492
10034311
-349
206
-1091
3228
686
499
10035336
-299
172
-794
3185
712
437
10036361
-207
140
-430
3100
701
379
10037386
-2
33
-20
3274
622
411
10038411
327
-98
460
3887
574
359
10039436
697
-103
1000
4212
728
293
10040461
1017
-102
1578
4318
856
180
10041486
1322
-148
2115
4345
1137
180
10042511
1425
-208
2581
4152
1329
336
10043536
1296
-225
2946
3756
1136
574
10036352
1248
-224
3115
3456
853
714
10037377
1368
-216
3118
3549
835
655
10038402
1448
-207
3116
4172
852
499
10039427
1384
-126
3154
4920
764
268
10040452
1454
-7
3182
5445
650
-40
10041477
1814
65
3125
5804
695
-353
10042502
2292
125
2999
5600
1008
-318
10043527
2504
104
2866
5101
1203
20
10044552
2516
-15
2699
5031
1090
409
10045577
2514
-42
2551
4847
943
530
10046602
2457
-1
2468
4397
940
328
10047627
2261
-19
2392
4118
993
67
10048652
2006
-90
2277
4249
1121
57
10049677
1731
-130
2231
4428
1027
186
10050702
1544
-116
2216
4381
790
198
10051727
1482
-88
2165
4144
791
200
10044659
1437
-141
2054
4144
869
482
10045684
1434
-169
1949
4202
782
779
10046709
1544
-128
1840
4045
644
821
10047734
1787
-103
1691
3778
770
914
10048759
1973
-127
1523
3640
996
1184
10049784
1950
-152
1347
3835
1205
1415
10050809
1702
-110
1184
3860
1537
1554
10051834
1274
-63
1047
3655
1882
1588
10052859
784
-95
843
3629
1963
1412
10053884
394
-168
541
3970
1898
1140
10054909
84
-233
178
4634
1910
965
10055934
-236
-207
-133
5107
1910
802
10056959
-496
-143
-425
5342
1882
675
10057984
-588
-67
-730
5012
1925
645
10059009
-613
-24
-1074
4020
1864
548
10060034
-648
-141
-1572
3648
1489
480
10052736
-811
-279
-2102
4061
1209
525
10053761
-1247
-295
-2507
4607
1246
544
10054786
-1874
-271
-2785
5095
1297
411
10055811
-2391
-235
-3017
5525
1345
280
10056836
-2705
-162
-3194
5789
1513
164
10057861
-2938
-56
-3314
5962
1627
9
10058886
-3110
62
-3392
6077
1443
-149
10059911
-3172
213
-3435
6053
1024
-237
10060936
-3076
398
-3447
5820
688
-307
10061961
-2874
563
-3438
5469
616
-345
10062986
-2703
679
-3407
5162
646
-335
10064011
-2543
758
-3308
4955
570
-268
10065036
-2249
824
-3106
4717
567
-234
10066061
-1929
873
-2874
4424
631
-247
10067086
-1641
885
-2616
4142
662
-274
10068111
-1329
864
-2331
3862
667
-371
10060928
-1031
805
-2056
3652
636
-463
10061953
-803
731
-1793
3480
610
-486
10062978
-667
635
-1539
3309
565
-407
10064003
-555
499
-1288
3313
504
-264
10065028
-435
351
-1022
3460
585
-132
10066053
-367
206
-743
3669
751
-14
10067078
-323
66
-469
3807
718
47
10068103
-178
-115
-189
4164
438
-41
10069128
184
-346
100
4853
279
-238
10070153
659
-488
455
4981
299
-308
10071178
1125
-618
924
4383
393
-117
10072203
1487
-758
1387
3162
154
464
10073228
1521
-934
1745
2673
169
1239
10074253
1119
-1149
1992
3302
678
1657
10075278
464
-1247
2271
4466
1055
1588
10076303
-158
-1001
2697
4869
542
1206
10069121
-218
-715
3007
4448
-225
590
10070146
302
-637
2966
4262
-321
73
10071171
969
-607
2884
4259
-161
-26
10072196
1491
-575
2797
4298
183
392
10073221
1650
-506
2759
4504
544
847
10074246
1594
-385
2803
4711
707
965
10075271
1618
-255
2842
4765
703
661
10076296
1798
-175
2859
4703
778
316
10077321
1861
-185
2856
4899
990
334
10078346
1708
-203
2823
5328
1244
589
10079371
1543
-146
2813
5312
1298
799
10080396
1555
-108
2753
4993
1213
833
10081421
1678
-117
2574
4653
1281
877
10082446
1749
-88
2341
4274
1532
1257
10083471
1693
-21
2098
3821
1711
1621
10084496
1478
38
1810
3614
1911
1712
10077312
1126
52
1505
3860
2042
1626
10078337
699
125
1228
4099
2148
1370
10079362
314
216
949
4112
2302
1027
10080387
32
244
621
4135
2357
668
10081412
-157
173
208
4886
2273
383
10082437
-311
105
-272
6024
2308
323
10083462
-512
164
-716
6034
2400
516
10084487
-746
228
-1165
5116
2171
651
10085512
-910
198
-1642
4015
1535
618
10086537
-1136
93
-2157
3819
1033
437
10087562
-1524
-55
-2648
4408
1011
134
10088587
-2109
-98
-2891
4813
1327
-98
10089612
-2730
-11
-2974
4942
1604
-86
10090637
-3104
1
-3137
5226
2039
-45
10091662
-3503
46
-3230
5599
2156
-199
10092687
-3867
189
-3180
5901
1797
-420
10085503
-3965
388
-3123
5951
1265
-540
10086528
-3766
605
-3067
5821
987
-583
10087553
-3442
826
-2980
5595
862
-597
10088578
-3024
987
-2909
5326
837
-577
10089603
-2614
1083
-2810
5198
871
-545
10090628
-2230
1175
-2624
4966
744
-510
10091653
-1774
1202
-2491
4687
788
-469
10092678
-1396
1178
-2360
4407
769
-481
10093703
-1051
1130
-2249
4122
628
-519
10094728
-667
1058
-2178
3868
579
-527
10095753
-306
953
-2116
3669
600
-456
10096778
-12
834
-2074
3604
630
-289
10097803
161
705
-2022
3651
637
-254
10098828
248
560
-1900
3725
588
-252
10099853
306
426
-1722
3707
736
-145
10100878
289
252
-1494
3668
804
24
10093697
243
51
-1188
3732
582
110
10094722
335
-197
-765
4268
253
-101
10095747
629
-409
-283
4431
276
-327
10096772
910
-615
308
3716
419
-82
10097797
1050
-834
932
2632
430
750
10098822
1074
-1074
1365
2245
357
1435
10099847
854
-1354
1666
2976
170
1492
10100872
570
-1477
1984
4213
369
1305
10101897
203
-1288
2420
4753
777
1081
10102922
-116
-1118
2861
4841
485
667
10103947
73
-1038
3049
4474
-55
375
10104972
560
-955
3040
4311
17
240
10105997
841
-860
2956
3983
333
413
10107022
835
-856
2864
4006
632
808
10108047
726
-830
2861
4315
898
1090
10109072
680
-761
2882
4560
1021
1128
10101889
777
-695
2839
4726
939
858
10102914
1044
-647
2724
4837
929
650
10103939
1297
-630
2582
4944
1231
635
10104964
1221
-620
2438
5091
1272
878
10105989
1256
-577
2310
5148
1197
1116
10107014
1501
-489
2134
4854
1328
1015
10108039
1728
-448
1909
4559
1462
1038
10109064
1806
-376
1665
4147
1528
1269
10110089
1795
-294
1435
3665
1469
1379
10111114
1733
-249
1198
3672
1598
1413
10112139
1529
-205
964
4228
2031
1507
10113164
1037
-47
852
4562
2324
1408
10114189
563
110
774
4510
2158
1076
10115214
407
143
556
4880
2145
782
10116239
327
138
264
5882
2403
702
10117264
100
252
-17
5973
2572
745
10110079
-248
342
-368
5167
2472
843
10111104
-555
323
-835
4142
1963
922
10112129
-826
244
-1355
3485
1391
911
10113154
-1188
112
-1872
4232
1193
837
10114179
-1628
109
-2219
5119
1329
575
10115204
-2027
240
-2390
5296
1558
339
10116229
-2236
359
-2550
5196
1699
214
10117254
-2205
398
-2742
5203
1706
103
10118279
-2184
477
-2848
5260
1621
33
10119304
-2248
589
-2872
5191
1231
-32
10120329
-2236
731
-2905
5042
979
-62
10121354
-2148
865
-2935
4832
878
-91
10122379
-2012
956
-2930
4704
832
-138
10123404
-1878
1020
-2900
4614
846
-179
10124429
-1764
1072
-2823
4502
817
-241
10125454
-1594
1100
-2712
4303
704
-182
10118452
-1348
1094
-2592
4135
673
-129
10119477
-1073
1058
-2457
4025
611
-150
10120502
-757
1016
-2308
3769
601
-212
10121527
-454
930
-2147
3392
580
-189
10122552
-185
792
-2003
3090
551
-66
10123577
50
626
-1861
2904
482
44
10124602
221
438
-1665
3020
519
61
10125627
245
260
-1393
3231
740
89
10126652
143
72
-1022
3372
832
144
10127677
69
-135
-610
3540
720
251
10128702
153
-410
-166
4216
488
190
10129727
352
-597
333
4529
413
94
10130752
584
-722
864
4226
210
222
10131777
955
-840
1342
3601
158
671
10132802
1260
-941
1709
2868
303
1209
10133827
1155
-1055
1987
2952
225
1284
10126464
1050
-1234
2178
4247
296
1092
10127489
876
-1150
2445
5184
596
843
10128514
435
-874
2796
5377
853
730
10129539
191
-722
2948
5256
499
652
10130564
561
-626
2911
5099
242
584
10131589
1059
-488
2819
4759
397
678
10132614
1317
-425
2700
4538
702
1007
10133639
1447
-429
2654
4528
728
1310
10134664
1641
-357
2668
4496
655
1283
10135689
1878
-226
2614
4339
792
953
10136714
1997
-151
2541
4230
884
624
10137739
2013
-101
2483
4333
981
573
10138764
1968
-46
2423
4501
1087
693
10139789
1900
30
2367
4505
1091
672
10140814
1852
82
2297
4409
1139
557
10141839
1765
79
2175
4438
1321
650
10134655
1604
55
2042
4415
1255
826
10135680
1597
74
1913
4145
1074
929
10136705
1726
86
1720
3829
1219
924
10137730
1746
35
1491
3905
1540
1040
10138755
1550
40
1295
4009
1893
1237
10139780
1209
57
1110
4024
1961
1194
10140805
915
37
889
4122
1943
1058
10141830
700
6
639
4257
2006
876
10142855
453
-84
355
4947
2029
754
10143880
149
-95
69
5592
2207
748
10144905
-179
-2
-170
5143
2245
769
10145930
-363
32
-495
4082
2030
730
10146955
-441
-57
-985
3441
1702
746
10147980
-647
-218
-1539
4063
1473
763
10149005
-1121
-222
-1953
4809
1507
693
10150030
-1653
-136
-2243
5070
1533
506
10142848
-2000
-93
-2521
5258
1488
374
10143873
-2208
-57
-2810
5382
1534
338
10144898
-2420
-14
-3062
5443
1303
309
10145923
-2533
62
-3282
5519
974
272
10146948
-2548
174
-3457
5495
785
221
10147973
-2537
296
-3579
5427
717
183
10148998
-2482
428
-3620
5250
684
149
10150023
-2364
539
-3597
5081
667
106
10151048
-2229
631
-3492
4936
663
31
10152073
-2087
729
-3296
4699
607
-38
10153098
-1798
782
-3064
4468
512
12
10154123
-1372
825
-2828
4235
591
106
10155148
-964
841
-2585
3987
570
12
10156173
-592
827
-2343
3699
401
-152
10157198
-214
770
-2136
3388
353
-179
10158223
77
655
-1970
3191
416
-51
10151040
177
516
-1773
3241
565
6
10152065
104
380
-1482
3392
633
28
10153090
33
236
-1108
3481
647
101
10154115
46
45
-713
3664
519
211
10155140
166
-151
-277
3976
176
271
10156165
442
-318
254
4500
164
118
10157190
677
-436
800
4539
387
72
10158215
904
-594
1379
4093
230
354
10159240
1189
-641
1901
2921
-122
801
10160265
1296
-751
2203
2576
-9
1110
10161290
1160
-1020
2318
3874
536
1157
10162315
741
-1015
2550
5278
1004
1013
10163340
114
-712
2999
5652
821
743
10164365
-144
-509
3270
5260
410
344
10165390
185
-475
3211
4864
200
97
10166415
753
-435
3077
4554
394
224
10159233
1097
-411
2914
4352
735
625
10160258
1191
-412
2819
4256
860
1014
10161283
1287
-399
2782
4333
876
1031
10162308
1476
-329
2728
4310
890
670
10163333
1692
-279
2632
4314
1025
287
10164358
1841
-276
2524
4498
1133
158
10165383
1939
-265
2442
4662
1158
232
10166408
2052
-257
2366
4875
1323
411
10167433
2096
-236
2285
4936
1472
658
10168458
2122
-197
2195
4744
1486
743
10169483
2180
-161
2062
4312
1654
952
10170508
2108
-135
1877
3726
1864
1410
10171533
1845
-143
1643
3619
1923
1739
10172558
1475
-137
1409
4038
2072
1843
10173583
1021
-34
1241
4231
2305
1738
10174608
545
73
1066
4294
2433
1458
10167425
191
101
777
4548
2467
1188
10168450
-31
75
379
5631
2449
1045
10169475
-135
139
-44
6195
2405
965
10170500
-268
256
-519
5507
2367
1060
10171525
-489
256
-1050
4423
1905
1174
10172550
-746
251
-1574
3276
1294
1130
10173575
-1057
161
-2102
3530
1089
969
10174600
-1507
95
-2522
4513
1230
681
10175625
-1936
173
-2725
5043
1475
427
10176650
-2185
274
-2846
5290
1666
161
10177675
-2225
321
-3018
5419
1816
35
10178700
-2281
375
-3119
5598
1690
47
10179725
-2315
456
-3138
5711
1131
12
10180750
-2106
584
-3206
5713
864
-15
10181775
-1812
713
-3290
5522
973
-77
10182800
-1608
777
-3300
5273
1031
-223
10175615
-1491
782
-3259
4972
1131
-251
10176640
-1496
730
-3189
4813
1179
-19
10177665
-1555
707
-3088
4574
1171
183
10178690
-1598
631
-2899
4442
824
35
10179715
-1420
574
-2674
4173
553
-190
10180740
-1110
525
-2477
3609
391
-195
10181765
-844
441
-2236
3020
-13
-122
10182790
-577
342
-1904
2624
-371
-127
10183815
-439
250
-1576
2437
26
138
10184840
-608
112
-1211
2666
466
357
10185865
-917
-54
-779
3210
315
365
10186890
-1017
-103
-335
3445
81
286
10187915
-964
-139
37
3542
67
284
10188940
-803
-270
337
4010
-107
330
10189965
-387
-467
625
5241
-150
195
10190990
223
-519
929
5881
-25
-29
10183819
759
-483
1276
5238
189
99
10184844
1105
-512
1617
3571
289
528
10185869
1310
-729
1787
2852
249
917
10186894
1341
-1020
1795
3628
358
996
10187919
1061
-1091
1901
4615
670
748
10188944
632
-949
2174
4778
747
590
10189969
481
-861
2444
4646
602
424
10190994
727
-833
2556
4440
429
214
10192019
1149
-793
2556
4432
402
98
10193044
1444
-730
2544
4394
637
196
10194069
1549
-709
2520
4504
684
371
10195094
1725
-688
2509
4655
827
575
10196119
1859
-657
2513
4786
1093
713
10197144
1898
-605
2509
4923
1132
712
10198169
1996
-520
2479
4964
1207
526
10199194
1973
-419
2445
4846
1210
334
10192000
2006
-367
2366
4914
1235
322
10193025
2009
-288
2283
4768
1457
407
10194050
1892
-225
2194
4555
1572
525
10195075
1740
-197
2037
4321
1533
600
10196100
1639
-195
1841
4055
1353
678
10197125
1705
-155
1608
3896
1239
836
10198150
1899
-62
1310
3818
1256
951
10199175
2146
1
1011
3968
1434
1079
10200200
2242
72
763
4096
1826
1280
10201225
2013
151
541
4071
1996
1268
10202250
1646
187
345
3928
1947
1068
10203275
1264
124
115
4174
1992
967
10204300
827
23
-138
5246
2165
1030
10205325
272
55
-304
5821
2320
926
10206350
-230
153
-403
5242
2181
906
10207375
-534
234
-602
3670
2097
934
10200192
-721
127
-992
2844
1809
876
10201217
-917
-86
-1494
3598
1738
725
10202242
-1353
-132
-1879
4319
1826
647
10203267
-1919
-68
-2137
4567
1943
360
10204292
-2550
-82
-2452
4803
2456
152
10205317
-3492
-193
-2812
5603
2564
432
10206342
-4395
-103
-3109
6242
1789
395
10207367
-4744
187
-3351
6073
858
59
10208392
-4519
459
-3548
5688
622
-127
10209417
-4140
720
-3572
5364
830
-22
10210442
-3767
950
-3439
5278
1036
168
10211467
-3299
1168
-3194
5093
1064
220
10212492
-2678
1335
-2860
4706
823
138
10213517
-1971
1396
-2538
4350
598
46
10214542
-1406
1396
-2295
4087
670
33
10215567
-1069
1362
-2068
3973
809
52
10208385
-827
1333
-1819
3818
732
11
10209410
-461
1295
-1601
3632
554
101
10210435
-13
1217
-1472
3477
487
114
10211460
366
1103
-1374
3156
463
88
10212485
617
907
-1306
3030
510
174
10213510
698
651
-1242
3335
605
329
10214535
583
439
-1100
3572
797
376
10215560
303
244
-849
3438
778
373
10216585
121
-4
-577
3348
439
390
10217610
229
-335
-285
4093
265
348
10218635
415
-566
76
4617
349
332
10219660
599
-728
597
4534
429
398
10220685
895
-844
1152
3402
381
636
10221710
1182
-1032
1577
2241
171
793
10222735
1295
-1354
1805
2287
-35
979
10223760
1242
-1637
1928
3715
313
1121
10216577
935
-1585
2179
4879
597
1135
10217602
597
-1267
2605
5167
533
908
10218627
582
-1045
2883
5202
361
433
10219652
905
-936
2926
5265
190
3
10220677
1285
-775
2893
5012
260
-76
10221702
1528
-667
2799
4526
413
222
10222727
1741
-691
2610
4280
455
683
10223752
1966
-720
2536
4476
646
1050
10224777
2053
-636
2529
4680
980
1123
10225802
2076
-535
2533
4725
1043
791
10226827
2166
-471
2560
4791
964
384
10227852
2257
-420
2539
5044
1170
320
10228877
2159
-342
2500
5138
1425
511
10229902
1996
-273
2467
4982
1374
631
10230927
2034
-256
2337
4873
1269
779
10231952
2187
-218
2110
4632
1329
993
10224767
2278
-165
1879
4207
1322
1127
10225792
2264
-117
1639
3733
1332
1309
10226817
2194
-97
1357
3658
1503
1532
10227842
1986
-64
1089
3906
1770
1600
10228867
1583
18
887
4024
1919
1493
10229892
1122
87
680
4046
1999
1317
10230917
742
110
425
4073
1953
1112
10231942
463
84
124
4557
1868
909
10232967
257
81
-205
5305
1908
825
10233992
101
126
-507
5690
2011
801
10235017
-35
234
-785
4865
2038
933
10236042
-103
274
-1093
3218
1685
968
10237067
-23
99
-1562
3099
1390
892
10238092
42
-86
-2038
4188
1577
790
10239117
-204
-76
-2273
4793
1941
639
10240142
-729
-41
-2422
5092
2351
537
10232960
-1381
-77
-2657
5425
2470
492
10233985
-1964
-93
-2889
5725
2177
294
10235010
-2421
-22
-3094
5812
1619
90
10236035
-2627
90
-3308
5831
1182
-11
10237060
-2721
253
-3471
5694
1104
-10
10238085
-2801
407
-3527
5611
999
11
10239110
-2743
561
-3513
5580
935
32
10240135
-2625
717
-3435
5355
943
11
10241160
-2456
819
-3259
5017
712
2
10242185
-2084
850
-3065
4666
589
36
10243210
-1656
824
-2885
4467
595
128
10244235
-1301
814
-2687
4136
588
129
10245260
-1000
772
-2479
3680
486
81
10246285
-697
685
-2306
3286
471
85
10247310
-471
574
-2153
2962
470
151
10248335
-358
446
-2001
2735
474
265
10241153
-342
288
-1805
2815
493
364
10242178
-363
174
-1524
2930
619
434
10243203
-398
84
-1157
2844
687
464
10244228
-385
-43
-756
2657
609
478
10245253
-258
-225
-358
2605
455
633
10246278
-27
-444
67
3337
354
757
10247303
271
-583
582
4209
636
659
10248328
506
-667
1243
4463
797
624
10249353
831
-727
1913
4182
799
810
10250378
1296
-726
2402
3336
708
951
10251403
1719
-744
2640
2703
378
896
10252428
2045
-851
2662
3097
430
860
10253453
2080
-944
2676
4446
874
907
10254478
1660
-754
2798
5355
1220
848
10255503
1130
-521
2967
5549
1023
470
10256528
1028
-413
2965
5286
725
30
10249344
1250
-391
2823
4839
792
-47
10250369
1262
-425
2580
4484
945
241
10251394
1100
-519
2362
4363
880
737
10252419
1035
-576
2233
4323
962
1149
10253444
1028
-572
2160
4322
1134
1211
10254469
1113
-546
2068
4365
948
796
10255494
1453
-496
1933
4380
883
332
10256519
1684
-457
1790
4370
980
57
10257544
1734
-432
1693
4380
956
170
10258569
1810
-381
1610
4296
1238
349
10259594
1735
-369
1551
4113
1383
384
10260619
1617
-366
1486
3917
1337
466
10261644
1485
-375
1376
3734
1277
544
10262669
1309
-377
1272
3509
1196
573
10263694
1147
-385
1142
3468
1167
589
10264719
1050
-404
969
3595
1146
643
10257613
1041
-385
810
3797
1068
658
10258638
1184
-345
657
4014
900
564
10259663
1454
-293
488
4183
934
475
10260688
1701
-266
341
4399
1162
425
10261713
1819
-292
219
5135
1455
536
10262738
1735
-279
138
5963
1767
618
10263763
1444
-178
103
6186
2037
683
10264788
1050
9
3
5004
2135
784
10265813
755
69
-295
3212
1624
860
10266838
662
-64
-869
2582
1203
1027
10267863
529
-236
-1462
3167
996
1116
10268888
194
-200
-1854
3854
993
1142
10269913
-174
-57
-2107
4330
1225
1153
10270938
-433
24
-2388
4869
1361
1088
10271963
-528
120
-2647
5294
1403
926
10272988
-582
210
-2911
5618
1353
866
10265728
-685
287
-3127
6046
1134
931
10266753
-787
459
-3324
6207
897
1137
10267778
-867
669
-3455
6087
741
1144
10268803
-870
851
-3440
5792
573
933
10269828
-696
971
-3356
5423
457
770
10270853
-444
1041
-3239
5039
639
755
10271878
-310
1081
-3060
4618
744
729
10272903
-207
1093
-2864
4300
535
585
10273928
17
1097
-2634
4016
474
481
10274953
185
1084
-2378
3749
583
468
10275978
205
1069
-2096
3552
547
475
10277003
227
1066
-1791
3360
473
419
10278028
291
1065
-1480
3173
502
366
10279053
341
1062
-1155
3054
536
317
10280078
407
1060
-799
3055
465
212
10281103
553
1082
-444
2987
446
112
10273920
740
1101
-118
2696
388
49
10274945
960
1073
170
2458
220
32
10275970
1259
993
464
2751
179
-19
10276995
1557
955
853
3258
378
-195
10278020
1788
975
1383
3686
525
-382
10279045
2020
1006
2030
4028
640
-571
10280070
2354
1025
2659
4193
978
-682
10281095
2618
1019
3172
4393
1385
-658
10282120
2692
991
3568
4773
1421
-576
10283145
2679
922
3834
5492
1178
-727
10284170
2666
852
3945
6534
1068
-1205
10285195
2397
799
3884
7241
1100
-1610
10286220
2092
785
3734
6476
742
-1568
10287245
2246
633
3425
5400
389
-994
10288270
2581
431
3027
5358
210
-535
10289295
2894
415
2844
5585
235
-587
10282112
3261
550
2845
5238
448
-970
10283137
3712
647
2839
4941
922
-1371
10284162
3976
697
2816
4943
1122
-1649
10285187
4140
733
2845
5036
1031
-1802
10286212
4258
750
2831
4927
916
-1785
10287237
4266
738
2750
4770
941
-1597
10288262
4248
686
2580
4764
945
-1313
10289287
4360
598
2304
4689
836
-834
10290312
4609
541
1997
4581
758
-467
10291337
4809
546
1748
4224
922
-264
10292362
4758
527
1597
3847
1260
-178
10293387
4371
420
1500
3756
1470
-81
10294412
3839
320
1406
3580
1473
-9
10295437
3282
230
1359
3239
1465
-1
10296462
2714
107
1350
3063
1667
-8
10297487
2056
-70
1370
3385
1982
-41
10290304
1334
-285
1386
4339
2213
78
10291329
699
-345
1413
4749
2528
406
10292354
249
-386
1348
4694
2635
634
10293379
110
-453
1060
3960
2357
552
10294404
393
-617
549
2945
1926
512
10295429
701
-877
-129
2759
1626
682
10296454
516
-1076
-772
3554
1496
1005
10297479
-139
-1040
-1197
3927
1427
1226
10298504
-794
-972
-1639
4011
1695
1746
10299529
-1411
-910
-2195
4209
2245
2061
10300554
-2047
-882
-2857
5067
2860
2103
10301579
-2613
-791
-3592
5964
2955
2338
10302604
-3148
-620
-4335
6700
2349
2362
10303629
-3723
-275
-4886
7562
1666
1922
10304654
-3902
233
-5224
7982
1001
1354
10305679
-3575
864
-5227
7615
724
1000
10298496
-3228
1423
-4863
6642
743
1134
10299521
-2949
1715
-4298
5841
486
1164
10300546
-2448
1906
-3752
5019
197
1177
10301571
-1732
2024
-3333
4104
52
1201
10302596
-999
1918
-3031
3350
168
1338
10303621
-556
1658
-2765
2921
242
1435
10304646
-223
1381
-2509
2734
255
1414
10305671
-79
1175
-2202
2583
463
1285
10306696
-240
992
-1803
2482
569
1060
10307721
-475
764
-1385
2317
512
935
10308746
-659
510
-973
2459
562
851
10309771
-794
358
-471
2553
493
779
10310796
-752
186
-25
2645
459
755
10311821
-583
9
381
2913
518
723
10312846
-303
-136
863
3211
363
688
10313871
167
-356
1382
3919
350
534
10306688
742
-510
1898
4405
572
317
10307713
1344
-644
2442
4554
652
217
10308738
1941
-772
2931
4337
880
372
10309763
2458
-861
3248
3814
968
788
10310788
2787
-1015
3363
3732
946
1241
10311813
2704
-1122
3370
4351
947
1516
10312838
2283
-1053
3329
5131
999
1318
10313863
1754
-810
3365
5379
1061
811
10314888
1424
-597
3353
5192
895
287
10315913
1512
-532
3131
4784
725
-51
10316938
1752
-576
2723
4698
839
-71
10317963
1720
-534
2380
4506
706
155
10318988
1799
-525
2072
4287
436
505
10320013
2099
-525
1796
4365
626
647
10321038
2349
-474
1672
4385
911
492
10322063
2468
-419
1604
4429
1126
357
10314879
2468
-373
1595
4534
1259
308
10315904
2395
-342
1656
4645
1318
294
10316929
2275
-303
1776
4530
1398
226
10317954
2139
-291
1880
4217
1386
320
10318979
1984
-337
1892
4188
1389
590
10320004
1820
-335
1864
4082
1259
753
10321029
1824
-293
1817
3780
1166
805
10322054
1923
-249
1718
3377
1171
1066
10323079
2040
-260
1545
3359
1200
1298
10324104
2055
-250
1379
3590
1425
1414
10325129
1887
-230
1249
3827
1629
1469
10326154
1622
-208
1117
4029
1747
1352
10327179
1326
-207
969
4382
1876
1069
10328204
893
-246
773
5421
2204
943
10329229
232
-145
572
6063
2521
960
10330254
-408
14
324
5742
2565
969
10323072
-865
169
-25
4299
2186
794
10324097
-983
132
-537
3059
1383
576
10325122
-938
-97
-1230
3468
886
547
10326147
-1180
-168
-1738
4447
958
666
10327172
-1724
-22
-1924
4655
931
686
10328197
-2057
65
-2131
4668
867
574
10329222
-2110
94
-2430
4867
1271
519
10330247
-2240
143
-2668
5090
1519
482
10331272
-2477
259
-2831
5226
1319
366
10332297
-2586
384
-2988
5250
1023
218
10333322
-2585
501
-3089
5200
817
94
10334347
-2571
617
-3131
5087
593
28
10335372
-2444
730
-3129
4923
410
-6
10336397
-2214
813
-3096
4784
426
-7
10337422
-2002
876
-2995
4595
423
-11
10338447
-1743
928
-2851
4343
310
-10
10331264
-1240
919
-2689
4041
297
-103
10332289
-526
844
-2555
3715
537
-118
10333314
120
678
-2446
3592
622
50
10334339
597
535
-2311
3518
550
58
10335364
936
411
-2137
3272
557
-21
10336389
1067
235
-1952
3277
658
46
10337414
983
98
-1691
3480
900
111
10338439
719
46
-1290
3517
1097
87
10339464
388
-19
-878
3499
1199
78
10340489
105
-170
-479
3876
1040
174
10341514
-18
-294
7
4779
924
78
10342539
-25
-297
601
5147
922
-79
10343564
32
-276
1232
4533
1092
-118
10344589
128
-349
1734
3184
1014
332
10345614
215
-549
1965
2580
521
888
10346639
264
-797
1950
3371
364
1331
10339455
52
-803
1980
4664
782
1327
10340480
-476
-519
2104
5055
867
815
10341505
-784
-298
2271
4622
227
65
10342530
-403
-241
2283
3998
-404
-341
10343555
457
-257
2127
3671
-329
-198
10344580
1168
-290
1955
3766
257
260
10345605
1432
-259
1930
3925
649
634
10346630
1489
-193
2021
3882
653
814
10347655
1660
-167
2108
3994
495
723
10348680
1887
-113
2112
4117
721
451
10349705
2009
-91
2119
4119
843
216
10350730
2065
-97
2173
4067
925
222
10351755
1891
-132
2152
4265
1111
421
10352780
1605
-143
2130
4524
1024
700
10353805
1631
-105
2103
4558
962
759
10354830
1848
-72
2007
4352
970
631
10347648
1999
-39
1839
4067
1222
795
10348673
1952
-4
1667
3680
1391
1094
10349698
1747
-28
1490
3699
1575
1396
10350723
1374
-54
1297
4143
1759
1590
10351748
950
1
1150
4571
1788
1518
10352773
635
103
1036
4637
1767
1203
10353798
466
146
852
4624
1802
863
10354823
356
87
601
5354
1869
606
10355848
221
111
316
5851
1952
564
10356873
107
190
4
5652
1959
690
10357898
12
260
-359
4617
1970
937
10358923
-238
285
-699
3119
1654
1106
10359948
-535
129
-1115
3282
1247
962
10360973
-690
12
-1499
4389
1345
667
10361998
-970
103
-1649
4670
1794
411
10363023
-1461
174
-1733
4590
1982
207
10355840
-1844
158
-1937
4599
1892
133
10356865
-2062
178
-2150
4581
1669
128
10357890
-2231
216
-2346
4554
1252
85
10358915
-2291
261
-2547
4610
959
34
10359940
-2235
333
-2707
4613
828
100
10360965
-2087
418
-2805
4534
768
106
10361990
-1869
476
-2852
4478
824
25
10363015
-1709
511
-2847
4413
886
-47
10364040
-1590
524
-2786
4279
808
40
10365065
-1381
520
-2696
4148
780
152
10366090
-1210
496
-2589
4129
817
99
10367115
-1129
477
-2425
4074
731
18
10368140
-1015
490
-2226
3788
685
-8
10369165
-857
482
-2025
3410
680
-25
10370190
-692
407
-1830
3188
626
45
10371215
-510
282
-1637
3427
519
152
10364033
-347
201
-1389
3686
611
240
10365058
-280
150
-1066
3792
726
287
10366083
-244
51
-709
3899
744
259
10367108
-115
-127
-315
4316
564
214
10368133
157
-330
151
5032
561
98
10369158
392
-441
647
5185
793
104
10370183
530
-524
1142
4470
922
409
10371208
669
-598
1499
3059
559
971
10372233
729
-694
1570
2151
2
1357
10373258
617
-913
1478
2957
177
1390
10374283
319
-1014
1461
4498
668
1186
10375308
-158
-759
1678
5046
798
838
10376333
-428
-528
1922
4641
234
302
10377358
-89
-479
1951
4029
-264
-57
10378383
521
-482
1908
3717
-272
35
10379408
954
-490
1840
3617
123
472
10372224
1117
-492
1845
3678
355
848
10373249
1189
-432
1969
3599
360
993
10374274
1340
-390
2076
3648
497
855
10375299
1480
-376
2116
3841
670
585
10376324
1512
-370
2163
4089
558
326
10377349
1569
-351
2210
4244
463
213
10378374
1642
-336
2229
4456
677
358
10379399
1633
-319
2215
4750
942
660
10380424
1573
-288
2201
4849
861
619
10381449
1634
-263
2122
4685
661
550
10382474
1743
-246
1961
4390
738
734
10383499
1775
-237
1771
4058
755
1043
10384524
1807
-210
1599
3857
739
1188
10385549
1762
-197
1383
4175
1127
1374
10386574
1434
-124
1209
4544
1536
1480
10387599
1033
-11
1086
4632
1476
1307
10380416
859
66
902
4600
1307
971
10381441
858
45
601
5068
1408
739
10382466
779
15
238
5880
1680
720
10383491
529
105
-46
5961
1849
788
10384516
266
243
-296
4884
1817
909
10385541
53
295
-563
3163
1586
797
10386566
-6
98
-915
2889
1378
566
10387591
-180
-103
-1271
3822
1752
400
10388616
-939
-58
-1410
4184
2157
380
10389641
-1781
2
-1446
4236
2100
288
10390666
-2171
-9
-1636
4379
2046
141
10391691
-2311
-32
-1912
4652
2003
85
10392716
-2532
17
-2186
4855
1658
68
10393741
-2687
117
-2492
4966
1318
5
10394766
-2666
227
-2779
4999
1029
-14
10395791
-2399
356
-3011
4919
872
-1
10388608
-1936
432
-3196
4887
888
-40
10389633
-1580
478
-3308
4896
1043
-95
10390658
-1490
521
-3310
4730
1082
-25
10391683
-1486
543
-3252
4545
940
170
10392708
-1339
557
-3140
4438
880
211
10393733
-1207
577
-2955
4291
930
35
10394758
-1152
599
-2696
3940
881
-63
10395783
-1071
588
-2449
3551
824
17
10396808
-961
539
-2212
3279
699
42
10397833
-827
458
-1967
3279
525
103
10398858
-695
357
-1691
3622
540
173
10399883
-612
294
-1345
3773
670
228
10400908
-552
235
-941
3727
715
180
10401933
-413
117
-569
3702
636
175
10402958
-166
-104
-234
4218
465
133
10403983
103
-289
183
4893
276
3
10396800
382
-351
666
4878
221
-90
10397825
707
-453
1162
4214
434
-7
10398850
934
-609
1583
3249
390
437
10399875
938
-778
1867
2962
-121
834
10400900
898
-902
1947
3721
28
841
10401925
770
-938
2034
4758
441
643
10402950
389
-755
2285
5201
497
398
10403975
88
-566
2491
4989
304
118
10405000
181
-491
2505
4462
-19
-52
10406025
549
-476
2383
4167
46
12
10407050
818
-482
2275
4014
256
310
10408075
964
-480
2222
4007
359
610
10409100
1111
-463
2209
4035
609
787
10410125
1260
-471
2203
4271
493
630
10411150
1498
-432
2189
4432
260
243
10412175
1773
-368
2182
4565
476
160
10404992
1812
-323
2228
4716
780
353
10406017
1685
-245
2333
4740
937
539
10407042
1602
-183
2405
4561
897
609
10408067
1574
-179
2356
4534
765
692
10409092
1582
-135
2244
4535
737
858
10410117
1656
-48
2105
4388
702
949
10411142
1835
32
1946
4130
676
1057
10412167
2027
81
1750
3968
840
1203
10413192
2078
119
1536
4131
1278
1369
10414217
1871
188
1333
4264
1669
1434
10415242
1481
255
1127
4235
1785
1303
10416267
1131
258
862
4258
1768
1054
10417292
884
211
549
4400
1748
771
10418317
620
114
206
5134
1801
687
10419342
335
134
-76
5461
1977
747
10420367
93
218
-288
4890
2101
736
10413184
-69
225
-530
3771
1986
625
10414209
-120
83
-874
3333
1753
520
10415234
-247
-102
-1286
3998
1810
348
10416259
-813
-126
-1557
4457
2000
222
10417284
-1622
-106
-1725
4621
1945
106
10418309
-2243
-121
-1957
4796
1890
48
10419334
-2669
-119
-2239
5011
1805
84
10420359
-3023
-49
-2511
5209
1513
72
10421384
-3218
57
-2788
5387
1146
-43
10422409
-3201
196
-3027
5449
895
-139
10423434
-3102
342
-3224
5408
802
-193
10424459
-3004
458
-3378
5420
714
-239
10425484
-2923
570
-3453
5465
671
-248
10426509
-2869
687
-3450
5417
559
-220
10427534
-2683
779
-3389
5291
408
-111
10428559
-2293
854
-3263
5068
433
-57
10421376
-1824
896
-3080
4801
624
-64
10422401
-1410
899
-2875
4454
653
-92
10423426
-1032
869
-2646
4048
502
-148
10424451
-676
813
-2426
3556
424
-124
10425476
-429
692
-2243
3286
374
-3
10426501
-306
534
-2049
3487
471
108
10427526
-342
431
-1763
3695
655
150
10428551
-418
346
-1386
3793
619
128
10429576
-363
253
-1025
3679
486
93
10430601
-138
93
-667
3789
237
77
10431626
227
-125
-229
4366
120
6
10432651
548
-274
263
4636
343
40
10433676
770
-425
815
4431
356
172
10434701
1041
-522
1350
3395
256
465
10435726
1232
-684
1713
2449
41
655
10436751
1255
-938
1865
2535
-104
825
10429567
1163
-1221
1968
3973
398
1005
10430592
680
-1155
2194
5112
743
995
10431617
33
-843
2574
5338
562
675
10432642
-113
-666
2791
4977
65
166
10433667
313
-625
2754
4686
-112
-158
10434692
836
-559
2715
4381
158
-54
10435717
1152
-544
2628
4181
423
355
10436742
1301
-536
2557
4103
439
762
10437767
1468
-496
2583
4111
530
999
10438792
1642
-464
2595
4273
693
915
10439817
1795
-431
2566
4533
813
564
10440842
1962
-378
2569
4685
990
275
10441867
2021
-341
2546
4786
1284
318
10442892
1931
-356
2482
4954
1368
516
10443917
1872
-358
2373
5065
1357
650
10444942
1949
-356
2217
4980
1369
694
10437761
2072
-334
2023
4618
1470
852
10438786
2107
-285
1807
3982
1517
1094
10439811
2042
-267
1569
3433
1508
1364
10440836
1827
-287
1304
3482
1651
1655
10441861
1415
-254
1068
3854
1915
1815
10442886
893
-159
874
4066
2029
1698
10443911
448
-89
642
4165
1984
1351
10444936
165
-20
379
4315
1905
1009
10445961
60
-1
53
4759
1766
738
10446986
14
5
-310
5654
1785
656
10448011
-42
117
-608
5886
1892
759
10449036
-141
256
-876
4958
1911
952
10450061
-331
319
-1130
3325
1550
1101
10451086
-557
180
-1505
3117
1250
1084
10452111
-884
40
-1887
4026
1264
1003
10453136
-1363
77
-2049
4637
1501
820
10445952
-1924
175
-2075
4867
1636
538
10446977
-2321
237
-2179
4996
1609
372
10448002
-2532
324
-2324
5250
1568
340
10449027
-2719
442
-2450
5489
1236
270
10450052
-2796
569
-2613
5614
764
200
10451077
-2688
721
-2795
5542
524
130
10452102
-2423
858
-2939
5266
374
34
10453127
-2075
919
-3065
5055
372
-49
10454152
-1806
938
-3105
4931
408
-35
10455177
-1573
957
-3064
4778
346
60
10456202
-1279
981
-2981
4495
438
174
10457227
-949
951
-2841
4197
582
218
10458252
-675
892
-2695
3923
648
230
10459277
-463
804
-2566
3717
566
216
10460302
-299
718
-2417
3598
394
166
10461327
-109
661
-2261
3424
324
112
10454144
86
563
-2081
3497
346
132
10455169
222
471
-1822
3692
466
183
10456194
282
397
-1489
3755
601
247
10457219
333
291
-1115
3606
343
270
10458244
531
165
-678
3370
-92
325
10459269
889
-52
-142
3791
-196
326
10460294
1180
-231
525
4201
212
277
10461319
1317
-358
1303
4183
918
332
10462344
1351
-479
2079
3457
1116
580
10463369
1378
-650
2613
2735
608
688
10464394
1424
-901
2789
3169
511
925
10465419
1104
-1049
2878
4494
862
1185
10466444
351
-880
3064
5489
1112
1216
10467469
-284
-626
3233
5810
831
786
10468494
-260
-410
3185
5385
301
136
10469519
335
-261
3026
4627
-108
-203
10462337
1034
-215
2845
4106
-202
-49
10463362
1619
-222
2620
4058
73
452
10464387
2034
-192
2486
4155
391
845
10465412
2359
-113
2485
4256
355
765
10466437
2843
-44
2441
4279
422
355
10467462
3178
-36
2317
4358
648
100
10468487
3156
-54
2257
4664
893
70
10469512
2890
-62
2238
4885
1082
143
10470537
2472
-70
2215
4940
1149
302
10471562
2001
-90
2162
4933
1320
546
10472587
1541
-138
2058
4896
1312
752
10473612
1312
-164
1906
4706
1136
780
10474637
1291
-122
1700
4211
1213
1034
10475662
1298
-96
1467
3639
1262
1222
10476687
1320
-117
1226
3515
1267
1323
10477712
1356
-125
987
3671
1348
1344
10470528
1326
-99
791
3773
1475
1159
10471553
1181
-81
619
3782
1658
947
10472578
988
-95
444
3907
1811
773
10473603
760
-154
234
4576
1965
655
10474628
459
-157
9
5312
2240
680
10475653
90
-112
-199
5418
2294
675
10476678
-160
-29
-457
4372
2062
833
10477703
-279
-43
-848
3094
1671
859
10478728
-516
-258
-1413
3487
1152
671
10479753
-878
-367
-1863
4485
1044
598
10480778
-1308
-298
-2074
4724
1230
510
10481803
-1683
-255
-2254
4719
1377
376
10482828
-1962
-234
-2451
4714
1599
331
10483853
-2256
-177
-2611
4695
1648
379
10484878
-2533
-108
-2754
4788
1411
369
10485903
-2689
-39
-2889
5082
1105
313
10478719
-2810
78
-2975
5396
886
223
10479744
-2891
231
-2992
5625
717
131
10480769
-2861
424
-2955
5587
706
192
10481794
-2859
616
-2854
5304
585
172
10482819
-2625
776
-2717
4973
81
100
10483844
-1725
876
-2611
4557
252
190
10484869
-1018
894
-2527
4191
593
271
10485894
-691
855
-2416
3927
330
152
10486919
-274
795
-2305
3563
271
96
10487944
39
686
-2208
3217
475
195
10488969
77
557
-2084
2996
582
341
10489994
-18
437
-1915
2911
538
410
10491019
-158
296
-1660
3159
503
367
10492044
-267
216
-1289
3351
584
374
10493069
-332
178
-829
3318
688
330
10494094
-247
102
-344
3257
643
255
10486913
49
-47
138
3633
572
224
10487938
456
-210
659
4387
640
125
10488963
806
-275
1242
4742
785
126
10489988
1049
-307
1869
4516
948
214
10491013
1268
-348
2402
3583
957
345
10492038
1452
-486
2709
2705
715
544
10493063
1439
-747
2765
2924
1044
1103
10494088
775
-946
2755
4394
1351
1505
10495113
-227
-771
2819
5639
1027
1183
10496138
-844
-341
2905
5276
266
159
10497163
-567
-164
2745
4397
-370
-488
10498188
477
-264
2461
4038
-457
-332
10499213
1529
-343
2182
4282
-70
201
10500238
2212
-240
2011
4262
321
635
10501263
2610
-136
1936
4025
478
735
10502288
2899
-101
1914
3962
614
627
10495104
2941
-85
1890
4064
1013
449
10496129
2406
-55
1866
4137
1121
176
10497154
1836
-88
1896
4246
830
160
10498179
1585
-130
1910
4381
916
275
10499204
1343
-143
1907
4373
973
377
10500229
1226
-166
1913
4378
790
523
10501254
1363
-201
1864
4455
570
734
10502279
1634
-159
1752
4327
630
823
10503304
1875
-88
1615
3884
802
984
10504329
1998
-75
1452
3638
808
1131
10505354
1950
-89
1257
4018
1074
1262
10506379
1671
-40
1089
4412
1492
1302
10507404
1250
33
957
4469
1663
1211
10508429
893
60
758
4438
1722
1116
10509454
603
24
460
4876
1889
925
10510479
285
-58
76
5907
1988
839
10503296
-34
23
-235
6014
1889
890
10504321
-232
191
-472
4873
1702
997
10505346
-373
278
-773
3264
1661
1010
10506371
-585
154
-1154
2974
1595
744
10507396
-793
-19
-1523
3982
1547
423
10508421
-1172
39
-1719
4367
1903
194
10509446
-1854
125
-1824
4330
2113
51
10510471
-2437
117
-2006
4535
1956
-29
10511496
-2698
131
-2249
4854
1769
50
10512521
-2851
206
-2482
5111
1507
114
10513546
-2869
293
-2728
5390
1160
64
10514571
-2664
418
-2947
5396
989
-34
10515596
-2293
512
-3158
5246
995
-185
10516621
-1915
531
-3347
5162
1131
-231
10517646
-1719
551
-3454
5028
1138
-170
10518671
-1538
559
-3498
4815
971
-12
10511488
-1303
558
-3502
4585
940
17
10512513
-1129
531
-3437
4383
1017
-51
10513538
-1081
487
-3272
4160
1091
-34
10514563
-1123
458
-3050
3848
1063
21
10515588
-1178
428
-2794
3460
891
15
10516613
-1167
360
-2511
3189
702
7
10517638
-1045
260
-2220
3102
628
50
10518663
-900
140
-1900
3214
608
130
10519688
-787
22
-1524
3420
654
212
10520713
-705
-89
-1102
3541
685
303
10521738
-602
-225
-679
3561
580
382
10522763
-443
-404
-234
3821
399
410
10523788
-189
-617
263
4453
445
341
10524813
97
-732
803
4552
656
399
10525838
385
-774
1374
3730
469
664
10526863
701
-792
1768
2593
106
945
10519679
959
-914
1871
2355
127
1063
10520704
976
-1121
1918
3400
521
1043
10521729
621
-1103
2084
4581
952
983
10522754
63
-893
2376
5143
895
755
10523779
-230
-697
2602
5064
443
314
10524804
23
-583
2634
4623
165
-27
10525829
516
-547
2603
4265
173
5
10526854
940
-568
2531
4101
414
370
10527879
1212
-583
2512
4141
674
802
10528904
1368
-552
2573
4209
811
987
10529929
1452
-499
2621
4184
924
833
10530954
1495
-467
2596
4120
945
527
10531979
1554
-491
2512
4295
892
367
10533004
1526
-473
2388
4557
1102
351
10534029
1406
-435
2275
4654
1198
417
10535054
1315
-402
2118
4623
1339
589
10527872
1273
-387
1900
4542
1348
664
10528897
1360
-390
1660
4385
1184
587
10529922
1518
-384
1406
4107
1133
675
10530947
1616
-374
1136
3916
1212
902
10531972
1631
-349
871
3812
1257
1108
10532997
1622
-337
618
3993
1288
1128
10534022
1554
-299
382
4400
1437
1110
10535047
1421
-237
170
4917
1349
806
10536072
1460
-146
-38
5053
986
305
10537097
1706
-93
-286
5054
946
62
10538122
1806
-142
-532
5424
1371
231
10539147
1433
-113
-611
5285
1891
650
10540172
651
-52
-594
4640
2069
946
10541197
-40
-31
-633
3463
1829
864
10542222
-358
-197
-807
3020
1533
519
10543247
-518
-386
-1022
3483
1543
241
10536064
-915
-376
-1123
3788
2001
166
10537089
-1610
-297
-1119
3979
2219
110
10538114
-2091
-222
-1184
4209
2315
-36
10539139
-2310
-149
-1357
4271
2412
-244
10540164
-2530
-63
-1623
4378
2391
-384
10541189
-2739
14
-1916
4428
2125
-429
10542214
-2907
77
-2194
4533
1787
-494
10543239
-2992
181
-2408
4565
1562
-582
10544264
-2935
288
-2577
4494
1581
-551
10545289
-2791
321
-2684
4555
1652
-643
10546314
-2657
361
-2729
4507
1871
-818
10547339
-2614
396
-2726
4277
2015
-736
10548364
-2339
390
-2569
4130
1868
-545
10549389
-1832
414
-2445
3867
1959
-543
10550414
-1645
370
-2392
3730
1760
-630
10551439
-1616
329
-2355
3652
1348
-478
10544255
-1488
327
-2356
3493
1086
-352
10545280
-1342
297
-2334
3476
933
-381
10546305
-1162
220
-2180
3665
812
-363
10547330
-952
154
-1929
3988
925
-194
10548355
-709
81
-1666
4134
1008
42
10549380
-441
7
-1346
4106
819
214
10550405
-232
-91
-989
4264
428
161
10551430
-29
-213
-607
4598
384
58
10552455
98
-312
-150
4423
612
61
10553480
202
-469
351
4030
586
221
10554505
469
-613
774
3263
640
671
10555530
614
-745
1062
2511
561
1093
10556555
523
-910
1231
2698
538
1105
10557580
284
-1040
1380
3768
809
889
10558605
-102
-945
1602
4519
1005
674
10559630
-498
-797
1847
4733
965
351
10552449
-627
-732
1942
4595
761
90
10553474
-404
-681
1896
4370
426
195
10554499
49
-594
1748
4131
406
681
10555524
481
-476
1619
3972
564
842
10556549
1061
-358
1517
3820
961
671
10557574
1754
-341
1297
3931
1706
652
10558599
1991
-353
1081
4123
2000
766
10559624
1937
-271
948
4169
1909
687
10560649
2068
-220
695
4187
2270
606
10561674
1977
-215
386
4175
2836
621
10562699
1678
-215
190
4290
3098
812
10563724
1488
-152
-27
3864
3393
704
10564749
1270
-139
-390
3318
3202
455
10565774
1255
-146
-782
3222
3460
419
10566799
1121
-77
-1218
3243
4170
635
10567824
583
18
-1566
3269
4361
801
10560642
-118
182
-1910
3069
4298
982
10561667
-605
312
-2255
3152
4144
931
10562692
-747
421
-2585
3150
4156
535
10563717
-474
401
-2973
3340
4593
620
10564742
-472
377
-3228
3712
5601
661
10565767
-843
312
-3330
4083
6133
296
10566792
-893
176
-3395
4257
6176
31
10567817
-782
6
-3583
4028
5291
-96
10568842
-738
-174
-3743
3397
3614
-144
10569867
-721
-277
-3949
2668
2761
0
10570892
-439
-446
-4119
2299
2200
73
10571917
288
-659
-4038
2149
1668
9
10572942
918
-831
-3846
1892
1140
16
10573967
1462
-869
-3572
1621
974
-123
10574992
2168
-875
-3285
1160
1032
-559
10576017
2589
-1024
-2804
928
1199
-673
10568831
2424
-981
-2192
509
1926
-972
10569856
2210
-981
-1626
165
2897
-1283
10570881
1840
-1108
-1049
468
3443
-1249
10571906
870
-1034
-465
1030
2406
-1057
10572931
976
-687
-82
1299
1692
-739
10573956
1775
-328
-6
496
3076
-643
10574981
1652
-203
89
-200
3754
-1088
10576006
1097
-177
318
-475
3691
-1985
10577031
1076
-289
338
-686
3835
-2242
10578056
787
-451
235
-632
4586
-1140
10579081
-269
-384
251
-561
3813
-628
10580106
-269
-293
115
-250
3501
-858
10581131
174
-211
-10
-489
3865
-1461
10582156
371
-289
-91
-628
4372
-1279
10583181
-95
-341
-106
-361
4046
-550
10584206
-305
-192
-123
-371
3557
-772
10577024
103
-92
-196
-582
3840
-1249
10578049
186
-68
-216
-653
4456
-1475
10579074
-214
-114
-179
-673
3775
-1468
10580099
-236
-129
-116
-485
3229
-1206
10581124
-93
-55
-96
-306
3928
-865
10582149
-167
38
-81
-218
3943
-791
10583174
-256
157
-23
-544
3588
-1065
10584199
-275
162
13
-547
3489
-1156
10585224
-252
158
41
-418
3656
-977
10586249
-186
198
74
-571
3660
-987
10587274
-146
224
73
-732
3613
-1194
10588299
-45
202
43
-669
3588
-1145
10589324
85
227
17
-619
3846
-1117
10590349
-42
285
-30
-791
4078
-1225
10591374
-240
300
-107
-844
3889
-1330
10592399
-168
288
-166
-789
3752
-1343
10585217
-54
286
-156
-822
3570
-1358
10586242
48
255
-124
-680
3552
-1532
10587267
92
225
-123
-664
3976
-1452
10588292
-103
216
-109
-808
4009
-1403
10589317
-194
201
-128
-906
3895
-1377
10590342
-125
167
-145
-914
3891
-1241
10591367
-185
148
-144
-922
3778
-1150
10592392
-249
115
-134
-899
3540
-1084
10593417
-232
92
-109
-897
3475
-1016
10594442
-159
67
-69
-862
3518
-941
10595467
-143
51
-8
-800
3430
-978
10596492
-97
71
47
-795
3526
-1057
10597517
-28
68
84
-729
3714
-1171
10598542
-13
36
126
-692
3668
-1151
10599567
105
4
119
-646
3736
-1168
10600592
235
-27
100
-636
3821
-1106
10593408
201
-33
96
-630
3939
-1189
10594433
95
-61
88
-666
3898
-1201
10595458
69
-90
96
-649
3801
-1110
10596483
58
-82
78
-673
3953
-1004
10597508
-83
-71
37
-687
4008
-953
10598533
-122
-65
-3
-682
3826
-874
10599558
-20
2
-25
-737
3951
-906
10600583
18
60
-35
-669
4112
-1066
10601608
-52
78
-37
-582
4002
-1107
10602633
-98
80
-34
-651
3767
-971
10603658
-46
73
-31
-696
3655
-769
10604683
-80
84
-29
-766
3697
-838
10605708
-169
61
-20
-875
3728
-915
10606733
-139
14
-9
-857
3667
-930
10607758
-64
5
-3
-810
3773
-832
10608783
-124
17
-15
-743
3868
-835
10601600
-231
18
-22
-778
3746
-976
10602625
-240
-2
-24
-821
3660
-1111
10603650
-236
-8
-8
-850
3820
-961
10604675
-270
-9
-18
-791
3874
-1021
10605700
-205
-24
-28
-761
3760
-1008
10606725
-30
-49
-16
-668
3553
-883
10607750
138
-21
-14
-628
3715
-790
10608775
113
-10
-8
-582
3848
-739
10609800
26
2
10
-612
3785
-704
10610825
107
37
19
-692
3817
-674
10611850
172
59
28
-785
3880
-819
10612875
115
44
28
-866
3878
-829
10613900
39
23
32
-854
3801
-866
10614925
61
7
29
-857
3826
-946
10615950
61
-23
29
-833
3870
-933
10616975
7
-51
27
-767
3788
-890
10609985
20
-56
13
-726
3791
-838
10611010
61
-35
-6
-735
3943
-847
10612035
28
-24
-40
-738
3966
-878
10613060
5
-24
-76
-723
3855
-874
10614085
31
-13
-88
-754
3773
-900
10615110
18
-5
-82
-758
3767
-927
10616135
-32
5
-75
-774
3819
-932
10617160
-112
10
-68
-774
3842
-912
10618185
-150
8
-50
-769
3778
-938
10619210
-130
13
-29
-803
3794
-942
10620235
-142
5
-5
-771
3815
-1029
10621260
-133
-21
15
-789
3799
-1087
10622285
-69
-50
36
-806
3800
-972
10623310
-10
-60
47
-754
3775
-869
10624335
3
-55
42
-725
3769
-878
10625360
-30
-58
33
-776
3817
-875
10617985
-87
-62
28
-820
3816
-781
10619010
-67
-51
12
-771
3767
-747
10620035
17
-27
-11
-737
3754
-792
10621060
82
-3
-14
-765
3834
-833
10622085
54
-1
-20
-756
3833
-884
10623110
31
0
-30
-726
3804
-942
10624135
36
12
-26
-750
3861
-904
10625160
24
26
-21
-764
3861
-899
10626185
45
30
-22
-736
3846
-891
10627210
44
37
-13
-759
3819
-858
10628235
3
38
-9
-749
3791
-866
10629260
-16
32
-2
-746
3778
-916
10630285
-8
17
10
-782
3821
-918
10631310
-38
2
19
-801
3823
-852
10632335
-49
-1
21
-781
3732
-751
10633360
49
22
21
-735
3724
-808
10626177
106
37
21
-792
3846
-939
10627202
10
8
24
-794
3802
-953
10628227
-20
-7
30
-791
3706
-939
10629252
22
9
29
-867
3813
-916
10630277
26
12
16
-873
3889
-907
10631302
0
8
0
-851
3862
-935
10632327
-54
-7
-8
-839
3930
-947
10633352
-215
-12
-22
-875
3922
-837
10634377
-65
-46
-38
-747
3608
-880
10635402
281
-30
-32
-725
3698
-1006
10636427
242
-20
-28
-717
3991
-950
10637452
11
-61
-13
-645
3793
-1020
10638477
10
-65
8
-748
3736
-1054
10639502
52
-70
5
-837
3845
-1000
10640527
-41
-72
-6
-871
3936
-941
10641552
-189
-70
-15
-893
3854
-986
10634367
-198
-73
-28
-952
3717
-966
10635392
-43
-81
-43
-939
3733
-828
10636417
31
-48
-73
-887
3946
-545
10637442
-71
-5
-94
-839
3836
-600
10638467
-92
13
-91
-784
3560
-755
10639492
19
28
-70
-795
3806
-840
10640517
-25
3
-29
-767
3936
-919
10641542
-88
-26
0
-764
3857
-1030
10642567
-34
-62
18
-716
3851
-932
10643592
-98
-53
34
-792
3924
-835
10644617
-253
-49
41
-850
3826
-789
10645642
-192
-49
34
-834
3693
-825
10646667
-14
-41
19
-822
3839
-848
10647692
-48
-48
8
-797
3882
-830
10648717
-138
-55
21
-815
3650
-868
10649742
-68
-56
25
-793
3651
-858
10642560
-38
-49
29
-801
3863
-792
10643585
-100
-55
32
-844
3788
-761
10644610
-21
-49
26
-829
3713
-763
10645635
70
-25
17
-825
3858
-728
10646660
6
-18
18
-811
3855
-712
10647685
-47
-10
12
-827
3768
-753
10648710
13
1
0
-837
3846
-770
10649735
20
2
-6
-824
3878
-746
10650760
-42
15
-8
-826
3857
-766
10651785
-26
15
-13
-838
3815
-761
10652810
-1
29
-26
-871
3933
-738
10653835
-59
27
-35
-844
3946
-724
10654860
-90
25
-42
-832
3814
-721
10655885
-73
42
-50
-840
3874
-710
10656910
-112
51
-48
-851
3845
-716
10657935
-85
53
-44
-855
3831
-715
10650752
-31
53
-49
-866
3904
-691
10651777
-36
50
-46
-899
3730
-609
10652802
103
59
-5
-763
3388
-596
10653827
264
127
8
-736
3862
-794
10654852
111
129
5
-898
4170
-701
10655877
-60
106
-21
-823
3907
-735
10656902
44
135
-58
-871
3933
-678
10657927
32
151
-61
-902
3858
-669
10658952
-12
165
-56
-906
3665
-773
10659977
46
167
-53
-865
3779
-834
10661002
40
157
-37
-888
3896
-862
10662027
-8
128
-34
-917
3828
-850
10663052
42
110
-35
-900
3776
-826
10664077
93
106
-34
-927
3787
-788
10665102
84
100
-19
-942
3786
-790
10666127
63
91
-4
-960
3742
-821
10658943
100
72
3
-952
3698
-869
10659968
148
60
6
-922
3840
-871
10660993
83
45
16
-896
3902
-882
10662018
9
34
24
-904
3883
-890
10663043
28
10
24
-897
3877
-852
10664068
8
1
32
-897
3930
-833
10665093
-92
-23
39
-873
3816
-826
10666118
-89
-47
45
-841
3730
-816
10667143
-46
-38
49
-886
3849
-863
10668168
-38
-46
51
-851
3849
-873
10669193
-28
-38
53
-829
3819
-902
10670218
-35
-23
48
-838
3816
-908
10671243
-25
-21
45
-824
3762
-886
10672268
4
-18
37
-818
3829
-865
10673293
-11
-33
24
-808
3822
-813
10674318
-21
-41
16
-802
3743
-788
10667136
-7
-35
19
-822
3696
-766
10668161
3
-20
28
-824
3716
-752
10669186
12
-4
30
-857
3778
-804
10670211
39
-17
25
-856
3784
-865
10671236
56
-34
22
-858
3820
-847
10672261
25
-40
34
-847
3787
-822
10673286
55
-43
36
-821
3764
-829
10674311
111
-43
35
-784
3882
-815
10675336
62
-52
35
-771
3877
-786
10676361
7
-43
43
-762
3813
-600
10677386
-57
10
26
-736
3927
-791
10678411
-51
8
11
-791
3970
-807
10679436
-56
-16
13
-678
3796
-759
10680461
-24
11
9
-698
3805
-785
10681486
-30
15
10
-706
3764
-807
10682511
6
34
10
-769
3711
-816
10675328
33
45
11
-818
3730
-848
10676353
26
37
20
-835
3708
-881
10677378
68
22
23
-882
3716
-904
10678403
106
-3
26
-896
3743
-881
10679428
105
-19
33
-887
3722
-881
10680453
158
-30
27
-887
3746
-893
10681478
210
-41
13
-877
3847
-911
10682503
167
-53
8
-853
3843
-928
10683528
144
-61
3
-810
3829
-954
10684553
153
-60
-3
-789
3957
-964
10685578
86
-65
-5
-791
3965
-947
10686603
32
-72
-12
-747
3894
-949
10687628
11
-66
-20
-754
3934
-961
10688653
-25
-74
-12
-775
3823
-964
10689678
-3
-76
3
-788
3761
-947
10690703
-16
-63
9
-781
3954
-887
10683519
-190
-51
5
-800
3931
-862
10684544
-247
-55
4
-723
3727
-887
10685569
-138
-49
11
-719
3741
-880
10686594
-103
-38
31
-729
3744
-882
10687619
-86
-32
35
-703
3708
-901
10688644
-36
-14
44
-731
3774
-894
10689669
-37
-4
47
-770
3716
-890
10690694
2
2
48
-791
3666
-900
10691719
68
11
47
-811
3728
-896
10692744
104
10
41
-812
3773
-904
10693769
95
9
31
-805
3844
-903
10694794
56
3
25
-817
3856
-893
10695819
38
-9
15
-851
3806
-888
10696844
80
-24
4
-816
3851
-900
10697869
66
-23
0
-817
3955
-896
10698894
-3
-33
1
-780
3909
-889
10691713
-13
-38
-4
-759
3891
-880
10692738
-33
-39
-16
-774
3964
-823
10693763
-136
-53
-24
-734
3877
-818
10694788
-177
-53
-21
-779
3771
-896
10695813
-138
-60
-17
-770
3844
-866
10696838
-170
-65
-11
-763
3812
-798
10697863
-167
-55
-4
-782
3658
-778
10698888
-53
-28
2
-807
3705
-766
10699913
13
-12
3
-806
3807
-758
10700938
4
-9
1
-775
3776
-776
10701963
9
-1
-5
-763
3721
-853
10702988
51
4
-6
-767
3808
-856
10704013
19
5
-2
-775
3874
-813
10705038
-33
9
-8
-819
3812
-806
10706063
10
12
-22
-817
3754
-777
10707088
