Device = VHR-0009
time_stamp = 1777365909979
sample_rate = 50
Data format = INT16
TYPE = 6-AXIS IMU RAW DATA
87
623
-912
3708
1380
204
7472256
-117
564
-940
3748
1456
243
7473281
-427
487
-935
3862
1478
310
7474306
-751
407
-925
3994
1376
447
7475331
-971
353
-937
4082
1255
420
7476356
-1079
354
-973
4159
1065
327
7477381
-990
408
-1016
4223
908
254
7478406
-738
475
-1084
4256
852
212
7479431
-467
522
-1188
4311
860
215
7480456
-384
574
-1209
4243
797
129
7481481
-338
580
-1262
4114
626
48
7482506
-42
518
-1367
4014
844
86
7483531
-29
478
-1363
3922
840
130
7484556
-192
398
-1319
3861
864
215
7485581
-294
312
-1211
3757
947
285
7486606
-409
255
-1039
3483
855
343
7487631
-404
163
-873
3258
760
393
7480448
-297
63
-730
3159
689
401
7481473
-156
-8
-581
3097
691
360
7482498
-39
-72
-396
3096
831
325
7483523
-11
-135
-158
3105
933
329
7484548
-67
-211
113
3067
1060
387
7485573
-186
-325
386
3078
1160
462
7486598
-334
-451
630
3115
1199
511
7487623
-449
-565
822
3198
1213
482
7488648
-515
-657
961
3358
1253
424
7489673
-553
-703
1055
3517
1256
364
7490698
-561
-719
1106
3648
1247
304
7491723
-548
-713
1114
3702
1236
285
7492748
-506
-706
1075
3778
1223
251
7493773
-428
-691
1006
3873
1215
203
7494798
-337
-668
922
3947
1245
165
7495823
-263
-641
838
4025
1296
171
7488641
-205
-602
757
4034
1308
169
7489666
-138
-561
668
3943
1291
159
7490691
-63
-534
571
3904
1283
171
7491716
-3
-502
474
3917
1298
187
7492741
42
-458
392
3970
1309
179
7493766
84
-399
339
4040
1318
180
7494791
123
-328
314
4102
1345
199
7495816
152
-245
302
4125
1336
187
7496841
213
-154
276
4122
1284
184
7497866
363
-63
210
4204
1196
156
7498891
628
46
87
4297
1065
115
7499916
1014
186
-92
4334
956
-7
7500941
1414
345
-277
4235
998
-178
7501966
1707
495
-432
4257
1039
-338
7502991
1925
620
-558
4374
1030
-464
7504016
2039
724
-652
4315
913
-593
7496832
2118
790
-731
4142
842
-647
7497857
2142
809
-783
4034
791
-633
7498882
2103
810
-777
3998
653
-611
7499907
2030
822
-730
4041
543
-602
7500932
1953
864
-620
4097
463
-702
7501957
1935
926
-455
4165
393
-862
7502982
2018
991
-268
4266
316
-1000
7504007
2173
1039
-89
4233
182
-1053
7505032
2334
1056
65
3939
226
-993
7506057
2406
1002
208
3631
450
-837
7507082
2332
882
359
3381
597
-556
7508107
2075
711
502
3327
713
-271
7509132
1699
563
641
3481
743
-190
7510157
1402
494
785
3652
696
-410
7511182
1336
505
928
3738
644
-674
7512207
1544
567
1054
3773
601
-813
7505023
1911
632
1151
3628
690
-749
7506048
2246
620
1214
3528
940
-613
7507073
2392
530
1277
3548
1106
-519
7508098
2371
387
1345
3684
1184
-456
7509123
2282
215
1407
3833
1293
-391
7510148
2145
40
1464
4003
1351
-383
7511173
2075
-116
1493
4093
1336
-381
7512198
2082
-259
1483
4028
1497
-280
7513223
1947
-414
1450
4078
1545
-144
7514248
1781
-555
1381
4018
1532
-6
7515273
1643
-682
1280
3963
1558
126
7516298
1534
-784
1163
3940
1624
263
7517323
1425
-847
1050
3912
1648
369
7518348
1351
-873
935
3914
1697
467
7519373
1317
-862
806
3928
1664
571
7520398
1361
-785
656
3756
1631
606
7513216
1404
-726
509
3633
1840
816
7514241
1252
-723
371
3745
2025
1153
7515266
962
-665
241
3672
1952
1302
7516291
815
-574
66
3579
1734
1122
7517316
856
-519
-130
3652
1755
1034
7518341
861
-461
-330
3852
1804
1021
7519366
739
-356
-531
3890
1836
1034
7520391
431
-295
-719
3978
1942
1185
7521416
-10
-288
-874
4217
1922
1466
7522441
-365
-221
-1016
4227
1556
1372
7523466
-405
-131
-1167
3986
1319
1223
7524491
-325
-142
-1288
4185
1463
1275
7525516
-432
-65
-1313
4184
1572
1288
7526541
-810
-5
-1228
4372
1791
1203
7527566
-1428
44
-1016
5033
2100
1170
7528591
-2180
185
-720
5851
2238
1057
7521408
-2904
490
-421
6143
2073
824
7522433
-3446
805
-221
6174
1581
352
7523458
-3492
1213
-315
6018
857
-72
7524483
-3129
1547
-599
5759
477
-262
7525508
-2810
1812
-964
5677
-65
-562
7526533
-1829
2085
-1473
5675
-467
-587
7527558
-432
2272
-1944
5639
-53
-557
7528583
575
2386
-2343
5403
297
-597
7529608
1248
2455
-2613
5220
881
-489
7530633
1196
2390
-2660
4998
1267
-442
7531658
832
2170
-2535
4824
1276
-436
7532683
501
1944
-2303
4544
1137
-450
7533708
205
1737
-2070
4180
816
-575
7534733
116
1523
-1905
3766
578
-702
7535758
216
1296
-1789
3461
503
-724
7536783
354
1064
-1663
3266
514
-662
7529600
449
846
-1495
3053
591
-604
7530625
461
632
-1277
2874
636
-562
7531650
394
412
-1011
2840
679
-473
7532675
234
216
-699
2750
743
-355
7533700
49
42
-377
2519
697
-235
7534725
-87
-153
-73
2349
705
-125
7535750
-211
-341
196
2226
697
52
7536775
-337
-542
438
2297
761
386
7537800
-561
-750
718
2604
981
793
7538825
-927
-919
1080
2969
1131
980
7539850
-1144
-1029
1450
3123
976
814
7540875
-912
-1116
1744
3294
717
590
7541900
-289
-1158
1962
3618
665
424
7542925
487
-1160
2131
3905
912
634
7543950
1114
-1181
2268
4185
1391
1152
7544975
1361
-1174
2393
4330
1857
1350
7537792
1355
-1119
2494
4388
1961
1123
7538817
1308
-1038
2515
4420
2039
909
7539842
1088
-966
2465
4526
2295
896
7540867
697
-879
2351
4551
2419
1004
7541892
270
-812
2164
4557
2370
1065
7542917
-54
-750
1874
4559
2084
977
7543942
-36
-659
1491
4388
1626
783
7544967
330
-588
1051
4185
1370
710
7545992
772
-540
590
4256
1324
520
7547017
1198
-397
160
4455
1064
-42
7548042
1742
-143
-204
3951
815
-441
7549067
2202
-18
-508
3422
533
-618
7550092
2431
-24
-723
3235
425
-486
7551117
2390
-48
-796
3156
530
-278
7552142
2128
-101
-677
3262
810
-164
7553167
1743
-224
-375
3646
1175
-124
7545983
1326
-366
28
3887
1270
-24
7547008
868
-574
358
3996
1195
217
7548033
338
-798
534
4199
1233
490
7549058
-165
-1022
552
4316
1249
693
7550083
-465
-1156
462
3967
1251
856
7551108
-790
-1243
320
3631
1281
869
7552133
-1118
-1228
124
3836
946
758
7553158
-1058
-1111
-76
4419
761
579
7554183
-520
-720
-195
4971
5
858
7555208
300
-172
-151
5030
634
1136
7556233
-171
106
-39
4809
1369
631
7557258
-954
293
109
4504
1096
38
7558283
-1186
488
165
3802
838
-130
7559308
-1054
571
71
3142
321
-109
7560333
-615
511
-144
3052
81
-80
7561358
-169
471
-321
3359
117
-237
7554273
252
521
-377
3513
243
-483
7555298
835
575
-351
3641
449
-609
7556323
1446
607
-303
3784
799
-623
7557348
1677
606
-220
3691
1205
-465
7558373
1344
512
-78
3500
1510
-198
7559398
708
326
76
3286
1679
133
7560423
-55
84
239
3213
1866
379
7561448
-974
-124
426
3391
1892
377
7562473
-1744
-281
591
3767
1874
322
7563498
-2090
-376
704
4180
1910
358
7564523
-2031
-384
772
4328
1907
446
7565548
-1710
-301
742
4182
1849
479
7566573
-1353
-209
579
3936
1782
697
7567598
-1198
-146
296
3917
1792
969
7568623
-1169
-7
-57
4112
1571
879
7569648
-900
206
-394
4167
1552
774
7562369
-558
415
-631
4127
1596
808
7563394
-324
611
-812
4178
1442
800
7564419
-50
797
-975
4229
1411
667
7565444
109
951
-1060
4189
1525
594
7566469
78
1071
-1082
4049
1464
556
7567494
66
1107
-1100
3957
1430
507
7568519
51
1117
-1098
3877
1292
351
7569544
79
1098
-1075
3744
1186
204
7570569
119
1025
-1032
3617
1199
189
7571594
96
911
-966
3487
1214
236
7572619
22
779
-884
3384
1147
215
7573644
-58
631
-788
3288
1097
182
7574669
-132
477
-684
3214
1039
145
7575694
-163
337
-579
3178
939
99
7576719
-128
217
-474
3168
863
38
7577744
-64
114
-363
3162
825
6
7570559
2
9
-238
3273
816
45
7571584
65
-101
-104
3529
812
115
7572609
130
-198
42
3754
771
120
7573634
233
-279
207
4077
719
54
7574659
402
-327
398
4309
709
-65
7575684
595
-368
622
4448
718
-67
7576709
756
-445
858
4767
860
-23
7577734
826
-497
1107
4822
934
52
7578759
915
-543
1289
4569
877
123
7579784
1042
-592
1363
4235
1025
111
7580809
1042
-610
1354
3815
1009
240
7581834
1067
-614
1275
3526
1062
355
7582859
960
-568
1085
3389
911
123
7583884
970
-454
879
3446
864
-51
7584909
909
-300
796
3499
735
-312
7585934
1033
-170
714
3694
673
-453
7578753
1376
-75
694
3917
725
-404
7579778
1767
-41
694
3980
792
-405
7580803
2018
-62
688
3962
917
-458
7581828
2160
-127
666
3986
1034
-312
7582853
2243
-231
640
3989
1415
-7
7583878
1857
-357
662
3829
1664
235
7584903
1190
-487
690
3497
1507
341
7585928
691
-612
664
3314
1496
499
7586953
375
-715
622
3374
1440
606
7587978
181
-715
577
3454
1415
658
7589003
164
-646
545
3288
1332
670
7590028
294
-565
481
3284
1382
745
7591053
411
-477
431
3369
1466
853
7592078
425
-397
363
3424
1583
915
7593103
300
-337
306
3354
1721
985
7594128
-9
-339
251
3363
1804
1087
7586944
-412
-373
188
3547
1814
1143
7587969
-787
-370
115
3614
1733
1110
7588994
-1086
-362
26
3690
1605
1050
7590019
-1282
-355
-66
3975
1532
1031
7591044
-1398
-279
-141
4158
1482
962
7592069
-1435
-148
-202
4209
1373
794
7593094
-1401
2
-247
4312
1325
616
7594119
-1388
170
-262
4525
1320
457
7595144
-1359
337
-265
4661
1373
427
7596169
-1369
443
-231
4915
1521
439
7597194
-1579
476
-146
5610
1788
441
7598219
-1965
527
-4
6345
2181
448
7599244
-2488
672
165
6460
2310
328
7600269
-2990
916
245
5682
2014
53
7601294
-3260
1160
98
4920
1497
-274
7602319
-3252
1377
-214
4633
1014
-600
7595135
-3104
1583
-597
4708
322
-707
7596160
-2495
1736
-947
5116
373
-526
7597185
-1857
1929
-1100
5519
474
-465
7598210
-1104
2135
-1165
5658
575
-470
7599235
-292
2289
-1175
5406
942
-534
7600260
239
2375
-1162
4979
1026
-657
7601285
631
2379
-1188
4456
840
-804
7602310
1016
2294
-1335
4008
660
-901
7603335
1398
2139
-1574
3683
594
-938
7604360
1682
1910
-1825
3410
625
-900
7605385
1805
1609
-2015
3178
733
-790
7606410
1687
1259
-2099
3014
854
-658
7607435
1326
912
-2052
2875
962
-558
7608460
805
591
-1882
2728
922
-530
7609485
274
297
-1631
2589
821
-510
7610510
-172
42
-1329
2472
717
-452
7603328
-466
-189
-999
2394
631
-361
7604353
-623
-412
-638
2501
544
-312
7605378
-627
-609
-261
2699
421
-272
7606403
-495
-793
133
2889
295
-220
7607428
-237
-956
552
3048
170
-176
7608453
136
-1126
1006
3359
182
-76
7609478
519
-1297
1514
3774
484
65
7610503
766
-1461
2047
4203
839
336
7611528
849
-1619
2541
4597
971
573
7612553
875
-1771
2951
5299
1072
680
7613578
835
-1852
3277
6090
1105
562
7614603
825
-1897
3502
6643
1144
480
7615628
1076
-1735
3510
6366
2009
668
7616653
521
-1456
3429
5299
2046
897
7617678
197
-1456
3117
4506
892
1034
7618703
690
-1433
2348
4366
770
1008
7611520
1104
-1222
1684
4377
1263
982
7612545
563
-997
1361
4358
1651
649
7613570
-140
-741
1067
4270
1095
409
7614595
285
-480
854
4191
728
371
7615620
1179
-219
717
3979
761
377
7616645
1855
-87
584
3924
1076
420
7617670
2216
13
453
3793
1547
655
7618695
2184
15
325
3782
1839
735
7619720
1855
-4
227
3494
1876
672
7620745
1329
-104
124
3167
1962
744
7621770
648
-262
-5
3174
1888
808
7622795
-5
-359
-163
3278
1671
774
7623820
-437
-384
-330
3356
1511
707
7624845
-636
-373
-449
3354
1459
671
7625870
-725
-356
-505
3379
1438
686
7626895
-815
-331
-524
3399
1486
771
7619712
-1033
-323
-518
3389
1572
931
7620737
-1368
-351
-507
3657
1563
939
7621762
-1664
-298
-529
3848
1349
706
7622787
-1797
-179
-588
3852
1180
577
7623812
-1863
-58
-628
3997
1037
458
7624837
-1806
91
-658
3969
986
337
7625862
-1707
197
-623
3841
1138
314
7626887
-1820
234
-530
3908
1319
329
7627912
-2118
255
-405
4000
1466
292
7628937
-2562
268
-279
3952
1348
114
7629962
-2728
252
-203
3972
1064
29
7630987
-2616
195
-172
4169
1062
6
7632012
-2486
141
-99
4503
1172
-43
7633037
-2459
51
90
5281
1600
100
7634062
-2764
-60
456
6198
2482
413
7635087
-3576
-49
978
6214
3247
519
7628064
-4611
109
1389
5223
3061
208
7629089
-5283
305
1433
4479
2290
-343
7630114
-5441
520
1183
4407
1613
-738
7631139
-5185
781
883
4849
1171
-784
7632164
-4582
1130
652
5451
1111
-609
7633189
-3800
1577
513
5654
1116
-450
7634214
-2870
2010
391
5397
898
-498
7635239
-1738
2330
156
5057
685
-663
7636264
-511
2548
-222
4750
634
-837
7637289
684
2696
-694
4322
570
-1011
7638314
1843
2702
-1230
3905
602
-1150
7639339
2862
2550
-1767
3545
806
-1262
7640364
3500
2218
-2201
3294
1111
-1245
7641389
3577
1766
-2457
3253
1458
-1057
7642414
3094
1277
-2484
3240
1623
-884
7643439
2237
778
-2293
3264
1595
-788
7636096
1231
309
-1967
3244
1489
-775
7637121
224
-110
-1595
3078
1376
-755
7638146
-643
-484
-1246
2867
1181
-711
7639171
-1248
-834
-989
2797
971
-605
7640196
-1654
-1153
-832
2871
832
-538
7641221
-1892
-1392
-737
2977
734
-511
7642246
-1929
-1575
-676
3140
628
-540
7643271
-1735
-1705
-621
3170
413
-604
7644296
-1286
-1816
-550
3263
-63
-599
7645321
-680
-1935
-401
3516
-646
-309
7646346
-187
-2068
-121
4042
-367
95
7647371
30
-2223
352
4611
-124
385
7648396
69
-2388
942
4931
-92
645
7649421
-82
-2551
1502
5258
-5
859
7650446
-343
-2609
1924
5509
111
981
7651471
-570
-2604
2201
5951
181
821
7644288
-508
-2467
2305
6497
-207
499
7645313
-121
-2061
2247
6575
468
381
7646338
-161
-1600
2269
5667
95
378
7647363
99
-1329
2103
4583
143
735
7648388
317
-1205
1791
4255
758
1186
7649413
50
-1108
1463
4381
1054
1183
7650438
-213
-900
1144
4446
821
944
7651463
-117
-590
863
4160
626
696
7652488
340
-320
598
3921
597
585
7653513
1020
-75
381
3884
775
390
7654538
1651
219
211
3744
860
-86
7655563
2177
451
65
3399
1034
-348
7656588
2493
521
-80
3337
1459
-196
7657613
2309
518
-196
3317
1794
15
7658638
1763
444
-276
3142
1685
-46
7659663
1166
258
-366
2960
1602
-107
7652480
542
-2
-456
2898
1525
-89
7653505
-10
-276
-538
3055
1352
-48
7654530
-392
-515
-606
3297
1242
-4
7655555
-651
-689
-628
3435
1235
102
7656580
-878
-845
-619
3627
1379
259
7657605
-1218
-935
-570
3893
1417
375
7658630
-1574
-933
-543
4093
1350
320
7659655
-1813
-858
-562
4018
1165
253
7660680
-1895
-797
-659
4156
1016
328
7661705
-1895
-704
-797
4297
861
423
7662730
-1906
-577
-935
4503
456
791
7663755
-2453
-302
-780
4839
-1010
1415
7664780
-3883
49
-195
4499
-2796
1050
7665805
-3482
77
456
3664
-1132
153
7666830
-1422
-96
744
3520
-292
-40
7667855
166
-148
657
3657
28
270
7660671
670
35
491
4114
729
683
7661696
795
153
505
4296
1672
983
7662721
302
133
628
4645
2370
955
7663746
-771
45
901
5699
2628
780
7664771
-2163
34
1318
7061
3194
597
7665796
-3494
257
1769
7172
3489
472
7666821
-4422
656
2015
5758
2851
196
7667846
-4621
1065
1781
4451
1606
-185
7668871
-4164
1331
1183
4133
614
-475
7669896
-3366
1590
508
4422
-95
-551
7670921
-2304
1882
-96
5027
-102
-395
7671946
-1265
2229
-527
5600
377
-273
7672971
-433
2647
-792
5821
581
-259
7673996
354
3006
-1008
5705
789
-267
7675021
1065
3226
-1223
5373
836
-354
7676046
1727
3294
-1486
5022
665
-585
7668864
2368
3232
-1817
4737
568
-696
7669889
2904
3067
-2191
4442
587
-715
7670914
3259
2821
-2535
4022
697
-712
7671939
3354
2482
-2792
3592
866
-632
7672964
3131
2083
-2920
3252
1032
-524
7673989
2585
1678
-2895
3035
1150
-370
7675014
1807
1300
-2708
2871
1160
-188
7676039
947
962
-2402
2684
1111
-56
7677064
176
688
-2025
2396
961
14
7678089
-383
425
-1630
2126
820
77
7679114
-729
188
-1230
1931
603
103
7680139
-838
-28
-827
1785
445
151
7681164
-784
-252
-416
1666
398
265
7682189
-635
-482
16
1579
399
378
7683214
-393
-720
458
1565
342
373
7684239
-54
-971
932
1759
313
331
7677057
297
-1249
1471
2213
522
437
7678082
461
-1525
2071
2852
764
668
7679107
441
-1754
2695
3416
989
725
7680132
355
-2000
3259
3993
1195
780
7681157
273
-2218
3711
4594
1334
789
7682182
210
-2358
3985
5027
1254
746
7683207
201
-2451
4017
5577
1091
580
7684232
302
-2459
3844
6227
982
252
7685257
548
-2244
3495
6429
707
74
7686282
1133
-2033
3016
6929
382
-112
7687307
1887
-1775
2517
7765
798
-271
7688332
2549
-1304
2165
7435
1881
201
7689357
2115
-962
2027
5845
2804
683
7690382
1045
-842
1849
4377
1998
1055
7691407
747
-931
1394
3725
1368
1176
7692432
687
-1045
873
3681
1164
893
7685247
618
-995
437
3714
1069
660
7686272
773
-842
122
3715
1052
421
7687297
1133
-615
-89
3536
969
205
7688322
1523
-416
-197
3337
1015
167
7689347
1751
-289
-226
3385
1239
195
7690372
1758
-184
-175
3402
1591
240
7691397
1531
-149
-65
3330
1928
378
7692422
1089
-208
35
3393
2014
438
7693447
579
-274
39
3406
1830
332
7694472
127
-345
-104
3348
1617
255
7695497
-253
-469
-368
3410
1368
301
7696522
-535
-604
-677
3633
1213
346
7697547
-726
-707
-976
3987
1209
309
7698572
-839
-749
-1221
4336
1220
274
7699597
-941
-735
-1396
4502
1188
278
7700622
-1128
-675
-1533
4567
1074
316
7693440
-1382
-585
-1637
4555
824
360
7694465
-1605
-507
-1739
4782
266
1022
7695490
-3678
-43
-1046
4816
-3786
1393
7696515
-5898
96
344
3591
-5269
515
7697540
-4479
-542
1117
3884
-2520
-395
7698565
-1166
-674
1312
3852
-1774
-199
7699590
1332
-609
904
4514
-1207
79
7700615
2692
-65
499
4673
413
240
7701640
3173
391
230
4333
1423
278
7702665
2961
622
137
3958
2204
278
7703690
1814
748
118
3895
2451
323
7704715
420
826
278
3985
2387
386
7705740
-930
821
491
4278
2287
356
7706765
-1861
760
685
4727
2073
413
7707790
-2380
553
875
5832
2322
612
7708815
-2892
437
1092
6610
2781
833
7701632
-3400
512
1251
6089
2852
722
7702657
-3641
762
1101
5069
2099
145
7703682
-3404
1078
569
4383
1082
-351
7704707
-2860
1366
-128
4155
398
-520
7705732
-2175
1627
-800
4452
110
-486
7706757
-1377
1920
-1365
4997
220
-411
7707782
-623
2290
-1762
5302
329
-462
7708807
119
2685
-2050
5165
369
-581
7709832
860
2890
-2263
5078
602
-666
7710857
1454
2922
-2348
5026
863
-678
7711882
1827
2821
-2328
4730
1036
-632
7712907
1974
2581
-2265
4314
1050
-586
7713932
1961
2230
-2209
3874
979
-457
7714957
1791
1821
-2169
3531
923
-292
7715982
1469
1414
-2122
3284
873
-203
7717007
1064
1049
-2036
3090
889
-143
7709823
675
745
-1898
2920
910
0
7710848
362
494
-1702
2833
974
69
7711873
105
316
-1433
2739
904
50
7712898
-22
176
-1138
2594
819
122
7713923
-62
61
-846
2476
804
165
7714948
-71
-24
-561
2401
736
148
7715973
-10
-100
-288
2410
636
82
7716998
137
-172
-13
2465
592
19
7718023
330
-261
285
2568
618
-20
7719048
515
-370
617
2748
673
-106
7720073
692
-502
968
2967
705
-196
7721098
866
-674
1318
3225
764
-234
7722123
974
-871
1654
3568
826
-208
7723148
980
-1078
1983
3959
923
-137
7724173
850
-1276
2317
4280
1094
17
7725198
586
-1486
2628
4552
1223
263
7718016
272
-1703
2886
4877
1299
455
7719041
5
-1927
3090
5469
1312
642
7720066
-80
-2054
3224
5855
1247
635
7721091
-25
-2102
3306
6469
1042
481
7722116
365
-2108
3245
7606
738
-16
7723141
1527
-1763
3050
8256
1888
-8
7724166
1900
-1165
3184
6887
2394
255
7725191
1728
-770
2945
5198
2439
731
7726216
1371
-528
2606
3878
2253
1300
7727241
435
-598
2049
3202
1538
1338
7728266
-218
-793
1417
3176
901
1154
7729291
-148
-857
926
3345
1157
1187
7730316
4
-790
612
3600
1379
1206
7731341
218
-594
453
3698
1363
1114
7732366
553
-332
362
3664
1484
939
7733391
826
-53
303
3560
1552
740
7726208
976
159
187
3567
1594
648
7727233
1015
323
-36
3645
1694
559
7728258
939
457
-348
3615
1725
386
7729283
753
517
-708
3491
1610
274
7730308
483
454
-1096
3516
1498
317
7731333
145
331
-1478
3709
1383
423
7732358
-193
197
-1825
3940
1282
410
7733383
-489
75
-2100
4055
1213
317
7734408
-719
-45
-2300
4158
1178
228
7735433
-902
-143
-2403
4259
1133
234
7736458
-1172
-210
-2414
4363
1036
207
7737483
-1442
-216
-2336
4388
776
286
7738508
-1909
-178
-2159
4622
1856
1159
7739533
-6552
304
-979
6000
-1199
790
7740558
-9441
727
984
3972
-4577
-768
7741583
-6121
-86
1264
3040
-4099
-1125
7734401
-1785
-435
628
3003
-3478
-898
7735426
1909
-504
29
3310
-2027
-570
7736451
3701
-253
-496
3965
251
-69
7737476
4379
-41
-579
3549
956
271
7738501
4802
-147
-447
3503
2212
352
7739526
3924
-120
-76
3917
3182
349
7740551
1828
69
546
3719
3030
155
7741576
-493
165
1073
3500
2888
-38
7742601
-2424
157
1380
3556
2303
-82
7743626
-3523
-15
1518
4113
2019
122
7744651
-4072
-264
1532
4884
1845
391
7745676
-4180
-564
1408
5912
1773
753
7746701
-4026
-795
1173
7005
2078
771
7747726
-3760
-504
873
6191
1807
406
7748751
-3194
9
343
4561
794
12
7749776
-2294
345
-452
3707
85
-170
7742592
-1427
543
-1231
3784
31
-144
7743617
-889
835
-1795
4081
201
2
7744642
-600
1188
-2105
4327
419
152
7745667
-499
1495
-2170
4706
672
271
7746692
-422
1807
-2063
5025
809
230
7747717
-100
2116
-1852
4928
826
56
7748742
349
2273
-1570
4804
743
-182
7749767
835
2329
-1344
4655
590
-424
7750792
1371
2327
-1231
4380
575
-558
7751817
1827
2243
-1235
4064
610
-595
7752842
2123
2073
-1326
3686
593
-591
7753867
2240
1805
-1455
3296
625
-515
7754892
2121
1460
-1549
3009
701
-389
7755917
1770
1081
-1546
2861
790
-259
7756942
1235
706
-1410
2751
923
-166
7757967
588
365
-1145
2660
989
-90
7750783
-18
86
-789
2558
881
-40
7751808
-407
-140
-414
2433
720
-16
7752833
-565
-328
-48
2353
570
-45
7753858
-487
-449
294
2332
399
-68
7754883
-193
-535
605
2416
323
-76
7755908
250
-598
915
2595
391
-96
7756933
726
-644
1254
2861
509
-86
7757958
1115
-681
1614
3201
661
-55
7758983
1391
-711
2001
3621
860
-6
7760008
1546
-746
2405
4106
1023
31
7761033
1518
-825
2794
4700
1308
157
7762058
1311
-957
3159
5258
1666
496
7763083
933
-1143
3414
5656
2009
860
7764108
413
-1359
3528
5910
2118
1032
7765133
-112
-1488
3383
6048
1818
870
7766158
-215
-1415
3042
5994
1396
618
7758976
-316
-1280
2550
6084
944
241
7760001
20
-1021
2004
6155
461
-171
7761026
985
-663
1539
6226
545
-253
7762051
2033
-157
1173
5492
1048
66
7763076
2753
327
826
4025
1274
385
7764101
3184
580
383
2898
1173
433
7765126
3380
580
-116
2707
1093
266
7766151
3350
552
-540
2938
1111
77
7767176
3213
615
-810
3035
1198
-139
7768201
3072
684
-922
3011
1355
-318
7769226
2909
718
-883
2967
1542
-446
7770251
2667
713
-750
2925
1660
-517
7771276
2336
642
-585
2875
1608
-485
7772301
1950
460
-438
2859
1557
-315
7773326
1514
162
-334
2994
1587
-31
7774351
1056
-194
-287
3160
1499
184
7767220
689
-564
-325
3221
1309
283
7768245
389
-953
-461
3323
1201
321
7769270
83
-1319
-650
3617
1268
461
7770295
-344
-1589
-828
3959
1492
654
7771320
-887
-1723
-864
4294
1077
837
7772345
-844
-1764
-1002
4786
491
1486
7773370
-118
-1052
-897
6029
-3875
3698
7774395
2407
588
-217
4583
-4845
3689
7775420
3392
354
61
3310
2635
2238
7776445
489
-217
241
3819
2200
1515
7777470
-1506
-394
459
3692
1370
1186
7778495
-2599
-473
577
4117
1592
828
7779520
-3252
-286
785
4085
1293
634
7780545
-3020
-234
828
3719
1068
423
7781570
-2083
-352
738
3832
736
257
7782595
-945
-279
655
3822
670
313
7775360
-15
-178
534
3732
969
411
7776385
358
-118
406
4073
1381
454
7777410
204
41
323
4026
1642
501
7778435
-205
50
289
4457
1782
433
7779460
-691
-8
334
5489
2101
459
7780485
-1312
57
469
5986
2464
599
7781510
-1957
210
577
5383
2407
593
7782535
-2385
375
452
4339
1815
426
7783560
-2524
471
55
3875
1243
222
7784585
-2523
580
-423
3854
836
121
7785610
-2408
738
-832
4107
771
140
7786635
-2177
945
-1077
4470
892
151
7787660
-1927
1200
-1133
4732
871
55
7788685
-1626
1475
-1072
4862
895
-92
7789710
-1268
1717
-942
4856
953
-200
7790735
-885
1871
-812
4834
1003
-274
7783553
-515
1966
-750
4704
893
-403
7784578
-108
2006
-804
4528
772
-499
7785603
344
1964
-975
4337
632
-488
7786628
805
1854
-1216
4129
545
-545
7787653
1225
1706
-1463
3842
574
-660
7788678
1521
1494
-1672
3563
718
-669
7789703
1588
1213
-1797
3381
849
-571
7790728
1401
899
-1809
3247
961
-464
7791753
1008
583
-1693
3058
1051
-365
7792778
480
265
-1471
2864
1078
-253
7793803
-65
-48
-1188
2732
1021
-148
7794828
-500
-333
-885
2680
871
-90
7795853
-728
-584
-599
2684
703
-113
7796878
-763
-789
-325
2701
563
-184
7797903
-614
-940
-60
2730
478
-221
7798928
-330
-1072
204
2907
463
-188
7791744
23
-1178
473
3062
512
-158
7792769
372
-1272
750
3133
580
-103
7793794
607
-1382
1029
3351
711
46
7794819
672
-1504
1316
3748
910
261
7795844
608
-1606
1618
4120
1119
401
7796869
437
-1692
1920
4380
1219
425
7797894
269
-1786
2146
4661
1249
479
7798919
221
-1787
2186
4937
1636
870
7799944
-398
-1709
2214
5186
1872
951
7800969
-852
-1718
2240
5256
713
565
7801994
-361
-1640
1968
5308
472
332
7803019
453
-1448
1687
5789
659
346
7804044
974
-1170
1580
6299
904
147
7805069
1264
-747
1553
6246
1097
48
7806094
1591
-305
1532
5362
1592
378
7807119
1590
4
1458
4174
1817
755
7799935
1306
131
1225
3254
1619
1027
7800960
996
105
832
2939
1253
976
7801985
835
116
407
2874
901
607
7803010
935
191
41
2865
824
225
7804035
1263
289
-222
3056
861
-82
7805060
1658
454
-371
3144
908
-353
7806085
1933
587
-458
3158
1139
-494
7807110
1974
611
-515
3425
1397
-507
7808135
1789
569
-540
3618
1565
-480
7809160
1400
423
-558
3635
1661
-397
7810185
869
163
-612
3617
1610
-222
7811210
308
-150
-735
3562
1327
-49
7812235
-134
-469
-935
3484
958
42
7813260
-409
-791
-1178
3539
866
126
7814285
-675
-1038
-1391
3814
969
303
7815310
-915
-1089
-1466
4099
663
915
7808128
-841
-794
-1208
5124
-1762
2644
7809153
-559
405
-430
5428
-6088
3225
7810178
895
760
405
3344
-367
1871
7811203
229
12
599
3670
1143
609
7812228
-609
-225
485
3675
690
530
7813253
-1170
-280
420
3963
1043
597
7814278
-1455
-99
499
3961
1051
638
7815303
-894
-110
445
3418
1069
567
7816328
-390
-299
326
3514
1216
542
7817353
-467
-349
308
3746
1421
694
7818378
-876
-327
378
3713
1776
743
7819403
-1397
-262
480
3739
1884
608
7820428
-1750
-171
544
3817
1636
412
7821453
-1832
-107
529
4076
1417
291
7822478
-1765
-11
460
4263
1394
381
7823503
-1694
58
358
4562
1476
509
7816320
-1687
62
261
5375
1663
505
7817345
-1778
122
221
6158
1983
470
7818370
-2024
314
240
6093
2142
390
7819395
-2303
601
181
5121
1814
272
7820420
-2407
816
-81
4295
1257
162
7821445
-2371
971
-484
4074
857
95
7822470
-2343
1137
-905
4167
528
76
7823495
-2073
1287
-1222
4550
310
19
7824520
-1346
1498
-1450
4919
268
-39
7825545
-582
1737
-1577
5179
359
-176
7826570
134
1997
-1595
5251
555
-344
7827595
729
2210
-1551
5115
791
-528
7828620
1193
2338
-1508
4889
746
-685
7829645
1602
2402
-1518
4506
638
-814
7830670
1912
2379
-1607
4098
673
-875
7831695
2097
2249
-1742
3674
674
-817
7824513
2172
1997
-1879
3317
691
-629
7825538
2090
1667
-1962
3108
736
-480
7826563
1840
1313
-1942
2939
794
-330
7827588
1475
944
-1803
2828
916
-59
7828613
1052
613
-1544
2728
958
166
7829638
662
336
-1178
2649
962
208
7830663
340
129
-729
2572
915
190
7831688
145
-10
-267
2459
857
200
7832713
65
-112
177
2412
829
205
7833738
65
-203
600
2466
830
255
7834763
128
-297
994
2625
855
336
7835788
244
-387
1370
2839
870
299
7836813
404
-489
1731
3051
932
271
7837838
523
-635
2063
3397
1078
544
7838863
492
-775
2383
3787
1226
655
7839888
369
-885
2696
4141
1278
541
7832704
289
-975
2974
4496
1346
405
7833729
265
-1033
3176
4813
1450
316
7834754
260
-1058
3274
4950
1506
318
7835779
240
-1067
3235
4960
1540
353
7836804
200
-1058
3044
5006
1449
387
7837829
210
-1058
2727
5286
1268
317
7838854
359
-979
2348
5426
1096
129
7839879
681
-879
1964
5673
997
-33
7840904
1125
-791
1630
6202
1254
-55
7841929
1491
-640
1424
6363
1591
145
7842954
1703
-484
1331
5736
1885
482
7843979
1711
-393
1226
4554
1944
832
7845004
1572
-386
980
3527
1714
1080
7846029
1418
-433
574
2921
1536
1133
7847054
1275
-479
130
2789
1381
1051
7848079
1152
-451
-257
2880
1261
884
7840897
1078
-317
-556
2928
1186
740
7841922
1058
-163
-753
3027
1121
609
7842947
1092
-3
-847
3206
1073
505
7843972
1210
185
-847
3311
1020
358
7844997
1355
309
-796
3441
1082
271
7846022
1382
347
-730
3632
1236
334
7847047
1202
303
-699
3805
1312
484
7848072
863
225
-721
3671
922
650
7849097
508
68
-775
3348
415
826
7850122
179
-194
-850
3347
392
954
7851147
-161
-420
-856
3582
350
968
7852172
-391
-548
-771
3763
32
893
7853197
-458
-570
-649
3908
-10
804
7854222
-467
-516
-497
3973
42
687
7855247
-433
-430
-351
3909
63
615
7856272
-402
-369
-245
3829
275
711
7849088
-509
-356
-183
3815
549
891
7850113
-723
-346
-132
3663
653
969
7851138
-900
-373
-95
3495
690
980
7852163
-998
-438
-44
3565
880
970
7853188
-1126
-481
56
3773
1095
1019
7854213
-1276
-473
173
4012
1213
980
7855238
-1339
-382
256
4021
1151
793
7856263
-1213
-271
254
3988
1048
567
7857288
-970
-144
166
3962
971
468
7858313
-743
-40
18
4092
982
551
7859338
-603
54
-131
4250
1128
663
7860363
-554
171
-239
4199
1237
648
7861388
-555
190
-295
4704
1317
526
7862413
-599
213
-272
5587
1512
495
7863438
-736
361
-182
5948
1695
500
7864463
-852
586
-132
5313
1543
442
7857283
-876
702
-280
4698
1337
361
7858308
-878
809
-611
4422
1110
297
7859333
-876
933
-1008
4435
771
222
7860358
-756
1057
-1385
4718
655
148
7861383
-534
1233
-1659
4933
666
52
7862408
-262
1446
-1817
4899
600
-76
7863433
48
1626
-1889
4770
566
-161
7864458
317
1738
-1894
4755
633
-38
7865483
480
1807
-1843
4922
695
-45
7866508
629
1935
-1731
4734
605
-271
7867533
879
2013
-1609
4407
549
-472
7868558
1177
2016
-1517
4104
537
-496
7869583
1424
1957
-1481
3858
546
-420
7870608
1556
1855
-1455
3486
578
-383
7871633
1559
1690
-1397
3082
590
-304
7872658
1442
1458
-1272
2869
634
-160
7865472
1198
1210
-1045
2815
756
41
7866497
840
1000
-697
2793
817
104
7867522
533
856
-264
2682
678
30
7868547
452
745
193
2565
572
-42
7869572
551
664
644
2532
525
-97
7870597
777
619
1071
2614
491
-122
7871622
1081
593
1478
2857
556
-170
7872647
1379
577
1886
3099
688
-246
7873672
1621
565
2295
3342
789
-345
7874697
1832
538
2704
3675
870
-431
7875722
2026
488
3115
4148
994
-504
7876747
2197
419
3520
4769
1199
-531
7877772
2295
333
3884
5351
1453
-476
7878797
2242
227
4177
5772
1758
-344
7879822
1985
68
4366
6184
2083
-148
7880847
1537
-100
4431
6466
2297
43
7873664
1056
-244
4329
6493
2280
-9
7874689
754
-286
4021
6128
1961
-270
7875714
802
-219
3482
5572
1468
-450
7876739
1267
-166
2766
5452
977
-522
7877764
2046
-170
1987
6523
747
-745
7878789
2983
21
1358
7542
1256
-1150
7879814
3905
515
1074
6140
1713
-1230
7880839
4645
808
908
3903
1760
-992
7881864
4998
734
584
2873
1818
-594
7882889
4844
513
272
2810
1822
-224
7883914
4263
338
107
2896
1898
-55
7884939
3431
209
76
2886
1974
-68
7885964
2579
101
129
2886
1826
-196
7886989
1953
43
177
2890
1436
-356
7888014
1728
14
161
2877
966
-494
7889039
1884
-44
90
2910
720
-557
7881856
2254
-152
20
3052
734
-513
7882881
2619
-314
-3
3137
949
-329
7883906
2770
-549
24
3166
1194
36
7884931
2585
-848
110
3240
1273
481
7885956
2055
-1141
253
3311
1169
817
7886981
1338
-1390
409
3407
1052
982
7888006
687
-1578
546
3602
995
1004
7889031
344
-1670
658
3756
836
935
7890056
361
-1713
729
3944
734
909
7891081
525
-1703
769
4192
702
973
7892106
727
-1614
743
4378
630
1148
7893131
929
-1518
632
4455
794
1212
7894156
985
-1397
491
4367
827
1286
7895181
997
-1283
337
4280
875
1372
7896206
1014
-1144
193
4111
853
1364
7897231
1049
-1005
77
3900
991
1372
7890047
988
-909
0
3911
1189
1477
7891072
817
-799
-37
3988
1318
1567
7892097
602
-682
-58
4106
1390
1577
7893122
429
-564
-89
4253
1379
1552
7894147
343
-431
-156
4262
1351
1509
7895172
326
-306
-277
4156
1329
1501
7896197
317
-222
-442
4108
1304
1524
7897222
274
-130
-615
4055
1238
1492
7898247
164
-71
-742
4264
1314
1454
7899272
-48
17
-756
4660
1495
1396
7900297
-328
167
-676
5014
1554
1305
7901322
-593
314
-589
5623
1547
1135
7902347
-775
606
-550
5519
1501
941
7903372
-942
887
-631
4926
1335
817
7904397
-1038
1064
-853
4616
1151
754
7905422
-1123
1186
-1137
4612
1129
758
7898240
-1361
1302
-1354
4972
1053
693
7899265
-1637
1475
-1514
5370
740
469
7900290
-1550
1675
-1624
5705
558
164
7901315
-1290
1925
-1693
5912
320
76
7902340
-815
2181
-1743
6003
239
18
7903365
-276
2401
-1766
5909
390
-110
7904390
195
2546
-1736
5662
594
-205
7905415
516
2624
-1673
5224
672
-116
7906440
767
2584
-1637
4795
683
-90
7907465
977
2484
-1624
4321
635
-148
7908490
1128
2310
-1631
3906
667
-161
7909515
1154
2076
-1624
3580
725
-36
7910540
1022
1817
-1571
3345
779
90
7911565
775
1570
-1451
3146
788
112
7912590
509
1340
-1269
2954
798
96
7913615
292
1125
-1047
2747
709
141
7906432
180
921
-817
2512
601
233
7907457
148
724
-582
2369
512
228
7908482
199
556
-336
2239
428
176
7909507
344
401
-71
2074
392
165
7910532
520
234
225
1961
422
187
7911557
646
65
561
1910
461
173
7912582
731
-110
947
1958
512
111
7913607
836
-307
1379
2145
623
79
7914632
965
-522
1841
2420
707
42
7915657
1108
-735
2310
2762
726
2
7916682
1262
-941
2766
3228
810
-13
7917707
1365
-1149
3227
3931
958
31
7918732
1352
-1366
3694
4852
1256
194
7919757
1132
-1580
4137
5783
1690
409
7920782
823
-1761
4447
6437
1913
553
7921807
575
-1863
4526
6620
1889
489
7914623
479
-1882
4219
6641
1409
481
7915648
911
-1692
3448
6655
1157
778
7916673
1413
-1526
2622
7017
1593
745
7917698
1323
-1186
1907
6637
1308
369
7918723
1592
-926
1344
6586
1193
81
7919748
2034
-672
979
6682
1569
63
7920773
2303
-309
877
5831
1826
489
7921798
2286
-63
853
4501
2031
1057
7922823
2030
44
756
3240
1903
1336
7923848
1720
47
521
2460
1613
1277
7924873
1443
-16
198
2320
1373
1120
7925898
1269
-10
-108
2590
1241
933
7926923
1262
140
-357
2910
1122
661
7927948
1488
405
-557
2919
931
180
7928973
1895
644
-730
2880
844
-222
7929998
2317
782
-886
2946
958
-347
7922817
2558
826
-1035
3052
1187
-325
7923842
2572
782
-1188
3208
1208
-384
7924867
2474
621
-1280
3139
1094
-190
7925892
2138
269
-1317
3091
1146
261
7926917
1420
-175
-1281
3237
1151
672
7927942
482
-584
-1131
3307
598
921
7928967
-370
-931
-943
3412
322
867
7929992
-934
-1217
-777
3641
432
704
7931017
-1170
-1389
-564
3902
416
689
7932042
-1215
-1448
-373
4186
384
688
7933067
-1160
-1387
-291
4352
383
722
7934092
-1200
-1298
-275
4308
620
754
7935117
-1411
-1204
-290
4222
535
764
7936142
-1583
-1083
-358
4120
484
814
7937167
-1647
-959
-400
4073
469
878
7938192
-1542
-824
-416
4124
401
938
7931008
-1180
-626
-376
4104
172
991
7932033
-732
-385
-244
3998
289
946
7933058
-502
-203
-141
3953
699
788
7934083
-521
-67
-47
3817
1001
650
7935108
-577
12
108
3674
1070
574
7936133
-611
14
195
3621
1022
513
7937158
-584
-16
243
3523
1005
530
7938183
-503
-91
272
3484
1171
651
7939208
-543
-200
343
3511
1470
775
7940233
-865
-354
501
3898
1730
941
7941258
-1392
-481
738
4446
1976
1033
7942283
-2057
-587
1025
5288
2203
1233
7943308
-2798
-705
1325
6968
2618
1162
7944333
-3277
-326
1563
7297
2352
348
7945358
-3027
400
1540
5976
1498
-405
7946383
-2245
1060
1109
4862
767
-778
7939200
-1384
1577
389
4377
51
-926
7940225
-527
1976
-468
4349
-325
-933
7941250
275
2272
-1244
4618
-125
-790
7942275
944
2518
-1819
4918
322
-695
7943300
1396
2749
-2189
4869
905
-538
7944325
1622
2750
-2355
4864
1392
-357
7945350
1637
2571
-2322
4919
1552
-301
7946375
1479
2344
-2179
4476
1324
-343
7947400
1234
2019
-2073
4057
1016
-434
7948425
986
1665
-2066
3991
809
-399
7949450
778
1341
-2117
4029
604
-461
7950475
642
1094
-2160
3794
542
-570
7951500
561
892
-2160
3580
606
-582
7952525
502
736
-2073
3343
604
-460
7953550
432
605
-1892
3096
595
-334
7954575
316
499
-1626
2891
604
-252
7947392
180
412
-1286
2647
637
-147
7948417
43
305
-890
2523
638
-7
7949442
-63
187
-451
2493
675
86
7950467
-76
82
-15
2404
623
128
7951492
145
-34
383
2499
505
91
7952517
655
-143
731
2672
455
30
7953542
1276
-256
1038
2845
631
31
7954567
1766
-374
1364
3054
1156
112
7955592
2084
-502
1737
3360
1695
246
7956617
2138
-640
2117
3555
2100
542
7957642
1890
-778
2441
3787
2577
707
7958667
1418
-823
2683
4009
2690
614
7959692
818
-772
2739
4111
2659
528
7960717
205
-735
2631
4200
2672
806
7961742
-311
-707
2409
4331
2551
1130
7962767
-461
-477
2114
4216
2010
869
7955585
190
-211
1827
4039
1314
501
7956610
1299
-72
1599
4431
1229
196
7957635
2354
109
1499
5269
1624
-89
7958660
3033
424
1535
5761
2248
-201
7959685
3139
700
1677
5383
2892
-99
7960710
2762
827
1789
4228
3119
307
7961735
2130
739
1720
3243
2959
889
7962760
1370
481
1428
2793
2600
1256
7963785
605
184
1017
2797
2108
1193
7964810
1
-16
603
2959
1765
815
7965835
-276
-73
208
3240
1597
447
7966860
-247
-43
-85
3619
1467
240
7967885
-1
47
-259
3963
1414
257
7968910
360
197
-361
4113
1357
282
7969935
778
297
-454
4130
1360
345
7970960
1089
317
-576
3867
1313
498
7963776
1154
246
-735
3417
1042
655
7964801
949
77
-882
3099
935
939
7965826
500
-111
-955
2958
1022
1168
7966851
-73
-260
-909
3064
903
1180
7967876
-594
-467
-733
4221
1079
1155
7968901
-1020
-410
-445
4715
1038
988
7969926
-1205
-163
-203
4035
405
702
7970951
-935
-150
-177
4331
142
443
7971976
-459
17
-271
4205
160
512
7973001
-125
122
-354
3946
329
707
7974026
36
133
-365
3830
591
768
7975051
57
137
-340
3672
776
689
7976076
-54
121
-271
3679
832
600
7977101
-184
115
-180
3748
834
522
7978126
-227
112
-95
3810
835
523
7979151
-169
95
-23
3893
827
497
7971968
-64
92
12
3900
881
445
7972993
33
113
29
3803
906
406
7974018
130
127
30
3672
974
381
7975043
166
122
26
3573
1044
384
7976068
141
88
43
3494
1105
445
7977093
55
22
91
3505
1174
499
7978118
-68
-41
147
3613
1160
473
7979143
-146
-72
194
3657
1140
435
7980168
-163
-95
223
3683
1134
436
7981193
-143
-110
231
3723
1136
470
7982218
-132
-116
212
3749
1146
507
7983243
-133
-122
182
3819
1160
490
7984268
-128
-118
153
3886
1161
469
7985293
-127
-106
126
3919
1173
525
7986318
-137
-84
98
3845
1169
593
7987343
-175
-75
63
3797
1092
607
7980168
-177
-57
17
3758
964
582
7981193
-94
-29
-34
3740
853
542
7982218
47
3
-79
3708
807
517
7983243
153
26
-78
3693
815
519
7984268
196
34
-43
3685
834
518
7985293
199
14
0
3719
870
527
7986318
152
-25
50
3755
899
548
7987343
91
-55
90
3755
917
545
7988368
63
-66
114
3794
872
499
7989393
93
-54
103
3815
866
481
7990418
136
-30
84
3823
909
508
7991443
152
0
70
3769
906
538
7992468
166
16
61
3742
927
532
7993493
184
26
62
3738
941
520
7994518
201
38
57
3716
925
497
7995543
226
46
35
3690
937
471
7988352
254
45
10
3675
961
474
7989377
268
40
-8
3697
985
443
7990402
268
33
-16
3713
991
392
7991427
272
13
-17
3747
1023
378
7992452
258
-18
-5
3767
1053
421
7993477
219
-56
17
3777
1074
467
7994502
180
-92
27
3790
1113
514
7995527
146
-103
27
3799
1126
546
7996552
107
-88
8
3792
1069
550
7997577
108
-57
-17
3764
1042
562
7998602
129
-36
-24
3774
1087
561
7999627
121
-26
-16
3807
1090
576
8000652
88
-23
-5
3793
1082
575
8001677
58
-27
4
3792
1082
551
8002702
38
-27
9
3780
1083
532
8003727
10
-24
5
3799
1077
520
7996544
-19
-10
-2
3821
1078
491
7997569
-41
0
-6
3799
1044
471
7998594
-44
-4
-9
3761
1015
475
7999619
-31
-17
-1
3774
1022
456
8000644
-24
-21
9
3789
1019
430
8001669
-27
-27
9
3804
1041
419
8002694
-49
-30
4
3822
1060
428
8003719
-79
-24
5
3815
1042
429
8004744
-90
-20
0
3775
1005
421
8005769
-79
-17
-9
3739
983
422
8006794
-63
-19
-18
3743
983
423
8007819
-59
-18
-12
3760
982
433
8008844
-54
-20
2
3774
983
436
8009869
-42
-18
7
3790
1004
427
8010894
-33
-10
6
3802
1026
428
8011919
-40
-2
-3
3803
1042
450
8004735
-53
8
-10
3816
1042
457
8005760
-63
20
-14
3815
1031
457
8006785
-65
32
-18
3807
996
428
8007810
-53
43
-25
3796
975
398
8008835
-33
49
-23
3780
957
405
8009860
-20
47
-14
3748
941
396
8010885
-12
38
-4
3731
933
351
8011910
-6
23
15
3753
946
347
8012935
-9
9
33
3773
943
366
8013960
-9
-1
37
3771
956
367
8014985
8
-16
40
3762
959
369
8016010
41
-25
41
3742
966
399
8017035
60
-22
38
3706
966
415
8018060
61
-28
32
3735
996
425
8019085
58
-24
43
3726
1003
416
8020110
57
-24
55
3713
1008
431
8012928
56
-33
65
3697
1041
459
8013953
49
-48
74
3711
1066
466
8014978
23
-56
84
3776
1090
455
8016003
11
-50
94
3813
1117
472
8017028
0
-38
94
3770
1098
487
8018053
14
-39
72
3762
1102
485
8019078
27
-40
48
3753
1122
494
8020103
23
-41
34
3773
1121
486
8021128
0
-31
30
3771
1125
471
8022153
-35
-19
28
3751
1078
444
8023178
-45
-19
21
3739
1048
436
8024203
-37
-25
13
3740
1032
426
8025228
-26
-31
11
3738
1017
401
8026253
-14
-36
5
3771
1001
387
8027278
-5
-35
-3
3812
989
368
8028303
-1
-34
-2
3804
1013
375
8021120
-17
-44
9
3799
1013
387
8022145
-50
-51
14
3778
1014
395
8023170
-82
-55
14
3776
989
395
8024195
-82
-52
2
3774
948
406
8025220
-60
-43
-15
3787
950
403
8026245
-47
-25
-20
3787
950
413
8027270
-39
-9
-19
3790
930
405
8028295
-20
4
-24
3802
919
362
8029320
1
12
-26
3819
931
346
8030345
10
15
-23
3819
930
363
8031370
8
12
-20
3811
925
351
8032395
4
7
-12
3798
923
352
8033420
-9
2
-1
3803
920
357
8034445
-25
5
6
3805
893
358
8035470
-4
7
7
3809
879
348
8036495
29
13
3
3811
876
325
8029312
43
15
4
3828
911
330
8030337
36
16
16
3812
900
347
8031362
56
3
27
3789
886
349
8032387
87
-12
35
3790
924
358
8033412
76
-16
44
3765
975
381
8034437
34
-16
47
3750
980
409
8035462
9
-14
46
3749
964
408
8036487
25
-13
41
3758
982
422
8037512
40
-6
36
3763
1013
437
8038537
38
4
28
3760
1023
446
8039562
29
12
21
3775
1040
442
8040587
28
20
12
3779
1048
443
8041612
28
26
-4
3774
1046
436
8042637
23
27
-16
3781
1042
427
8043662
3
27
-17
3774
1045
420
8044687
-26
22
-17
3781
1005
401
8037504
-34
21
-25
3792
967
383
8038529
-21
17
-33
3771
945
391
8039554
-4
4
-34
3779
965
393
8040579
-23
-4
-27
3770
953
385
8041604
-39
-8
-23
3761
937
385
8042629
-33
-7
-18
3764
912
368
8043654
-14
-6
-15
3770
909
365
8044679
-5
-13
-6
3779
929
387
8045704
-5
-20
6
3781
924
376
8046729
6
-25
6
3794
941
343
8047754
14
-23
2
3779
958
363
8048779
7
-22
-3
3768
956
403
8049804
-1
-23
-5
3780
949
399
8050829
10
-22
-1
3783
957
410
8051854
21
-17
10
3779
990
424
8052879
5
-11
13
3785
1011
433
8045697
-18
-9
2
3813
998
425
8046722
-28
3
-13
3830
1002
404
8047747
-35
16
-19
3830
981
408
8048772
-25
23
-19
3815
945
400
8049797
-5
24
-23
3778
932
388
8050822
12
22
-27
3777
933
373
8051847
13
23
-27
3759
938
359
8052872
1
19
-22
3774
939
350
8053897
2
18
-13
3789
913
355
8054922
31
8
-4
3790
936
358
8055947
50
-2
4
3802
972
363
8056972
52
-2
4
3797
977
381
8057997
48
-1
0
3783
1005
398
8059022
33
1
-2
3779
1007
422
8060047
18
6
-1
3757
981
421
8061072
20
12
-2
3756
976
413
8053887
33
15
-2
3774
985
414
8054912
35
13
-1
3772
987
402
8055937
30
7
2
3780
1002
391
8056962
22
2
7
3783
1000
378
8057987
17
-4
8
3779
1004
384
8059012
6
-9
9
3775
999
409
8060037
1
-15
16
3771
997
414
8061062
5
-16
21
3780
1029
417
8062087
1
-7
25
3795
1027
423
8063112
-8
-1
20
3799
1044
443
8064137
-20
10
11
3789
1036
417
8065162
-27
16
5
3789
1027
420
8066187
-35
16
5
3762
1012
428
8067212
-48
15
1
3748
972
411
8068237
-38
13
-2
3742
971
404
8069262
-24
12
6
3756
973
415
8062080
-17
13
11
3753
979
410
8063105
-12
11
9
3753
984
381
8064130
-4
9
3
3770
992
362
8065155
-1
7
-1
3776
1006
377
8066180
1
1
2
3758
998
380
8067205
7
-9
1
3749
990
366
8068230
12
-16
-4
3758
998
391
8069255
8
-14
-7
3754
997
411
8070280
8
-12
-9
3751
977
408
8071305
19
-13
-8
3759
988
408
8072330
29
-13
-4
3755
999
413
8073355
24
-16
1
3773
1017
413
8074380
11
-14
0
3789
1020
404
8075405
4
-9
-5
3779
994
394
8076430
10
-10
-9
3768
983
400
8077455
20
-12
-5
3772
980
408
8070272
28
-18
2
3773
983
405
8071297
29
-21
6
3777
993
396
8072322
25
-22
10
3778
998
405
8073347
21
-25
11
3786
1004
420
8074372
16
-23
13
3794
1011
427
8075397
17
-19
14
3797
1011
425
8076422
18
-14
12
3779
1009
430
8077447
17
-12
9
3777
1011
444
8078472
17
-9
9
3783
1011
437
8079497
19
-8
12
3787
1023
439
8080522
7
-3
17
3796
1026
440
8081547
-10
4
16
3797
1009
422
8082572
-10
6
13
3788
1007
413
8083597
-23
4
20
3759
1011
436
8084622
-47
-1
23
3771
966
416
8085647
-34
0
20
3768
953
398
8078464
4
1
20
3772
978
400
8079489
16
5
19
3773
1012
397
8080514
2
9
15
3770
1001
376
8081539
-2
6
7
3777
988
369
8082564
8
1
5
3768
989
383
8083589
11
-10
10
3779
1012
389
8084614
0
-16
11
3794
1036
406
8085639
-29
-13
4
3799
1029
405
8086664
-45
1
-6
3780
985
419
8087689
-30
8
-15
3755
946
418
8088714
-13
11
-17
3766
958
401
8089739
-16
12
-12
3764
954
385
8090764
-12
11
-9
3769
946
365
8091789
1
9
-8
3769
953
359
8092814
12
7
-7
3773
950
348
8093839
19
3
-7
3770
951
359
8086656
25
-3
-6
3782
958
365
8087681
40
-6
-4
3786
965
366
8088706
54
-7
-5
3780
997
378
8089731
47
-5
-6
3785
1010
397
8090756
31
-1
-8
3780
1009
406
8091781
23
2
-10
3773
1007
417
8092806
16
7
-9
3778
1001
420
8093831
10
14
-9
3771
999
414
8094856
11
17
-8
3774
1000
416
8095881
12
16
-10
3778
1005
402
8096906
11
14
-10
3791
1011
386
8097931
5
13
-7
3786
1007
392
8098956
-9
13
-4
3769
972
400
8099981
-2
7
-6
3758
956
389
8101006
15
-2
1
3764
1003
402
8102031
