Device = VHR-0009
time_stamp = 1777443252695
sample_rate = 50
Data format = INT16
TYPE = 6-AXIS IMU RAW DATA
10
-9
-10
3550
1284
294
12919937
4
-11
-6
3550
1276
300
12920962
4
-10
-4
3553
1269
303
12921987
13
-4
-5
3553
1265
291
12923012
22
-2
-8
3560
1269
299
12924037
21
-4
-8
3545
1281
316
12925062
4
-10
-5
3521
1275
326
12926087
-4
-16
1
3569
1273
313
12927112
5
-10
7
3584
1286
301
12928137
12
-2
8
3572
1281
310
12929162
11
1
4
3558
1290
323
12930187
5
1
-1
3555
1299
329
12931212
-2
-1
-1
3559
1286
319
12932237
-7
-1
5
3551
1276
316
12933262
-10
0
10
3539
1285
313
12934287
-10
2
12
3540
1284
305
12935312
-10
3
12
3541
1287
298
12928128
-14
2
10
3538
1296
294
12929153
-24
-4
10
3554
1308
278
12930178
-32
-9
12
3571
1309
278
12931203
-34
-11
12
3552
1298
284
12932228
-25
-15
7
3537
1287
289
12933253
-14
-17
-1
3546
1299
289
12934278
-8
-15
-7
3547
1313
293
12935303
-16
-15
-10
3544
1296
301
12936328
-23
-18
-17
3558
1295
306
12937353
-29
-22
-19
3563
1287
305
12938378
-27
-21
-16
3557
1275
308
12939403
-20
-18
-13
3550
1273
302
12940428
-22
-16
-10
3542
1271
320
12941453
-31
-15
-6
3545
1276
312
12942478
-34
-14
-4
3566
1265
302
12943503
-26
-13
0
3570
1268
310
12936320
-17
-12
3
3548
1267
333
12937345
-20
-14
4
3554
1273
324
12938370
-28
-13
4
3568
1279
308
12939395
-35
-8
7
3557
1268
320
12940420
-31
-2
6
3557
1256
307
12941445
-9
4
3
3558
1261
309
12942470
3
5
2
3561
1276
317
12943495
-5
2
3
3567
1288
310
12944520
-18
0
6
3564
1285
317
12945545
-19
1
8
3538
1270
318
12946570
-4
6
8
3535
1275
300
12947595
-4
7
9
3557
1307
293
12948620
-16
6
15
3538
1304
318
12949645
-35
0
17
3543
1290
312
12950670
-29
-4
14
3568
1295
295
12951695
-13
0
10
3568
1305
292
12944512
-4
2
5
3554
1309
305
12945537
-10
3
1
3536
1328
314
12946562
-25
-2
-1
3541
1306
314
12947587
-22
-3
-1
3545
1300
309
12948612
-16
-2
-2
3525
1299
309
12949637
-17
-1
-3
3529
1300
319
12950662
-23
-2
-5
3559
1313
313
12951687
-28
-2
-5
3556
1299
311
12952712
-21
-3
-6
3548
1283
312
12953737
-16
-4
-8
3536
1292
320
12954762
-20
-6
-9
3551
1300
318
12955787
-25
-5
-8
3553
1293
310
12956812
-25
-3
-7
3542
1288
305
12957837
-18
-4
-8
3543
1282
308
12958862
-8
-4
-9
3543
1287
317
12959887
-7
-5
-9
3533
1287
313
12952705
-16
-9
-8
3539
1292
313
12953730
-27
-11
-5
3558
1280
302
12954755
-23
-10
-3
3560
1269
307
12955780
-3
-6
-4
3540
1262
313
12956805
9
-8
-8
3536
1274
314
12957830
0
-10
-6
3554
1291
312
12958855
-19
-15
3
3556
1283
326
12959880
-22
-19
10
3546
1254
335
12960905
1
-17
8
3555
1258
310
12961930
23
-7
3
3567
1291
313
12962955
16
-1
5
3560
1294
335
12963980
0
-2
8
3540
1266
334
12965005
2
-3
10
3541
1265
342
12966030
17
-3
14
3557
1281
332
12967055
26
-1
16
3569
1299
326
12968080
17
1
14
3563
1305
337
12960896
7
0
10
3546
1291
346
12961921
8
3
6
3534
1282
333
12962946
16
3
5
3561
1301
328
12963971
18
5
11
3561
1314
344
12964996
9
5
13
3551
1301
334
12966021
9
6
9
3541
1305
334
12967046
8
9
7
3539
1318
331
12968071
2
10
6
3554
1315
325
12969096
-4
9
5
3553
1319
338
12970121
-6
6
5
3541
1304
327
12971146
-1
3
1
3534
1299
323
12972171
4
1
-6
3538
1306
331
12973196
1
0
-8
3532
1299
324
12974221
-10
-1
-9
3537
1305
322
12975246
-20
-3
-6
3535
1298
317
12976271
-22
-5
-4
3539
1286
314
12969088
-14
-8
-5
3554
1293
311
12970113
-10
-11
-7
3561
1295
326
12971138
-10
-12
-12
3554
1286
322
12972163
-13
-13
-17
3554
1284
326
12973188
-10
-12
-18
3550
1272
340
12974213
-10
-11
-14
3544
1269
336
12975238
-11
-12
-8
3536
1268
338
12976263
-17
-11
-1
3537
1273
341
12977288
-23
-12
3
3562
1268
329
12978313
-19
-10
5
3571
1254
336
12979338
-7
-6
4
3547
1258
328
12980363
1
-2
2
3548
1266
314
12981388
-4
-7
8
3576
1291
324
12982413
-20
-12
21
3536
1276
348
12983438
-32
-17
27
3501
1259
337
12984463
-26
-20
25
3550
1292
313
12977281
-19
-10
26
3584
1306
307
12978306
-16
1
26
3573
1304
313
12979331
-14
2
21
3535
1303
323
12980356
-16
-7
13
3540
1310
325
12981381
-19
-15
9
3566
1312
312
12982406
-19
-15
8
3569
1307
315
12983431
-6
-10
1
3545
1288
324
12984456
10
-2
-8
3526
1282
330
12985481
13
1
-15
3548
1311
343
12986506
0
0
-14
3574
1305
335
12987531
-9
1
-11
3571
1289
329
12988556
-6
1
-11
3571
1275
329
12989581
2
3
-10
3551
1272
332
12990606
5
4
-7
3531
1276
338
12991631
0
7
-2
3516
1281
328
12992656
-13
5
2
3545
1284
322
12985473
-23
4
8
3566
1283
327
12986498
-22
2
13
3558
1274
320
12987523
-10
1
13
3541
1276
321
12988548
1
2
8
3529
1287
332
12989573
-4
-1
6
3554
1292
319
12990598
-10
-1
6
3562
1289
323
12991623
-5
1
6
3554
1283
320
12992648
8
3
7
3543
1283
326
12993673
10
-1
10
3544
1294
330
12994698
-3
-5
13
3552
1300
331
12995723
-10
-6
16
3547
1293
323
12996748
-3
-6
16
3539
1282
325
12997773
8
-4
13
3548
1303
345
12998798
10
-4
13
3543
1303
348
12999823
3
-6
12
3524
1304
349
13000848
-5
-9
10
3534
1305
343
12993664
-6
-9
8
3540
1286
359
12994689
-7
-6
10
3542
1296
336
12995714
-4
-4
12
3561
1300
318
12996739
-7
-6
16
3559
1304
356
12997764
-12
-13
17
3526
1289
372
12998789
-10
-19
10
3548
1287
333
12999814
0
-14
5
3576
1302
329
13000839
2
-3
11
3564
1300
346
13001864
4
0
19
3536
1270
352
13002889
16
-7
24
3526
1270
345
13003914
25
-24
34
3527
1275
341
13004939
33
-42
50
3477
1243
354
13005964
46
-63
65
3472
1252
362
13006989
55
-85
86
3471
1252
394
13008014
54
-105
116
3468
1263
424
13009039
57
-125
156
3457
1265
432
13001856
74
-138
200
3427
1237
446
13002881
99
-146
238
3430
1260
461
13003906
107
-145
263
3462
1323
518
13004931
88
-140
284
3438
1374
568
13005956
61
-144
291
3448
1374
614
13006981
95
-145
289
3494
1354
595
13008006
130
-142
281
3495
1296
577
13009031
141
-128
257
3462
1404
607
13010056
71
-122
237
3498
1420
631
13011081
8
-101
207
3604
1351
609
13012106
23
-46
165
3626
1316
530
13013131
112
33
116
3319
1234
483
13014156
188
89
44
3123
1236
480
13015181
134
106
-22
3519
1383
424
13016206
-36
126
-32
4092
1493
287
13017231
-181
179
10
4334
1428
124
13010049
-147
235
31
4367
1265
0
13011074
27
273
-2
4215
1226
-62
13012099
204
252
-70
3825
1179
-2
13013124
331
207
-141
3364
1116
69
13014149
373
130
-187
3097
1154
91
13015174
309
62
-194
3086
1236
70
13016199
196
42
-150
3128
1234
13
13017224
117
47
-92
3204
1243
-15
13018249
90
57
-49
3336
1257
13
13019274
105
57
-27
3455
1220
31
13020299
164
44
-18
3509
1281
51
13021324
211
16
-5
3494
1344
105
13022349
224
-14
12
3461
1324
129
13023374
227
-26
17
3465
1359
159
13024399
206
-16
30
3450
1376
191
13025424
202
9
56
3386
1329
224
13018240
235
38
87
3374
1315
268
13019265
270
57
125
3433
1334
335
13020290
302
80
170
3425
1332
364
13021315
339
112
205
3437
1335
345
13022340
375
152
232
3477
1396
376
13023365
368
187
259
3555
1410
448
13024390
326
218
286
3726
1417
470
13025415
309
267
316
4023
1431
431
13026440
353
328
342
4498
1439
313
13027465
490
413
354
4710
1461
271
13028490
635
456
315
4780
1438
284
13029515
706
417
234
5135
1437
214
13030540
710
391
161
4830
1475
311
13031565
495
263
127
4010
1192
524
13032590
285
142
133
3355
625
690
13033615
194
139
152
3032
514
717
13026431
163
217
155
3075
657
535
13027456
363
337
142
3240
77
199
13028481
897
464
32
3582
-315
227
13029506
1273
503
-120
3888
54
512
13030531
1243
423
-133
3994
251
660
13031556
1050
318
-42
3907
345
657
13032581
789
238
98
3669
228
614
13033606
507
181
251
3444
210
533
13034631
330
172
375
3222
284
419
13035656
346
184
484
3139
146
395
13036681
506
216
542
3227
213
407
13037706
624
239
589
3292
205
427
13038731
653
226
653
3336
443
439
13039756
600
177
738
3406
632
467
13040781
519
111
812
3435
586
474
13041806
494
63
832
3395
620
472
13034624
482
19
825
3340
698
467
13035649
501
-16
818
3325
713
488
13036674
603
-44
805
3424
730
514
13037699
810
-65
776
3550
758
669
13038724
1072
-41
733
3624
892
842
13039749
1404
41
675
3637
1098
893
13040774
1818
174
609
3467
1169
777
13041799
2218
292
500
3459
1468
871
13042824
2204
334
391
3522
1890
1070
13043849
1771
290
300
3713
1985
1078
13044874
1220
237
210
3875
1927
879
13045899
775
192
124
4078
1780
662
13046924
527
174
39
4548
1818
515
13047949
400
188
15
4714
1980
510
13048974
224
166
27
4826
2146
470
13049999
-98
96
56
4796
2232
394
13043000
-517
19
50
4055
2179
348
13044025
-930
-104
-108
3659
2088
282
13045050
-1243
-205
-389
3682
2005
215
13046075
-1434
-261
-766
3736
1748
109
13047100
-1527
-295
-1196
3955
1440
0
13048125
-1579
-328
-1601
4284
1253
-16
13049150
-1596
-355
-1955
4577
1261
-10
13050175
-1534
-366
-2248
4737
1264
-43
13051200
-1396
-368
-2472
4749
1193
-56
13052225
-1176
-367
-2661
4672
1195
-6
13053250
-977
-384
-2792
4482
1133
7
13054275
-846
-413
-2879
4278
1017
-19
13055300
-750
-440
-2916
4136
997
-8
13056325
-741
-471
-2880
4026
1054
23
13057350
-832
-498
-2778
3910
1093
6
13058375
-956
-513
-2624
3723
1084
45
13051007
-1052
-505
-2420
3474
1048
111
13052032
-1135
-486
-2193
3289
1072
118
13053057
-1220
-467
-1945
3104
988
111
13054082
-1239
-446
-1692
2854
873
201
13055107
-1225
-424
-1451
2556
832
396
13056132
-1257
-385
-1205
2305
819
513
13057157
-1291
-350
-946
2388
824
487
13058182
-1280
-294
-647
2473
830
500
13059207
-1236
-241
-328
2595
840
515
13060232
-1116
-182
14
2684
791
455
13061257
-826
-135
369
2857
719
333
13062282
-378
-127
745
3401
758
347
13063307
39
-138
1192
3947
995
587
13064332
278
-161
1674
4395
1226
826
13065357
431
-186
2149
4934
1308
687
13066382
741
-204
2563
5102
1210
408
13059200
1174
-156
2840
4499
1264
546
13060225
1375
-157
2980
4205
1291
839
13061250
1452
-138
2984
4567
1287
941
13062275
1516
-60
2893
4967
1255
745
13063300
1557
57
2683
5161
1310
430
13064325
1618
227
2297
5057
1664
246
13065350
1733
327
1833
4614
1724
292
13066375
1874
348
1368
4169
1395
471
13067400
1990
343
978
3842
1101
738
13068425
1992
342
710
3510
1117
806
13069450
1888
344
580
3202
1341
651
13070475
1648
319
563
3008
1544
551
13071500
1327
295
625
2897
1570
504
13072525
1074
300
742
2949
1427
332
13073550
988
337
889
3092
1309
163
13074575
993
374
1046
3208
1462
255
13067392
876
379
1198
3202
1719
403
13068417
650
358
1331
3186
1419
373
13069442
611
346
1379
3323
1372
560
13070467
571
342
1379
3277
1703
776
13071492
416
297
1359
3133
1649
758
13072517
412
266
1267
3228
1482
677
13073542
547
282
1131
3570
1555
714
13074567
592
308
984
3942
1829
760
13075592
547
339
826
3858
1935
706
13076617
530
325
607
3967
1925
566
13077642
540
303
364
4315
1949
531
13078667
479
277
125
4743
2036
518
13079692
299
243
-73
5235
2235
417
13080717
-35
191
-217
5317
2499
282
13081742
-543
107
-369
4622
2552
226
13082767
-1123
-28
-649
4021
2240
131
13075583
-1462
-119
-1037
3685
1768
66
13076608
-1633
-183
-1496
4079
1572
66
13077633
-1945
-231
-1857
4627
1521
-39
13078658
-2291
-268
-2126
5021
1495
-251
13079683
-2447
-281
-2339
5297
1415
-401
13080708
-2383
-238
-2480
5128
1274
-422
13081733
-2172
-202
-2612
4720
1171
-330
13082758
-1909
-193
-2735
4529
1094
-284
13083783
-1682
-169
-2818
4425
1016
-322
13084808
-1496
-163
-2865
4322
958
-365
13085833
-1385
-185
-2874
4319
1022
-346
13086858
-1366
-197
-2839
4338
996
-391
13087883
-1342
-175
-2771
4228
908
-518
13088908
-1276
-164
-2680
4103
890
-607
13089933
-1248
-198
-2544
4082
981
-541
13090958
-1345
-245
-2375
3860
1038
-330
13083777
-1433
-257
-2209
3569
883
-340
13084802
-1338
-244
-2060
3328
681
-473
13085827
-1120
-255
-1926
3216
663
-461
13086852
-977
-283
-1773
3088
732
-336
13087877
-916
-323
-1605
3056
669
-212
13088902
-804
-332
-1407
3220
704
-177
13089927
-681
-332
-1151
3400
839
-144
13090952
-653
-372
-862
3346
942
3
13091977
-619
-483
-568
3762
956
186
13093002
-577
-664
-250
4711
1241
634
13094027
-920
-844
183
4837
1740
1230
13095052
-1797
-1024
641
3062
1641
1721
13096077
-2764
-1241
915
2057
1261
2293
13097102
-3273
-1381
1063
2780
954
2073
13098127
-2869
-1331
1226
3732
387
1424
13099152
-1798
-1166
1432
4047
143
1150
13091968
-675
-1062
1675
4167
123
1248
13092993
207
-977
1885
4467
472
1583
13094018
809
-826
2034
4541
882
1581
13095043
1204
-673
2152
4342
1046
1337
13096068
1383
-572
2227
3949
1180
1254
13097093
1304
-549
2261
3626
1255
1405
13098118
1018
-557
2250
3517
1350
1697
13099143
630
-517
2222
3390
1386
1433
13100168
337
-467
2183
3237
1374
1008
13101193
109
-461
2139
3237
1532
853
13102218
-213
-505
2100
3422
1541
968
13103243
-461
-522
2039
3601
1392
1003
13104268
-505
-501
1954
3688
1463
1033
13105293
-465
-488
1877
3643
1647
1124
13106318
-357
-478
1771
3573
1694
1197
13107343
-331
-474
1631
3483
1680
1263
13100160
-335
-443
1411
3380
1574
1397
13101185
-376
-372
1107
3346
1795
1708
13102210
-469
-284
761
3360
2009
1847
13103235
-492
-213
424
3446
2084
1806
13104260
-361
-121
111
3531
1909
1707
13105285
-83
-5
-200
3924
1822
1477
13106310
191
109
-480
4612
1763
1325
13107335
363
246
-700
5098
1987
1253
13108360
247
307
-828
5338
2242
1024
13109385
-50
314
-855
5365
2275
718
13110410
-374
309
-873
4925
2223
600
13111435
-757
264
-960
4220
2085
505
13112460
-1093
183
-1146
3851
1793
341
13113485
-1263
101
-1418
4145
1631
213
13114510
-1390
35
-1692
4942
1633
53
13115535
-1530
16
-1922
5307
1441
-182
13108352
-1517
-2
-2181
5294
1206
-399
13109377
-1362
-58
-2440
5252
1233
-467
13110402
-1265
-164
-2669
5295
1307
-459
13111427
-1275
-274
-2842
5002
1190
-475
13112452
-1263
-377
-2992
4500
1030
-475
13113477
-1262
-502
-3117
4223
1099
-402
13114502
-1389
-636
-3194
4164
1159
-269
13115527
-1534
-717
-3234
4196
1019
-335
13116552
-1561
-719
-3232
4061
868
-509
13117577
-1511
-733
-3196
3913
864
-629
13118602
-1502
-794
-3093
3954
928
-646
13119627
-1580
-864
-2925
3947
905
-503
13120652
-1628
-881
-2734
3764
836
-383
13121677
-1557
-842
-2516
3424
734
-440
13122702
-1350
-811
-2284
2982
627
-477
13123727
-1110
-834
-2054
2603
697
-209
13116544
-1056
-888
-1806
2438
859
118
13117569
-1056
-902
-1496
2526
817
259
13118594
-806
-862
-1177
2740
738
239
13119619
-418
-791
-839
2836
992
379
13120644
-431
-775
-483
2838
1585
642
13121669
-892
-835
-24
3000
1746
943
13122694
-1093
-849
482
3243
1275
1227
13123719
-771
-840
940
3732
1297
1199
13124744
-413
-859
1438
4175
1644
913
13125769
-186
-920
1905
3867
1337
1140
13126794
100
-972
2194
3577
1236
1927
13127819
98
-933
2363
3490
1637
2621
13128844
-297
-862
2470
3876
1485
2339
13129869
-405
-736
2503
4463
1242
1606
13130894
-81
-587
2508
4788
1231
1111
13131919
331
-529
2498
4930
1333
1009
13124736
652
-443
2461
4633
1370
1096
13125761
856
-369
2364
4270
1363
1012
13126786
984
-324
2227
3959
1342
893
13127811
971
-317
2088
3669
1416
893
13128836
748
-359
1977
3459
1535
1010
13129861
421
-415
1893
3312
1458
956
13130886
297
-402
1814
3222
1256
543
13131911
440
-353
1723
3202
1301
370
13132936
556
-346
1681
3337
1526
401
13133961
571
-357
1679
3441
1556
460
13134986
537
-369
1643
3447
1665
470
13136011
453
-400
1624
3394
1644
498
13137036
318
-423
1555
3337
1905
543
13138061
19
-514
1476
3450
1841
720
13139086
-95
-543
1352
3441
1652
797
13140111
63
-501
1179
3448
1648
745
13132930
293
-442
990
3530
1835
854
13133955
426
-395
800
3658
2084
1063
13134980
446
-352
555
3906
2155
1073
13136005
463
-300
245
4273
2099
1023
13137030
424
-256
-79
4675
2181
1130
13138055
242
-235
-372
5185
2104
1100
13139080
91
-147
-616
5351
2146
974
13140105
-123
-89
-844
5724
2360
808
13141130
-436
-34
-1017
5487
2256
718
13142155
-675
39
-1226
4238
1824
707
13143180
-795
49
-1564
3636
1342
674
13144205
-807
53
-1967
4047
1251
634
13145230
-875
50
-2291
4765
1326
551
13146255
-963
36
-2564
5470
1282
356
13147280
-944
69
-2771
5588
1180
150
13148305
-811
99
-2920
5146
1128
148
13141119
-693
58
-3010
4794
1049
250
13142144
-544
72
-3058
4511
930
253
13143169
-375
114
-3072
4324
964
174
13144194
-234
128
-3030
4095
923
193
13145219
-10
140
-2960
3912
843
299
13146244
209
200
-2868
3819
953
183
13147269
279
221
-2745
3651
962
62
13148294
265
195
-2585
3477
915
46
13149319
252
159
-2406
3325
935
262
13150344
142
143
-2235
3160
976
380
13151369
-29
157
-2032
2894
860
256
13152394
-123
157
-1821
2612
797
214
13153419
-204
136
-1603
2412
850
401
13154444
-381
137
-1383
2286
856
654
13155469
-592
196
-1140
2179
792
649
13156494
-719
273
-851
2185
674
516
13149313
-741
337
-486
2355
639
502
13150338
-741
407
-40
2525
766
634
13151363
-693
489
461
2587
716
539
13152388
-341
533
1018
2900
595
308
13153413
330
529
1657
3837
798
164
13154438
1011
513
2400
4893
1188
131
13155463
1543
453
3152
5292
1484
198
13156488
2052
450
3760
5047
1616
316
13157513
2583
454
4268
5004
1650
451
13158538
2971
494
4619
5546
1909
686
13159563
2929
596
4786
6159
2262
1010
13160588
2527
712
4738
6579
2099
763
13161613
2396
875
4382
6151
1868
-122
13162638
2579
985
3718
4947
2151
-434
13163663
2421
897
2808
3809
2381
-204
13164688
2062
594
1896
3486
897
59
13157504
1888
395
1176
3880
74
501
13158529
1701
377
816
3848
708
703
13159554
1435
379
671
3529
922
371
13160579
1443
440
541
3382
1384
-65
13161604
1644
510
442
3393
2108
-341
13162629
1686
521
458
3275
2092
-553
13163654
1775
481
531
3337
1592
-643
13164679
2004
492
671
3246
1315
-493
13165704
2128
511
807
3105
1246
-252
13166729
2117
503
908
3040
1310
-182
13167754
2063
449
981
3037
1491
-182
13168779
1948
346
1028
3030
1654
-42
13169804
1807
201
1022
3061
1654
173
13170829
1777
52
925
3234
1409
343
13171854
1987
-15
772
3384
1294
335
13172879
2279
-67
585
3493
1408
328
13165695
2419
-138
355
3868
1718
471
13166720
2329
-208
139
4445
2085
704
13167745
1983
-293
-72
5607
2387
837
13168770
1442
-397
-242
6709
2649
760
13169795
937
-429
-351
5509
2494
764
13170820
637
-461
-655
3375
1866
880
13171845
428
-566
-1230
2654
1421
1192
13172870
138
-703
-1846
3570
1390
1488
13173895
-185
-764
-2271
4788
1355
1388
13174920
-368
-739
-2625
5461
1282
1091
13175945
-480
-701
-2930
5503
1385
963
13176970
-716
-637
-3110
5042
1413
814
13177995
-864
-545
-3165
4416
1275
528
13179020
-815
-500
-3135
3957
1319
465
13180045
-887
-547
-3072
4128
1592
795
13181070
-1144
-518
-2947
4150
1308
858
13173897
-1266
-406
-2819
4122
865
640
13174922
-1200
-276
-2643
4182
901
508
13175947
-1234
-152
-2387
4044
1142
499
13176972
-1326
-52
-2081
3784
1054
482
13177997
-1231
68
-1805
3520
928
513
13179022
-1029
185
-1554
3327
947
572
13180047
-931
268
-1311
3188
853
533
13181072
-817
333
-1075
3047
632
446
13182097
-541
386
-844
2893
556
467
13183122
-239
410
-617
2755
658
642
13184147
-103
427
-382
2591
691
772
13185172
-9
444
-128
2470
494
755
13186197
248
480
162
2472
468
743
13187222
547
528
518
2537
629
958
13188247
696
605
932
2717
789
1075
13189272
914
734
1367
2789
828
757
13182158
1390
869
1724
2857
1135
519
13183183
1899
980
2047
3111
1329
530
13184208
2297
1126
2377
3599
1300
407
13185233
2789
1284
2699
4783
1465
-193
13186258
3417
1492
3066
6293
1919
-954
13187283
3967
1718
3391
7069
2507
-1404
13188308
4425
1882
3604
6264
2779
-1308
13189333
4890
1905
3536
5109
2612
-850
13190358
5185
1897
3231
4248
2395
-411
13191383
5235
1893
2784
3669
1830
-208
13192408
5346
1970
2156
3819
1398
-191
13193433
5230
2042
1610
4228
1166
-427
13194458
4940
2019
1122
4555
898
-883
13195483
4759
1903
684
4822
839
-1265
13196508
4481
1702
367
4576
1079
-1287
13197533
3952
1461
196
4002
1042
-1145
13190271
3424
1305
93
3522
810
-1102
13191296
2970
1166
69
3042
844
-977
13192321
2434
1014
104
2665
1056
-845
13193346
1960
850
138
2616
1094
-811
13194371
1691
717
195
2777
1015
-873
13195396
1599
605
277
2887
949
-882
13196421
1560
476
369
2914
835
-749
13197446
1560
353
475
2901
738
-612
13198471
1613
245
588
2872
799
-473
13199496
1648
132
720
2895
971
-341
13200521
1637
13
873
2914
1127
-202
13201546
1646
-118
1003
3071
1173
-12
13202571
1638
-189
1116
3353
1328
119
13203596
1527
-225
1233
3664
1456
129
13204621
1372
-302
1330
3980
1588
441
13205646
1307
-360
1382
4336
1606
834
13198464
1403
-301
1391
4657
1617
820
13199489
1614
-245
1383
5374
1930
816
13200514
1633
-200
1356
6021
2569
1039
13201539
1490
-144
1361
5710
2613
1246
13202564
1509
-68
1244
5103
2475
1327
13203589
1478
13
1008
4442
2628
1445
13204614
1199
63
705
3567
2738
1517
13205639
735
38
281
2972
2510
1368
13206664
374
-19
-263
3026
1991
1209
13207689
209
-44
-790
3508
1677
1122
13208714
24
-48
-1201
3969
1664
988
13209739
-233
-84
-1524
4321
1746
728
13210764
-407
-135
-1788
4504
1715
535
13211789
-484
-167
-2016
4302
1561
418
13212814
-540
-200
-2250
4029
1348
320
13213839
-572
-241
-2452
3945
1240
255
13206656
-592
-275
-2594
3997
1176
211
13207681
-575
-285
-2686
4028
1141
199
13208706
-544
-267
-2723
3981
1169
166
13209731
-560
-250
-2707
3849
1247
83
13210756
-605
-249
-2652
3723
1245
14
13211781
-650
-243
-2550
3563
1163
23
13212806
-655
-226
-2426
3387
1077
102
13213831
-619
-183
-2285
3176
1041
126
13214856
-574
-137
-2113
2922
964
53
13215881
-528
-117
-1913
2719
944
12
13216906
-502
-115
-1685
2635
997
120
13217931
-551
-112
-1436
2620
1067
316
13218956
-615
-81
-1158
2722
985
384
13219981
-560
-25
-837
2986
921
276
13221006
-465
29
-462
3176
1107
253
13222031
-495
57
-55
3217
1283
370
13214848
-517
57
350
3518
1207
498
13215873
-356
87
756
4170
1098
595
13216898
-127
142
1195
4487
1183
538
13217923
47
172
1588
4690
1136
475
13218948
287
147
1959
4985
860
536
13219973
580
183
2297
4614
929
732
13220998
750
197
2450
4102
1348
1040
13222023
745
188
2492
3795
1228
1268
13223048
776
202
2433
4098
957
1134
13224073
902
256
2270
4847
1001
709
13225098
997
328
2032
5184
1069
399
13226123
1077
392
1775
4728
904
258
13227148
1214
412
1541
4238
897
240
13228173
1292
378
1372
3799
1040
430
13229198
1203
327
1296
3353
1105
597
13230223
1097
294
1272
2997
1195
590
13223040
1003
264
1272
2879
1311
433
13224065
843
208
1292
3006
1211
328
13225090
696
189
1312
3098
1241
204
13226115
532
172
1314
3020
1367
123
13227140
372
112
1301
3086
1220
99
13228165
408
84
1270
3242
1312
192
13229190
465
66
1216
3289
1503
294
13230215
485
26
1176
3141
1402
337
13231240
596
-10
1088
3054
1492
415
13232265
678
-44
971
3038
1565
495
13233290
709
-64
829
3038
1558
542
13234315
746
-83
668
3259
1664
619
13235340
744
-98
500
3601
1826
738
13236365
691
-108
316
3841
1868
812
13237390
612
-111
115
3989
1829
759
13238415
536
-145
-94
4213
1748
770
13231231
474
-156
-292
4406
1677
752
13232256
473
-127
-489
4702
1675
677
13233281
514
-78
-630
4841
1801
533
13234306
469
-75
-716
5143
1943
448
13235331
151
-129
-737
5318
2122
497
13236356
-405
-203
-704
4796
2023
536
13237381
-891
-261
-740
3894
1742
499
13238406
-1152
-318
-916
3425
1445
416
13239431
-1248
-377
-1210
3796
1387
440
13240456
-1380
-410
-1489
4466
1398
426
13241481
-1555
-406
-1707
4940
1327
297
13242506
-1676
-376
-1891
5284
1372
139
13243531
-1654
-324
-2026
5140
1288
14
13244556
-1436
-274
-2166
4765
1127
-68
13245581
-1100
-243
-2319
4376
1030
-50
13246606
-811
-262
-2462
4017
958
54
13239424
-646
-302
-2592
3793
917
158
13240449
-564
-339
-2686
3689
895
194
13241474
-519
-343
-2729
3588
940
113
13242499
-503
-342
-2721
3476
965
22
13243524
-530
-349
-2662
3419
993
-44
13244549
-601
-362
-2549
3385
994
2
13245574
-691
-368
-2392
3291
974
131
13246599
-842
-337
-2185
3053
980
159
13247624
-988
-294
-1916
2770
892
128
13248649
-1083
-261
-1612
2485
969
305
13249674
-1261
-233
-1295
2328
1023
632
13250699
-1433
-159
-958
2132
928
728
13251724
-1427
-86
-594
2045
935
722
13252749
-1392
-80
-172
2370
940
696
13253774
-1281
-62
282
2527
837
701
13254799
-985
-39
712
2641
683
744
13247616
-527
-22
1165
3128
513
642
13248641
42
12
1669
3727
755
586
13249666
480
47
2175
3858
1154
620
13250691
761
17
2664
4268
1150
590
13251716
1065
-39
3132
4935
1156
581
13252741
1296
-4
3450
5136
1371
737
13253766
1269
32
3599
4857
1441
842
13254791
1251
65
3574
4979
1337
604
13255816
1478
142
3384
5571
1307
90
13256841
1858
253
3051
5770
1424
-205
13257866
2175
315
2541
5552
1700
-76
13258891
2250
284
2000
5053
1486
73
13259916
2225
201
1526
4565
925
257
13260941
2084
129
1140
4166
912
548
13261966
1743
67
910
3732
1217
649
13262991
1304
27
827
3351
1427
473
13255948
960
18
813
3127
1540
243
13256973
740
14
832
3001
1703
30
13257998
560
-6
909
2923
1640
-112
13259023
540
-24
1029
2936
1516
-96
13260048
611
-40
1155
3074
1684
75
13261073
451
-52
1310
3040
1600
147
13262098
297
-81
1398
2790
1585
311
13263123
246
-171
1365
2841
1749
548
13264148
89
-266
1260
2900
1831
633
13265173
-88
-367
1079
2904
1646
697
13266198
-216
-436
804
3049
1715
815
13267223
-393
-486
478
3251
1654
827
13268248
-437
-510
89
3519
1388
741
13269273
-234
-485
-307
3558
1036
705
13270298
68
-444
-646
3620
800
739
13271323
336
-392
-917
3912
759
897
13264000
485
-304
-1049
4040
690
905
13265025
673
-214
-1090
4604
740
759
13266050
842
-165
-1095
6629
1142
730
13267075
747
-90
-1009
7549
1544
495
13268100
526
87
-923
5326
1067
611
13269125
330
106
-1011
3713
575
859
13270150
217
29
-1237
3993
409
903
13271175
101
27
-1483
4587
484
951
13272200
-14
29
-1736
5083
729
780
13273225
-117
20
-1981
5329
856
564
13274250
-133
10
-2218
5098
770
548
13275275
-33
30
-2456
4446
618
688
13276300
146
48
-2691
3995
573
860
13277325
287
85
-2855
3789
646
889
13278350
339
125
-2930
3839
781
756
13279375
301
176
-2922
4100
992
627
13272191
181
258
-2808
4137
991
493
13273216
96
350
-2632
3918
897
321
13274241
34
407
-2397
3659
900
252
13275266
-71
452
-2096
3479
893
404
13276291
-224
510
-1762
3360
924
651
13277316
-381
624
-1400
3110
820
533
13278341
-316
737
-1041
2799
596
301
13279366
-43
801
-695
2574
597
221
13280391
224
821
-352
2439
622
384
13281416
380
842
-37
2438
658
621
13282441
519
907
267
2463
602
552
13283466
761
989
556
2620
643
354
13284491
996
1073
861
2976
803
379
13285516
1153
1193
1214
3597
869
412
13286541
1435
1371
1658
4681
847
15
13287566
1996
1624
2176
5342
998
-627
13280383
2781
1798
2595
4879
1251
-845
13281408
3494
1850
2852
4708
1446
-534
13282433
3980
1886
3000
5208
1643
-222
13283458
4297
2011
2951
5119
1770
-77
13284483
4460
2082
2717
4640
1510
-52
13285508
4591
2105
2371
4464
1369
-107
13286533
4531
2113
1957
4387
1316
-165
13287558
4207
2039
1523
4238
987
-228
13288583
3882
1953
1153
4163
609
-363
13289608
3733
1928
868
3968
679
-532
13290633
3623
1909
667
3837
1041
-672
13291658
3410
1867
578
3962
1206
-798
13292683
3269
1858
562
3996
1258
-1033
13293708
3198
1820
567
3882
1337
-1165
13294733
3075
1721
602
3750
1344
-1145
13295758
2897
1591
665
3589
1298
-985
13288576
2682
1443
729
3343
1173
-825
13289601
2462
1286
799
3089
1058
-730
13290626
2254
1124
867
2931
1092
-585
13291651
2011
961
945
2886
1161
-418
13292676
1799
829
1047
3018
1063
-432
13293701
1748
716
1159
3405
982
-620
13294726
1858
612
1299
3740
1031
-743
13295751
2075
517
1454
3734
1197
-645
13296776
2313
420
1599
3755
1306
-376
13297801
2615
352
1699
4010
1394
-124
13298826
2844
356
1757
4128
1623
-38
13299851
2853
351
1799
4124
1637
-109
13300876
2761
287
1735
4587
2038
-12
13301901
2402
215
1679
4752
2468
220
13302926
2000
125
1622
4499
2431
355
13303951
1764
17
1465
4601
2511
400
13296768
1540
-73
1318
4277
2754
516
13297793
1285
-172
1100
3299
2885
656
13298818
999
-331
714
2375
2709
747
13299843
643
-533
176
2350
2282
817
13300868
324
-694
-359
3234
1865
807
13301893
32
-797
-771
4216
1937
713
13302918
-349
-878
-1098
4666
2223
591
13303943
-753
-1014
-1410
4794
2235
484
13304968
-1193
-1146
-1711
4822
2106
504
13305993
-1668
-1217
-1961
4658
1914
592
13307018
-2073
-1236
-2184
4349
1638
636
13308043
-2344
-1177
-2384
4178
1407
554
13309068
-2476
-1062
-2551
4149
1374
419
13310093
-2523
-933
-2664
4137
1253
373
13311118
-2417
-764
-2724
4180
1267
399
13312143
-2109
-577
-2777
4197
1263
349
13304960
-1573
-389
-2774
4129
1009
261
13305985
-961
-220
-2736
3902
1024
259
13307010
-578
-135
-2646
3610
1154
324
13308035
-469
-110
-2494
3409
1182
434
13309060
-478
-79
-2302
3313
1206
434
13310085
-522
-32
-2072
3079
1177
368
13311110
-564
-6
-1822
2923
1110
455
13312135
-538
45
-1566
3071
1072
343
13313160
-346
124
-1288
3096
850
12
13314185
-6
175
-1026
2759
645
-175
13315210
290
192
-766
2556
527
-15
13316235
437
244
-488
2550
735
434
13317260
433
303
-112
2529
886
716
13318285
380
347
333
2652
993
705
13319310
407
381
827
3026
1267
653
13320335
429
383
1367
3907
1515
630
13313152
480
402
1973
4859
1414
384
13314177
748
461
2578
5384
1339
76
13315202
1108
445
3106
5657
1522
79
13316227
1352
441
3511
5313
1751
565
13317252
1414
466
3722
4658
1810
1024
13318277
1395
528
3714
4119
1701
1185
13319302
1329
602
3519
4143
1589
993
13320327
1229
718
3154
4486
1512
490
13321352
1176
797
2648
4721
1404
-87
13322377
1285
800
2016
4793
1180
-319
13323402
1562
812
1371
4418
783
-196
13324427
1915
776
792
4251
395
114
13325452
2076
735
392
4118
584
325
13326477
1958
701
184
3757
914
286
13327502
1715
663
130
3389
1137
115
13328527
1531
619
164
3090
1142
-108
13321343
1379
557
236
3011
1251
-248
13322368
1164
476
362
2936
1276
-291
13323393
1000
411
546
2724
1125
-289
13324418
867
331
721
2634
1178
-135
13325443
622
215
868
2815
1050
56
13326468
375
133
991
2969
807
44
13327493
244
81
1038
2964
984
-38
13328518
116
-53
1029
3084
1246
86
13329543
-44
-213
984
3295
1285
235
13330568
-77
-317
876
3537
1094
256
13331593
20
-369
737
3589
1101
346
13332618
55
-463
575
3527
1323
629
13333643
-40
-519
415
3557
1230
762
13334668
-78
-513
217
3521
1129
827
13335693
-98
-502
19
3477
1294
957
13336718
-260
-500
-160
3761
1391
988
13329537
-404
-445
-284
3913
1310
874
13330562
-351
-353
-383
3798
1338
770
13331587
-191
-281
-442
3769
1482
778
13332612
-53
-237
-464
4152
1563
779
13333637
40
-185
-446
4609
1590
695
13334662
29
-156
-422
4921
1692
687
13335687
-167
-183
-436
5475
1917
763
13336712
-509
-163
-483
5092
1891
782
13337737
-713
-135
-618
4195
1499
613
13338762
-648
-127
-923
4226
1433
472
13339787
-618
-106
-1255
4655
1518
468
13340812
-735
-110
-1575
5115
1429
423
13341837
-850
-101
-1891
5396
1330
212
13342862
-918
-75
-2182
5364
1330
2
13343887
-946
-69
-2433
5032
1450
-131
13344912
-893
-122
-2671
4742
1532
-232
13337728
-744
-221
-2901
4512
1373
-161
13338753
-611
-317
-3100
4297
1198
-63
13339778
-485
-343
-3277
4025
1347
-167
13340803
-363
-399
-3425
3836
1400
-258
13341828
-402
-492
-3499
3738
1606
-342
13342853
-620
-589
-3468
3643
1584
-370
13343878
-864
-659
-3362
3499
1489
-344
13344903
-1094
-678
-3196
3338
1588
-328
13345928
-1294
-674
-2937
3104
1532
-375
13346953
-1373
-661
-2623
2749
1407
-333
13347978
-1345
-646
-2322
2394
1420
-93
13349003
-1345
-620
-2010
2116
1343
49
13350028
-1302
-575
-1679
1843
1108
115
13351053
-1200
-533
-1361
1565
1046
216
13352078
-1159
-521
-1023
1275
1049
366
13353103
-1211
-547
-675
1321
1102
554
13345920
-1352
-561
-267
1550
1175
833
13346945
-1574
-555
180
1743
1210
924
13347970
-1664
-565
651
1803
1097
772
13348995
-1550
-619
1142
2054
1055
751
13350020
-1353
-737
1733
2834
1100
883
13351045
-1139
-878
2407
3637
1198
920
13352070
-746
-985
3037
4274
1322
816
13353095
-112
-1117
3651
5018
1255
712
13354120
685
-1169
4193
5601
1097
987
13355145
1433
-1044
4519
5850
1275
1283
13356170
2021
-829
4657
5967
1228
1124
13357195
2713
-514
4558
6162
1154
778
13358220
3415
-107
4227
6016
1573
296
13359245
3752
263
3621
5444
2253
331
13360270
3386
462
2780
4829
2674
550
13361295
2776
430
1971
4415
1353
316
13354112
2448
340
1235
4695
56
356
13355137
2204
336
727
4660
581
676
13356162
1675
287
477
4166
971
518
13357187
1308
293
326
3828
1219
232
13358212
1358
387
293
3571
1755
34
13359237
1401
444
334
3093
2273
-21
13360262
1200
351
410
2908
2065
-79
13361287
1154
268
584
2743
1686
-41
13362312
1070
215
768
2672
1440
96
13363337
930
190
962
2562
1158
118
13364362
900
179
1089
2441
1254
40
13365387
828
122
1177
2538
1480
41
13366412
645
18
1235
2834
1593
148
13367437
465
-90
1228
2999
1672
209
13368462
297
-209
1122
2912
1562
220
13369487
210
-343
902
3102
1397
269
13362305
170
-460
615
3524
1348
416
13363330
66
-568
307
3769
1056
630
13364355
-8
-642
13
3954
495
643
13365380
117
-623
-267
3946
258
658
13366405
312
-560
-513
4043
420
774
13367430
433
-482
-634
4085
475
831
13368455
778
-399
-719
4227
348
880
13369480
1258
-310
-747
4731
498
775
13370505
1612
-210
-609
4972
653
714
13371530
1713
-192
-511
5775
1283
659
13372555
1539
-71
-360
5383
1073
825
13373580
1226
105
-314
3649
604
1198
13374605
834
55
-530
3167
550
1249
13375630
645
-64
-837
3931
-345
918
13376655
1177
15
-1179
5110
-1354
837
13377680
1844
239
-1472
5647
-1105
1187
13370495
2064
325
-1626
5581
-359
1490
13371520
1947
299
-1613
5139
-493
1338
13372545
1928
256
-1539
4270
-1035
1045
13373570
1984
224
-1473
3639
-989
850
13374595
1894
181
-1355
3543
-759
732
13375620
1806
140
-1245
3744
-749
542
13376645
1866
143
-1186
3699
-713
499
13377670
1803
164
-1137
3360
-338
473
13378695
1605
136
-1105
3353
134
387
13379720
1391
124
-1062
3484
386
192
13380745
1265
168
-1017
3480
512
47
13381770
1164
253
-938
3356
635
38
13382795
1007
324
-822
3307
782
162
13383820
817
444
-675
3291
938
88
13384845
795
591
-529
3337
991
-130
13385870
1035
751
-363
3467
1007
-367
13378688
1424
912
-185
3460
1136
-508
13379713
1786
1019
-45
3323
1296
-449
13380738
2059
1079
56
3205
1571
-386
13381763
2270
1116
142
3164
1728
-392
13382788
2420
1120
219
3032
1667
-368
13383813
2451
1089
255
2984
1685
-294
13384838
2379
1056
310
3084
1749
-253
13385863
2260
1041
401
3169
1784
-320
13386888
2132
1026
504
3224
1767
-469
13387913
2043
1020
603
3392
1701
-544
13388938
2017
1028
704
3618
1611
-523
13389963
2036
1067
782
3664
1607
-504
13390988
2107
1070
802
3695
1714
-553
13392013
2165
1064
824
4260
1661
-560
13393038
2320
1060
882
5405
1314
-851
13394063
2659
1135
978
5709
1018
-1107
13386880
2844
1145
1023
5049
1284
-782
13387905
2591
978
1038
4554
1169
-190
13388930
2156
823
1045
3786
724
438
13389955
1747
674
905
3512
631
729
13390980
1547
571
713
3735
239
319
13392005
1735
532
488
4058
-206
-186
13393030
2061
520
285
4228
-185
-195
13394055
2250
524
153
4050
84
23
13395080
2281
525
113
3744
237
52
13396105
2274
519
130
3481
314
-14
13397130
2226
497
161
3174
358
-44
13398155
2121
437
190
3022
283
-10
13399180
2018
372
241
3062
252
31
13400205
1964
323
296
3153
363
-5
13401230
1992
283
333
3211
504
-23
13402255
2065
223
370
3390
444
80
13395109
2061
194
410
3458
484
96
13396134
1986
154
446
3445
658
155
13397159
1864
96
493
3475
832
293
13398184
1692
61
551
3312
863
368
13399209
1510
32
598
3079
889
373
13400234
1346
6
618
2968
1034
390
13401259
1176
-33
634
2989
1068
469
13402284
1053
-76
641
3200
955
560
13403309
1076
-61
624
3323
997
487
13404334
1139
-39
585
3347
1248
465
13405359
1124
-48
550
3352
1465
555
13406384
1086
-75
489
3365
1416
628
13407409
1210
-68
380
3467
1243
464
13408434
1460
-69
232
3944
1320
332
13409459
1533
-64
90
4363
1621
578
13410484
1433
-57
-19
4451
1711
734
13403265
1393
-61
-119
4340
1556
658
13404290
1422
-55
-220
4488
1615
634
13405315
1316
-61
-255
4847
1970
650
13406340
926
-79
-197
4707
2124
665
13407365
413
-126
-184
4622
2019
589
13408390
73
-152
-233
4451
1734
480
13409415
-40
-188
-409
4060
1636
391
13410440
-12
-233
-741
3753
1467
417
13411465
114
-277
-1198
3812
1265
584
13412490
109
-320
-1637
4354
1145
709
13413515
-110
-340
-1960
4977
1095
689
13414540
-385
-333
-2186
5500
1234
547
13415565
-611
-349
-2396
5742
1418
357
13416590
-754
-331
-2535
5214
1168
171
13417615
-672
-315
-2670
4595
1088
213
13418640
-597
-341
-2782
4279
1287
370
13411456
-629
-357
-2850
4137
1211
445
13412481
-553
-317
-2887
3979
1019
365
13413506
-374
-251
-2891
3706
1050
255
13414531
-275
-214
-2882
3572
1417
140
13415556
-312
-227
-2817
3550
1476
76
13416581
-404
-236
-2693
3397
1245
154
13417606
-506
-202
-2548
3151
1195
206
13418631
-708
-161
-2348
2909
1225
168
13419656
-939
-127
-2083
2659
1145
178
13420681
-1127
-79
-1788
2418
1128
224
13421706
-1208
-12
-1463
2231
1016
195
13422731
-1129
58
-1125
2020
912
182
13423756
-948
100
-773
1842
848
161
13424781
-724
115
-402
1691
779
176
13425806
-461
109
-21
1615
750
261
13426831
-209
92
384
1681
788
352
13419648
32
80
826
1814
854
364
13420673
258
60
1292
2073
1001
428
13421698
373
38
1808
2493
1146
512
13422723
407
29
2362
3032
1239
578
13423748
444
28
2958
3987
1323
551
13424773
536
53
3617
5449
1581
393
13425798
727
82
4229
6697
1854
185
13426823
1012
61
4669
7781
2024
-23
13427848
1377
128
4905
7801
2109
60
13428873
1615
219
4831
6744
2006
460
13429898
1706
342
4435
5386
1958
864
13430923
1613
462
3808
4231
2022
1007
13431948
1375
524
3011
3834
1806
915
13432973
1245
555
2096
3747
973
393
13433998
1330
513
1186
3949
57
-57
13435023
1637
480
452
4421
132
-2
13427840
1922
507
-31
4634
559
-109
13428865
2163
595
-303
4489
702
-375
13429890
2450
743
-413
3909
1209
-442
13430915
2522
802
-399
3145
1752
-395
13431940
2204
698
-341
2747
1764
-334
13432965
1965
573
-188
2672
1251
-215
13433990
1874
504
-8
2538
980
-88
13435015
1682
437
165
2436
985
-35
13436040
1420
339
322
2487
1012
-4
13437065
1221
228
438
2616
965
62
13438090
1044
130
523
2688
859
47
13439115
849
27
584
2726
778
22
13440140
673
-110
612
2802
891
197
13441165
535
-245
595
2990
891
420
13442190
366
-303
593
3081
872
396
13443215
254
-355
555
3192
1048
392
13436032
175
-448
495
3589
1146
597
13437057
174
-469
439
3917
1146
730
13438082
343
-422
366
3968
1126
664
13439107
555
-383
262
4075
1310
700
13440132
598
-390
171
4451
1601
887
13441157
537
-365
98
4677
1610
920
13442182
551
-310
2
4825
1636
825
13443207
481
-268
-67
4896
1942
841
13444232
165
-289
-92
5061
2171
924
13445257
-364
-311
-112
4561
2111
963
13446282
-803
-315
-200
3598
1675
709
13447307
-945
-346
-526
3449
1504
621
13448332
-910
-371
-967
4043
1474
659
13449357
-901
-396
-1377
5045
1446
701
13450382
-1100
-406
-1701
5956
1495
651
13451407
-1434
-376
-1927
6166
1482
421
13444224
-1561
-320
-2111
5723
1329
217
13445249
-1416
-267
-2305
4970
1211
185
13446274
-1200
-248
-2517
4309
1018
241
13447299
-937
-235
-2703
3861
771
265
13448324
-595
-218
-2871
3630
701
343
13449349
-364
-212
-2987
3616
911
444
13450374
-370
-198
-3018
3663
992
416
13451399
-418
-145
-2989
3724
915
202
13452424
-390
-80
-2921
3710
934
24
13453449
-373
-47
-2813
3655
1011
-39
13454474
-440
-52
-2664
3672
1005
21
13455499
-486
-18
-2474
3625
869
69
13456524
-462
46
-2241
3399
782
63
13457549
-429
91
-1956
3147
764
35
13458574
-402
109
-1626
2798
770
138
13459599
-425
113
-1294
2415
848
342
13452416
-494
126
-960
2159
798
376
13453441
-473
143
-612
2078
636
256
13454466
-355
147
-253
2113
656
285
13455491
-322
140
136
2144
807
419
13456516
-343
134
589
2222
752
421
13457541
-248
126
1085
2583
806
441
13458566
-142
101
1621
3080
993
552
13459591
-107
81
2207
3575
1019
818
13460616
-67
98
2795
4495
1426
826
13461641
97
181
3368
5052
1487
458
13462666
539
155
3823
5544
1221
147
13463691
1161
169
4135
6138
1281
47
13464716
1698
256
4303
6001
1436
209
13465741
2061
358
4250
5560
1515
489
13466766
2211
447
4048
5241
1652
697
13467791
2064
504
3716
5188
1886
636
13460607
1847
513
3241
5104
1839
397
13461632
1705
502
2591
4901
1658
133
13462657
1652
444
1903
4718
1083
-93
13463682
1621
341
1299
4693
498
-48
13464707
1512
254
868
4532
572
84
13465732
1404
211
614
4046
824
36
13466757
1442
222
479
3531
1088
-19
13467782
1549
245
419
3096
1469
-127
13468807
1566
231
397
2762
1772
-179
13469832
1523
176
430
2613
1419
-166
13470857
1643
159
505
2692
1150
-183
13471882
1675
156
601
2695
1180
-235
13472907
1621
119
704
2732
1121
-205
13473932
1612
65
780
2927
1236
-154
13474957
1570
-11
796
3201
1275
-106
13475982
1565
-99
757
3303
1176
-24
13468901
1600
-193
689
3139
1196
156
13469926
1555
-303
578
3143
1269
321
13470951
1394
-422
460
3521
1214
475
13471976
1243
-498
353
3871
1304
621
13473001
1112
-520
283
3902
1424
734
13474026
1082
-537
221
4025
1290
878
13475051
1231
-451
150
4344
1417
805
13476076
1311
-388
102
4710
1828
823
13477101
1140
-386
82
4933
2157
1105
13478126
978
-336
74
4534
1963
1296
13479151
943
-253
-31
4426
1909
1268
13480176
641
-221
-155
4557
2282
1361
13481201
-36
-206
-289
4002
2294
1435
13482226
-575
-203
-579
3497
1725
1204
13483251
-766
-208
-1046
3936
1402
956
13484276
-803
-174
-1490
4814
1362
801
13476992
-871
-158
-1852
5621
1438
750
13478017
-1017
-141
-2151
6115
1442
567
13479042
-1062
-86
-2348
5819
1247
462
13480067
-951
-38
-2536
5159
1205
432
13481092
-796
-26
-2684
4481
1107
366
13482117
-628
-46
-2791
3999
1013
316
13483142
-496
-76
-2867
3740
1125
252
13484167
-470
-126
-2915
3661
1240
201
13485192
-540
-169
-2934
3650
1205
102
13486217
-612
-176
-2909
3590
1042
-34
13487242
-640
-174
-2863
3545
1130
-171
13488267
-720
-194
-2762
3521
1348
-214
13489292
-881
-227
-2586
3470
1297
-135
13490317
-981
-223
-2387
3295
1185
18
13491342
-1009
-170
-2176
3043
1129
8
13492367
-957
-123
-1931
2794
1018
-73
13485183
-864
-107
-1663
2509
1017
-27
13486208
-826
-122
-1363
2315
1034
140
13487233
-845
-127
-1043
2154
1024
306
13488258
-853
-116
-696
1989
972
337
13489283
-813
-110
-323
1924
982
311
13490308
-753
-132
82
2020
1037
376
13491333
-724
-175
509
2248
1145
569
13492358
-748
-230
942
2675
1274
896
13493383
-805
-247
1421
3311
1303
1065
13494408
-715
-227
1965
4096
1258
843
13495433
-428
-205
2510
4795
1172
513
13496458
59
-274
3005
5512
871
299
13497483
677
-327
3387
5952
945
419
13498508
1242
-247
3550
5619
1395
906
13499533
1514
-162
3507
4900
1367
1244
13500558
1684
-83
3300
4487
1039
1305
13493376
1786
22
2983
4677
1098
1155
13494401
1737
129
2593
4882
1106
726
13495426
1681
228
2197
4684
747
272
13496451
1695
304
1822
4506
692
18
13497476
1688
359
1501
4303
907
0
13498501
1628
384
1246
4014
1088
105
13499526
1592
396
1082
3774
1088
145
13500551
1709
429
1017
3531
873
31
13501576
2026
495
990
3380
913
-92
13502601
2308
526
1006
3353
1441
-64
13503626
2245
468
1063
3403
1605
130
13504651
2159
426
1146
3472
1353
89
13505676
2212
428
1231
3432
1185
-83
13506701
2212
406
1292
3312
1306
-74
13507726
2001
330
1348
3233
1671
52
13508751
1583
220
1386
3206
1664
80
13501568
1335
138
1364
3115
1433
-16
13502593
1271
64
1276
3002
1469
54
13503618
1159
-73
1149
3194
1553
278
13504643
1020
-167
965
3621
1573
531
13505668
1041
-138
770
3664
1607
611
13506693
1157
-140
534
3507
1860
748
13507718
1122
-221
252
3641
1874
965
13508743
1027
-270
-12
3975
1613
990
13509768
981
-240
-234
4071
1700
1007
13510793
791
-228
-407
4340
1931
965
13511818
499
-222
-483
4836
1992
767
13512843
275
-182
-480
5040
2133
523
13513868
3
-179
-481
4854
2321
468
13514893
-453
-230
-522
4270
2176
506
13515918
-823
-278
-641
3669
1623
462
13516943
-870
-306
-891
3473
1404
426
13509760
-843
-347
-1204
3820
1504
456
13510785
-1009
-398
-1485
4556
1549
418
13511810
-1250
-431
-1726
5309
1510
298
13512835
-1434
-436
-1947
5643
1559
131
13513860
-1565
-436
-2151
5494
1504
-5
13514885
-1570
-442
-2382
5231
1433
-122
13515910
-1451
-460
-2628
5027
1256
-184
13516935
-1290
-480
-2841
4750
979
-161
13517960
-1141
-506
-3030
4567
980
-115
13518985
-1104
-533
-3150
4410
1108
-144
13520010
-1130
-547
-3187
4153
1059
-249
13521035
-1107
-543
-3160
3834
1019
-367
13522060
-992
-543
-3102
3546
1093
-409
13523085
-921
-572
-3004
3345
1085
-344
13524110
-925
-592
-2838
3142
973
-240
13525135
-890
-577
-2628
2968
887
-208
13517952
-876
-548
-2384
2759
880
-193
13518977
-915
-526
-2087
2542
827
-151
13520002
-939
-485
-1735
2337
841
-96
13521027
-978
-457
-1368
2140
948
30
13522052
-1075
-447
-986
2020
993
182
13523077
-1185
-439
-592
2051
992
418
13524102
-1301
-410
-174
2160
1020
505
13525127
-1339
-388
276
2195
974
497
13526152
-1233
-412
709
2392
1023
603
13527177
-1063
-471
1189
2899
1069
728
13528202
-860
-522
1745
3504
1010
731
13529227
-570
-530
2271
4000
1182
758
13530252
-292
-536
2785
4898
1278
823
13531277
-19
-603
3281
5636
1252
783
13532302
421
-532
3575
5353
1307
919
13533327
800
-457
3710
4771
1314
1114
13526145
1007
-395
3673
4835
1280
1160
13527170
1162
-279
3513
5373
1423
1093
13528195
1171
-126
3230
5589
1604
729
13529220
1157
-4
2816
5308
1535
301
13530245
1147
71
2302
4911
1558
183
13531270
1015
85
1814
4296
1368
260
13532295
868
16
1365
3891
864
421
13533320
867
-3
992
3676
720
535
13534345
930
20
756
3401
982
566
13535370
961
43
643
3197
1281
499
13536395
1041
51
637
3215
1376
346
13537420
1268
83
678
3266
1633
230
13538445
1288
99
756
3212
1930
129
13539470
943
35
889
3246
1740
107
13540495
626
-26
1025
3175
1646
265
13541520
298
-94
1065
3004
1714
406
13534336
-110
-181
1034
2888
1509
380
13535361
-382
-270
939
2899
1464
444
13536386
-647
-366
832
3159
1587
531
13537411
-880
-460
693
3739
1426
458
13538436
-866
-463
527
3818
1256
415
13539461
-713
-434
286
3571
1294
494
13540486
-576
-437
7
3464
1160
548
13541511
-375
-418
-269
3402
762
533
13542536
-48
-374
-554
3544
609
628
13543561
217
-309
-772
3657
828
686
13544586
317
-264
-893
3761
873
656
13545611
352
-233
-942
3918
763
752
13546636
367
-179
-920
4074
711
824
13547661
387
-107
-810
4031
685
698
13548686
488
-49
-654
4065
767
673
13549711
501
-44
-469
4624
799
760
13542529
449
-36
-237
5431
526
774
13543554
466
-12
-73
6619
702
606
13544579
381
65
-36
6600
1098
579
13545604
79
142
-87
4717
565
645
13546629
-24
129
-309
3553
-425
609
13547654
201
146
-662
3474
-775
628
13548679
421
171
-973
3905
-618
524
13549704
546
181
-1143
4348
-781
358
13550729
570
219
-1116
4246
-741
456
13551754
344
243
-992
3913
-237
563
13552779
5
195
-787
3654
-629
578
13553804
132
206
-653
3555
-1270
457
13554829
474
270
-571
3478
-1270
320
13555854
740
314
-529
3556
-908
270
13556879
871
338
-440
3723
-921
114
13557904
1079
388
-338
3667
-1116
-14
13550720
1331
416
-268
3553
-818
-27
13551745
1342
389
-169
3572
-560
-32
13552770
1330
373
-73
3697
-409
-102
13553795
1436
386
-1
3785
-327
-237
13554820
1588
402
47
3651
-207
-351
13555845
1706
390
59
3572
47
-382
13556870
1760
370
72
3749
216
-404
13557895
1837
377
92
3885
362
-417
13558920
1883
385
124
3897
567
-446
13559945
1871
389
177
3847
708
-494
13560970
1871
395
227
3783
816
-470
13561995
1879
398
274
3694
940
-379
13563020
1862
394
322
3585
1049
-263
13564045
1831
397
364
3532
1090
-189
13565070
1828
435
386
3589
1139
-167
13566095
1816
493
401
3592
1186
-214
13558912
1850
541
403
3556
1138
-275
13559937
1979
591
378
3508
1132
-293
13560962
2147
633
329
3512
1049
-282
13561987
2352
681
254
3441
960
-296
13563012
2560
721
173
3346
778
-314
13564037
2728
748
109
3633
610
-329
13565062
2851
774
57
4610
761
-416
13566087
2942
778
19
6496
980
-812
13567112
3082
785
111
6145
619
-1009
13568137
3083
707
181
3987
429
-514
13569162
2663
451
125
3361
712
82
13570187
2253
321
134
3180
564
395
13571212
2093
298
115
3037
359
389
13572237
2037
282
66
3262
107
150
13573262
2054
299
15
3696
-40
-36
13574287
2170
373
-41
3921
39
12
13567105
2295
437
-40
3867
178
178
13568130
2397
461
9
3784
349
269
13569155
2438
481
98
3724
599
323
13570180
2394
485
202
3687
603
431
13571205
2383
514
302
3591
407
376
13572230
2453
569
353
3612
571
271
13573255
2523
614
388
3791
790
235
13574280
2535
640
419
3985
902
218
13575305
2548
652
417
4055
917
237
13576330
2544
650
394
3887
903
279
13577355
2519
625
355
3641
898
350
13578380
2437
576
316
3565
923
421
13579405
2311
541
296
3541
961
367
13580430
2202
525
279
3466
1006
253
13581455
2112
509
273
3469
1009
171
13582480
2060
486
276
3496
1050
193
13575295
2000
450
289
3517
1083
228
13576320
1917
416
329
3504
1071
220
13577345
1797
368
378
3514
1215
281
13578370
1615
292
448
3479
1163
329
13579395
1525
225
499
3370
1138
383
13580420
1477
170
526
3394
1280
521
13581445
1425
128
548
3502
1336
622
13582470
1379
101
563
3566
1392
711
13583495
1337
52
565
3548
1394
781
13584520
1273
8
529
3481
1413
880
13585545
1229
11
448
3407
1434
986
13586570
1170
28
366
3294
1536
1075
13587595
1072
10
292
3206
1612
1216
13588620
1001
-16
216
3215
1530
1271
13589645
982
-24
129
3239
1570
1245
13590670
881
-38
54
3488
1765
1262
13583488
634
-53
13
4015
1936
1279
13584513
376
-48
-10
4544
1894
1139
13585538
216
-17
-70
4929
1848
847
13586563
88
22
-203
4815
1791
723
13587588
-62
12
-437
4727
1512
696
13588613
-87
41
-708
4347
1302
660
13589638
-108
66
-989
3780
1090
527
13590663
-132
36
-1259
3558
882
418
13591688
-181
-19
-1462
3669
950
414
13592713
-323
-51
-1569
3894
1059
392
13593738
-420
-53
-1644
4091
1014
276
13594763
-377
-34
-1703
4095
972
133
13595788
-282
-40
-1764
4002
969
86
13596813
-205
-67
-1825
3953
810
112
13597838
-66
-64
-1883
3919
675
57
13598863
133
-39
-1926
3864
785
-12
13591681
262
-48
-1923
3881
909
-14
13592706
284
-75
-1878
3897
1002
-20
13593731
216
-122
-1809
3871
1037
-2
13594756
84
-179
-1726
3884
1030
25
13595781
-58
-201
-1616
3823
977
-49
13596806
-118
-210
-1504
3682
917
-119
13597831
-103
-232
-1395
3599
973
-107
13598856
-77
-263
-1268
3534
951
5
13599881
-31
-269
-1124
3415
924
105
13600906
20
-237
-951
3200
1024
86
13601931
63
-224
-753
3038
1047
105
13602956
98
-218
-521
2934
1071
184
13603981
103
-206
-271
2881
1159
313
13605006
43
-172
0
2806
1193
358
13606031
10
-135
280
2726
1151
326
13607056
62
-100
559
2679
1204
306
13599872
138
-80
838
2705
1259
481
13600897
151
-38
1107
2797
1306
660
13601922
198
41
1383
2889
1169
499
13602947
429
115
1642
3016
1101
326
13603972
725
185
1906
3279
1342
345
13604997
901
265
2186
3566
1626
544
13606022
943
341
2455
3817
1651
576
13607047
1014
443
2701
4128
1562
295
13608072
1137
548
2936
4486
1802
147
13609097
1072
528
3095
4754
2147
126
13610122
1083
542
3115
4729
2119
-53
13611147
1379
607
2899
4922
2442
82
13612172
1642
642
2479
5367
2909
325
13613197
1858
657
1896
5610
2556
74
13614222
2151
610
1306
5409
1842
-128
13615247
2298
494
834
4575
1648
165
13608064
2046
350
452
3856
1386
473
13609089
1494
298
200
3216
1267
623
13610114
791
288
-12
3070
1609
509
13611139
195
278
-188
3177
1488
-82
13612164
109
248
-389
3464
871
-595
13613189
396
200
-530
3697
97
-520
13614214
636
167
-617
3657
-174
46
13615239
605
136
-681
3471
150
499
13616264
398
78
-665
3316
146
558
13617289
278
23
-595
3401
-151
465
13618314
156
-16
-531
3522
202
437
13619339
0
-94
-458
3613
153
448
13620364
-65
-157
-418
3676
-274
445
13621389
57
-167
-412
3714
-453
590
13622414
4
-173
-396
3662
-7
695
13623439
-218
-218
-357
3682
231
647
13616256
-364
-233
-298
3601
239
559
13617281
-377
-236
-249
3579
38
596
13618306
-411
-231
-189
3677
36
685
13619331
-488
-217
-140
3744
325
679
13620356
-527
-201
-81
3687
344
612
13621381
-430
-187
-60
3683
320
629
13622406
-326
-169
-78
3663
438
725
13623431
-308
-173
-110
3680
499
695
13624456
-267
-192
-140
3726
478
551
13625481
-194
-166
-197
3778
719
495
13626506
-202
-139
-238
3787
984
528
13627531
-270
-149
-247
3692
1028
529
13628556
-294
-168
-254
3517
1051
533
13629581
-304
-202
-251
3315
1095
517
13630606
-354
-245
-242
3403
1195
482
13631631
-469
-294
-226
4071
1387
397
13624448
-658
-298
-155
4162
1457
338
13625473
-840
-290
-104
3907
1357
258
13626498
-905
-280
-125
4031
1376
161
13627523
-912
-218
-188
3792
1352
232
13628548
-892
-176
-325
3573
1228
260
13629573
-754
-128
-509
3533
1112
236
13630598
-585
-99
-710
3638
1085
231
13631623
-442
-88
-887
3804
1022
213
13632648
-290
-80
-1043
3910
1053
188
13633673
-176
-88
-1150
3838
1102
181
13634698
-139
-126
-1214
3764
1115
214
13635723
-177
-167
-1244
3802
1129
285
13636748
-235
-180
-1228
3838
1052
325
13637773
-243
-145
-1185
3719
1016
251
13638798
-224
-111
-1118
3530
971
174
13639823
-173
-94
-1027
3458
964
206
13632640
-119
-76
-915
3504
1010
268
13633665
-76
-33
-774
3469
970
238
13634690
-20
3
-614
3413
913
198
13635715
34
25
-430
3406
959
226
13636740
48
39
-232
3353
987
309
13637765
70
65
-50
3275
945
307
13638790
153
107
118
3341
912
177
13639815
271
144
279
3472
992
145
13640840
309
162
445
3572
1095
203
13641865
304
177
600
3616
1091
231
13642890
355
205
723
3616
1081
178
13643915
420
228
822
3641
1068
115
13644940
455
234
902
3668
1094
143
13645965
458
228
967
3719
1166
208
13646990
416
218
1020
3727
1204
262
13648015
370
219
1059
3710
1202
214
13640833
351
226
1079
3703
1188
153
13641858
344
222
1082
3729
1199
146
13642883
349
214
1074
3756
1187
187
13643908
408
215
1046
3794
1158
194
13644933
498
233
1010
3804
1200
129
13645958
565
239
980
3732
1261
125
13646983
594
227
949
3681
1308
178
13648008
583
209
908
3680
1334
229
13649033
524
185
867
3717
1355
201
13650058
459
170
826
3684
1382
192
13651083
396
151
777
3635
1440
206
13652108
306
122
721
3634
1482
232
13653133
183
93
654
3635
1479
243
13654158
70
63
574
3594
1451
220
13655183
-6
35
477
3597
1438
218
13656208
-59
5
370
3627
1429
219
13649024
-77
-14
244
3631
1403
212
13650049
-68
-24
100
3614
1381
213
13651074
-58
-40
-50
3645
1345
213
13652099
-68
-62
-201
3662
1333
231
13653124
-111
-85
-347
3640
1302
242
13654149
-148
-112
-486
3697
1247
246
13655174
-147
-133
-617
3740
1199
265
13656199
-138
-151
-742
3742
1160
273
13657224
-115
-166
-858
3762
1086
259
13658249
-74
-181
-965
3829
1090
267
13659274
-48
-190
-1050
3801
1063
307
13660299
-29
-199
-1112
3818
987
305
13661324
-15
-192
-1136
3777
953
301
13662349
-42
-189
-1116
3746
972
341
13663374
-114
-186
-1060
3752
992
378
13664399
-200
-172
-977
3713
967
334
13657216
-237
-150
-880
3655
959
286
13658241
-245
-134
-783
3610
983
299
13659266
-262
-125
-686
3613
1021
300
13660291
-299
-117
-616
3603
1327
229
13661316
-333
-136
-602
3610
1618
180
13662341
-327
-170
-589
3483
1442
168
13663366
-275
-178
-564
3289
1534
117
13664391
-343
-226
-520
3263
1887
283
13665416
-588
-276
-459
3300
1929
338
13666441
-614
-248
-411
3258
1729
115
13667466
-414
-204
-423
3261
1749
60
13668491
-338
-192
-427
3355
1730
151
13669516
-315
-177
-424
3468
1650
194
13670541
-254
-146
-421
3402
1630
198
13671566
-205
-132
-419
3335
1567
196
13672591
-172
-132
-400
3345
1524
235
13665407
-162
-133
-358
3364
1515
290
13666432
-168
-132
-303
3370
1514
310
13667457
-168
-122
-232
3331
1454
276
13668482
-153
-112
-148
3276
1406
274
13669507
-156
-102
-58
3250
1484
320
13670532
-176
-91
33
3234
1501
328
13671557
-158
-72
129
3231
1437
303
13672582
-102
-45
219
3274
1501
309
13673607
-80
-19
306
3322
1589
312
13674632
-65
2
388
3338
1578
300
13675657
-22
27
456
3346
1604
287
13676682
12
42
508
3367
1623
286
13677707
38
50
551
3358
1626
278
13678732
69
57
579
3353
1665
291
13679757
73
58
586
3403
1714
302
13680782
54
63
591
3431
1698
283
13673600
51
73
587
3423
1674
264
13674625
71
85
573
3435
1663
244
13675650
110
95
551
3463
1651
240
13676675
152
104
525
3482
1649
252
13677700
166
106
496
3502
1647
256
13678725
169
105
473
3505
1633
263
13679750
171
102
451
3480
1604
248
13680775
167
94
428
3466
1574
243
13681800
148
81
403
3498
1558
254
13682825
125
68
377
3528
1519
282
13683850
110
61
353
3469
1467
290
13684875
99
57
328
3468
1446
270
13685900
77
59
311
3495
1459
253
13686925
54
58
305
3548
1452
257
13687950
39
58
303
3575
1432
280
13688975
36
55
295
3577
1383
289
13681793
59
54
278
3580
1348
263
13682818
89
52
249
3571
1354
258
13683843
100
44
211
3566
1339
273
13684868
81
29
164
3570
1298
306
13685893
54
19
113
3552
1291
306
13686918
27
9
66
3572
1277
287
13687943
24
3
25
3605
1258
280
13688968
37
2
-9
3599
1258
275
13689993
29
-6
-43
3571
1235
275
13691018
12
-17
-72
3539
1198
280
13692043
12
-23
-97
3548
1180
266
13693068
19
-27
-117
3593
1193
262
13694093
16
-31
-123
3632
1176
249
13695118
16
-32
-125
3635
1165
235
13696143
19
-36
-122
3567
1158
255
13697168
7
-49
-122
3559
1157
270
13689984
-14
-58
-115
3586
1159
259
13691009
-29
-61
-96
3595
1144
259
13692034
-25
-57
-78
3597
1135
254
13693059
-5
-53
-63
3589
1122
248
13694084
18
-49
-54
3597
1133
263
13695109
23
-50
-48
3619
1140
266
13696134
20
-51
-41
3653
1159
255
13697159
17
-50
-30
3666
1170
266
13698184
20
-46
-16
3608
1147
268
13699209
21
-43
-7
3544
1159
275
13700234
2
-47
2
3555
1189
274
13701259
-34
-47
19
3564
1196
268
13702284
-49
-43
39
3574
1159
260
13703309
-26
-32
52
3576
1165
247
13704334
-3
-24
58
3583
1202
249
13705359
-14
-23
63
3611
1226
249
13698176
-50
-25
69
3652
1246
249
13699201
-86
-28
78
3651
1239
247
13700226
-84
-27
85
3605
1201
258
13701251
-42
-21
78
3588
1194
255
13702276
-6
-15
63
3594
1227
272
13703301
3
-8
46
3589
1239
263
13704326
-7
-5
25
3599
1241
259
13705351
-17
-3
7
3626
1239
254
13706376
-8
2
-8
3611
1224
246
13707401
11
3
-25
3583
1219
260
13708426
20
0
-41
3558
1222
279
13709451
17
0
-54
3566
1206
261
13710476
5
5
-61
3598
1232
239
13711501
-16
10
-54
3598
1237
255
13712526
-29
17
-43
3593
1197
233
13713551
-9
25
-35
3601
1177
211
13706368
30
28
-31
3587
1184
240
13707393
52
27
-32
3526
1183
261
13708418
36
16
-37
3548
1210
255
13709443
-6
8
-31
3563
1231
234
13710468
-40
6
-19
3590
1190
227
13711493
-18
17
-9
3606
1156
220
13712518
31
30
-2
3577
1166
228
13713543
49
30
1
3571
1203
243
13714568
20
22
9
3577
1232
241
13715593
-28
11
22
3589
1217
223
13716618
-29
12
36
3596
1187
207
13717643
10
21
40
3574
1199
206
13718668
42
25
40
3553
1222
208
13719693
44
18
37
3555
1246
227
13720718
6
3
37
3547
1252
244
13721743
-36
-12
40
3563
1246
240
13714559
-40
-17
45
3569
1215
230
13715584
-8
-10
48
3584
1223
206
13716609
22
-2
51
3582
1249
214
13717634
22
-1
51
3550
1255
232
13718659
-4
-10
44
3551
1256
252
13719684
-26
-20
38
3561
1237
240
13720709
-25
-25
31
3577
1235
224
13721734
-14
-26
24
3586
1241
230
13722759
-12
-25
19
3589
1243
237
13723784
-15
-23
13
3578
1236
234
13724809
-15
-21
7
3584
1228
238
13725834
-12
-19
1
3598
1232
246
13726859
-6
-16
-1
3593
1229
250
13727884
1
-17
-5
3570
1222
250
13728909
-2
-18
-12
3591
1217
241
13729934
-7
-19
-19
3613
1216
242
13722752
-6
-16
-24
3591
1202
252
13723777
-5
-14
-30
3574
1194
246
13724802
-8
-12
-31
3589
1209
239
13725827
-15
-10
-24
3587
1205
260
13726852
-23
-10
-17
3592
1187
258
13727877
-29
-9
-12
3611
1192
241
13728902
-26
-2
-8
3591
1180
226
13729927
-15
4
-9
3592
1161
226
13730952
2
9
-14
3616
1174
237
13731977
13
12
-16
3618
1177
248
13733002
20
11
-18
3628
1170
228
13734027
26
9
-21
3614
1176
207
13735052
16
5
-24
3568
1162
221
13736077
10
2
-27
3548
1159
233
13737102
7
0
-22
3555
1160
239
13738127
1
1
-11
3594
1160
209
13730944
3
6
3
3608
1156
198
13731969
11
7
11
3589
1141
213
13732994
21
4
14
3587
1157
219
13734019
16
-3
19
3594
1183
228
13735044
-3
-10
24
3606
1184
235
13736069
-13
-11
27
3605
1170
234
13737094
-5
-8
24
3589
1163
241
13738119
18
-3
19
3590
1165
246
13739144
26
1
14
3593
1173
256
13740169
25
1
8
3596
1173
256
13741194
24
2
7
3594
1182
258
13742219
15
2
10
3592
1180
269
13743244
10
3
19
3590
1176
272
13744269
14
7
23
3599
1185
257
13745294
18
13
26
3577
1188
250
13746319
13
13
24
3570
1194
260
13739136
4
10
19
3587
1207
265
13740161
-1
10
15
3601
1185
247
13741186
11
12
8
3614
1178
233
13742211
21
14
3
3600
1194
253
13743236
20
15
1
3589
1196
241
13744261
20
15
1
3592
1175
231
13745286
35
14
-1
3580
1188
249
13746311
40
11
-4
3558
1187
263
13747336
29
5
-10
3577
1188
249
13748361
16
4
-12
3593
1199
242
13749386
9
6
-8
3587
1180
238
13750411
24
9
-3
3566
1171
239
13751436
42
6
-3
3549
1182
262
13752461
35
-5
-2
3547
1196
255
13753486
6
-17
3
3577
1219
249
13754511
-26
-24
11
3594
1214
244
13747328
-35
-26
18
3581
1195
259
13748353
-13
-24
17
3577
1192
267
13749378
11
-21
10
3572
1204
270
13750403
9
-22
6
3573
1238
284
13751428
-14
-26
6
3584
1228
300
13752453
-19
-25
6
3602
1214
294
13753478
5
-15
2
3614
1216
291
13754503
32
-4
-5
3590
1220
302
13755528
39
-1
-19
3575
1240
316
13756553
14
-4
-34
3571
1239
319
13757578
-16
-6
-39
3590
1228
309
13758603
-26
-3
-37
3620
1214
298
13759628
-13
7
-32
3611
1198
285
13760653
8
19
-30
3598
1203
287
13761678
17
25
-30
3586
1208
290
13762703
2
24
-29
3578
1215
293
13755521
-12
21
-27
3580
1197
281
13756546
-2
24
-26
3588
1189
258
13757571
18
30
-25
3592
1191
239
13758596
22
30
-23
3576
1196
251
13759621
4
23
-20
3581
1196
252
13760646
-14
17
-12
3574
1190
239
13761671
-17
10
-3
3560
1185
238
13762696
-7
8
7
3562
1183
233
13763721
8
8
14
3559
1196
228
13764746
10
4
13
3569
1214
249
13765771
-8
-3
10
3564
1211
258
13766796
-21
-10
6
3571
1196
229
13767821
-15
-15
6
3610
1206
242
13768846
-11
-20
13
3587
1209
275
13769871
-19
-26
22
3566
1213
283
13770896
-29
-29
29
3572
1226
278
13763712
-36
-23
33
3569
1228
272
13764737
-26
-13
34
3547
1216
273
13765762
-10
-8
28
3551
1230
286
13766787
-10
-11
21
3581
1237
295
13767812
-20
-16
16
3599
1249
286
13768837
-28
-17
14
3600
1241
282
13769862
-20
-14
11
3592
1232
281
13770887
-3
-9
2
3576
1223
287
13771912
7
-5
-8
3576
1231
289
13772937
2
-4
-15
3592
1245
283
13773962
-13
-5
-12
3577
1230
296
13774987
-17
-6
-9
3577
1211
292
13776012
-10
-5
-8
3579
1218
288
13777037
-10
-4
-7
3585
1226
276
13778062
-19
-2
-5
3586
1230
280
13779087
-28
-3
-4
3564
1207
281
13771904
-23
-4
-6
3558
1185
276
13772929
-13
-3
-8
3584
1209
278
13773954
-12
-3
-4
3603
1205
274
13774979
-6
-1
-2
3604
1199
265
13776004
1
2
-1
3587
1198
260
13777029
3
2
1
3556
1193
271
13778054
-1
-1
2
3564
1207
274
13779079
-13
-5
8
3597
1212
269
13780104
-16
-3
18
3588
1196
262
13781129
-8
-4
20
3577
1203
272
13782154
-1
-6
19
3562
1203
282
13783179
3
-8
13
3575
1209
273
13784204
0
-9
11
3596
1225
270
13785229
-8
-10
11
3583
1207
280
13786254
-9
-9
12
3575
1197
280
13787279
1
-8
15
3582
1204
270
13780095
2
-10
22
3579
1224
294
13781120
-14
-13
28
3558
1216
313
13782145
-26
-16
29
3588
1215
281
13783170
-22
-11
27
3590
1219
272
13784195
-10
-2
22
3554
1207
280
13785220
-1
0
16
3539
1213
293
13786245
-6
-3
13
3572
1228
288
13787270
-15
-7
15
3600
1219
269
13788295
-8
-7
15
3606
1214
251
13789320
7
-3
6
3597
1207
257
13790345
17
-2
-6
3581
1205
265
13791370
17
-3
-14
3567
1203
266
13792395
8
-5
-16
3585
1202
250
13793420
10
-6
-13
3572
1176
252
13794445
18
-7
-10
3569
1176
264
13795470
17
-10
-9
3595
1194
259
13788288
6
-12
-4
3610
1181
254
13789313
0
-10
-1
3601
1187
248
13790338
3
-8
3
3593
1175
247
13791363
16
-5
4
3592
1168
239
13792388
25
-6
3
3606
1185
247
13793413
16
-9
4
3604
1181
253
13794438
7
-12
4
3586
1174
246
13795463
2
-13
6
3571
1166
247
13796488
2
-13
11
3581
1172
256
13797513
1
-12
17
3601
1178
247
13798538
-1
-8
23
3601
1181
247
13799563
-1
-9
25
3605
1190
254
13800588
-3
-11
23
3607
1192
253
13801613
-3
-12
22
3594
1191
247
13802638
-1
-13
17
3576
1191
257
13803663
4
-11
12
3569
1191
259
13796480
8
-9
5
3593
1202
265
13797505
2
-9
1
3589
1198
278
13798530
-6
-7
-2
3584
1188
258
13799555
-1
-6
-3
3596
1181
254
13800580
3
-7
-1
3591
1189
276
13801605
-5
-10
0
3582
1184
282
13802630
-13
-8
-1
3594
1187
258
13803655
-15
-2
-1
3590
1190
256
13804680
-14
5
-1
3576
1185
269
13805705
-7
9
-1
3577
1193
272
13806730
1
9
-5
3606
1202
269
13807755
5
9
-7
3633
1203
246
13808780
10
9
-14
3616
1207
235
13809805
13
9
-23
3576
1189
247
13810830
11
5
-30
3562
1193
275
13811855
