Device = VHR-0009
time_stamp = 1777449289561
sample_rate = 50
Data format = INT16
TYPE = 6-AXIS IMU RAW DATA
12
133
48
883
-4017
792
16388224
-28
151
48
876
-4090
764
16389249
-48
165
61
872
-4118
780
16390274
-89
178
71
851
-4149
810
16391299
-78
185
84
834
-4159
830
16392324
-143
195
110
844
-4199
882
16393349
-237
201
157
828
-4285
859
16394374
-231
203
220
812
-4341
815
16395399
-251
216
279
770
-4266
825
16396424
-498
206
333
699
-4218
780
16397449
-871
196
387
681
-4314
673
16398474
-1159
195
464
614
-4398
581
16399499
-1499
190
524
595
-4393
398
16400524
-1636
180
607
560
-4514
206
16401549
-1572
184
686
536
-4307
130
16402574
-1717
180
798
433
-4499
-179
16403599
-1638
138
857
323
-4697
-497
16396416
-1259
79
871
310
-4473
-653
16397441
-947
30
875
333
-4306
-702
16398466
-803
-33
915
301
-4253
-727
16399491
-764
-98
935
160
-4076
-794
16400516
-673
-171
885
119
-4011
-858
16401541
-489
-221
827
45
-3931
-939
16402566
-369
-264
760
-36
-3729
-863
16403591
-460
-287
658
-66
-3649
-849
16404616
-561
-307
548
-70
-3719
-999
16405641
-634
-343
478
-12
-3832
-983
16406666
-630
-340
424
-62
-3779
-914
16407691
-545
-323
355
-93
-3875
-962
16408716
-330
-299
314
-105
-3871
-1047
16409741
-216
-280
284
-212
-3779
-1183
16410766
-285
-304
234
-354
-3804
-1323
16411791
-460
-287
658
-66
-3649
-849
16404616
-561
-307
548
-70
-3719
-999
16405641
-634
-343
478
-12
-3832
-983
16406666
-630
-340
424
-62
-3779
-914
16407691
-545
-323
355
-93
-3875
-962
16408716
-330
-299
314
-105
-3871
-1047
16409741
-216
-280
284
-212
-3779
-1183
16410766
-285
-304
234
-354
-3804
-1323
16411791
-348
-341
186
-457
-4039
-1458
16404609
141
-426
117
-320
-5170
-1687
16405634
1872
-438
35
-384
-3402
-599
16406659
1911
-413
-141
-446
-1479
-215
16407684
-35
-397
-414
-174
-2428
-329
16408709
-873
-261
-729
320
-3375
364
16409734
-1128
76
-607
223
-5027
-548
16410759
-623
206
-473
-764
-5469
-1935
16411784
-89
35
-348
-337
-4205
-1434
16412809
-281
-8
-301
-155
-4273
-979
16413834
-222
64
-210
-391
-4659
-1304
16414859
-1
81
-164
-427
-4136
-1192
16415884
-157
56
-119
-404
-4169
-1106
16416909
-64
83
-86
-399
-4003
-1080
16417934
-20
102
-88
-354
-3938
-935
16418959
-9
127
-130
-207
-3898
-809
16419984
-229
168
-143
161
-4065
-652
16412800
-320
223
-128
209
-4455
-1218
16413825
268
202
-132
-300
-4181
-1606
16414850
464
64
-180
-294
-3849
-1209
16415875
110
-4
-184
-272
-4148
-768
16416900
-40
36
-147
-189
-4500
-585
16417925
312
114
-113
-34
-4382
-509
16418950
548
188
-74
-161
-4116
-524
16419975
461
214
-79
-108
-4005
-533
16421000
476
260
-110
-6
-3990
-470
16422025
554
321
-139
138
-3819
-393
16423050
473
378
-178
144
-3825
-318
16424075
468
437
-227
178
-3951
-315
16425100
629
471
-292
253
-3815
-255
16426125
910
493
-425
312
-3706
-53
16427150
1439
551
-618
340
-3476
161
16428175
1948
646
-880
322
-3026
308
16420991
1870
678
-1164
445
-2714
363
16422016
1642
606
-1468
580
-2777
405
16423041
1865
542
-1807
649
-2774
506
16424066
2358
464
-2169
852
-2638
592
16425091
2627
372
-2490
1216
-2795
667
16426116
2329
241
-2732
1528
-2511
777
16427141
1813
73
-3020
1742
-2289
895
16428166
1556
-66
-3344
1943
-2248
900
16429191
1584
-176
-3590
2418
-2243
992
16430216
1379
-266
-3723
3086
-2371
1196
16431241
850
-340
-3828
3496
-2110
1258
16432266
171
-385
-3958
3792
-1863
1087
16433291
-473
-417
-4050
4356
-1733
864
16434316
-1109
-414
-4097
5079
-1459
783
16435341
-1702
-332
-4041
5537
-2067
732
16436366
-1797
-296
-3916
5540
-2264
567
16429184
-1903
-252
-3713
5504
-1790
658
16430209
-2126
-226
-3396
5307
-2123
487
16431234
-1862
-210
-3046
4951
-2330
473
16432259
-1405
-238
-2667
4700
-2092
617
16433284
-1151
-271
-2320
4533
-1995
681
16434309
-1046
-283
-1986
4317
-2016
723
16435334
-1032
-270
-1663
4102
-2028
689
16436359
-1117
-266
-1378
4008
-1998
693
16437384
-1247
-254
-1145
3927
-2025
811
16438409
-1307
-229
-968
3766
-2063
956
16439434
-1296
-194
-837
3556
-2048
1051
16440459
-1312
-185
-755
3442
-2121
1006
16441484
-1242
-200
-702
3468
-2325
994
16442509
-1003
-209
-646
3466
-2474
1063
16443534
-738
-225
-565
3469
-2425
1087
16444559
-553
-259
-472
3717
-2395
1079
16437576
-375
-293
-365
3951
-2289
1062
16438601
-229
-347
-232
3948
-2161
1113
16439626
-144
-399
-73
4073
-2078
1191
16440651
-112
-451
96
4346
-1861
1055
16441676
-120
-503
247
4392
-1903
953
16442701
52
-547
375
4326
-2097
877
16443726
470
-559
518
4366
-2058
746
16444751
839
-517
721
4327
-1818
619
16445776
1117
-465
986
4098
-1526
552
16446801
1347
-421
1251
4094
-1347
480
16447826
1489
-360
1441
4338
-1403
356
16448851
1655
-263
1511
4862
-1601
492
16449876
1822
-84
1529
5015
-1696
672
16450901
1826
122
1598
4967
-1673
551
16451926
1754
297
1728
4800
-1386
250
16452951
1583
411
1852
4625
-1171
118
16445568
1502
478
1916
4575
-1370
137
16446593
1815
542
1949
4486
-1454
157
16447618
1650
646
2061
4230
-441
554
16448643
312
737
2123
4114
-1227
181
16449668
475
718
2174
3999
-2059
-106
16450693
1168
718
2219
4160
-1148
142
16451718
988
778
2198
4152
-1104
111
16452743
800
814
2152
3962
-1380
-21
16453768
798
823
2085
3852
-1185
-8
16454793
614
835
1991
3704
-1101
37
16455818
415
821
1890
3487
-1181
27
16456843
353
774
1800
3336
-1129
48
16457868
300
715
1675
3306
-1065
68
16458893
221
644
1469
3418
-1109
47
16459918
186
572
1190
3478
-1055
37
16460943
136
487
849
3364
-941
57
16453760
4
354
452
3308
-999
151
16454785
-72
224
4
3359
-1001
291
16455810
-82
144
-500
3406
-910
405
16456835
-187
57
-1037
3663
-1075
431
16457860
-381
-52
-1534
4040
-1382
386
16458885
-528
-155
-1925
4013
-1423
321
16459910
-627
-259
-2202
3639
-1213
394
16460935
-725
-374
-2348
3334
-1095
535
16461960
-776
-491
-2368
3398
-1017
681
16462985
-685
-565
-2355
4100
-1071
784
16464010
-439
-564
-2339
5088
-1138
781
16465035
-235
-516
-2310
5643
-1194
742
16466060
-369
-474
-2251
5628
-1320
664
16467085
-798
-474
-2157
5252
-1259
632
16468110
-1357
-484
-2004
4570
-1112
780
16469135
-1832
-513
-1849
4116
-1229
923
16461952
-2066
-536
-1702
3751
-1310
933
16462977
-2109
-574
-1567
3139
-1416
915
16464002
-1861
-607
-1497
2755
-1750
845
16465027
-1247
-589
-1477
2742
-2016
870
16466052
-509
-483
-1465
2698
-1880
940
16467077
-101
-388
-1472
2684
-1690
951
16468102
5
-306
-1517
2783
-1744
1014
16469127
-47
-185
-1556
2914
-1658
1322
16470152
-334
47
-1609
2998
-1406
1825
16471177
-997
322
-1684
2869
-1041
1594
16472202
-2267
356
-1771
3152
-916
827
16473227
-3533
303
-1742
3845
-1869
456
16474252
-3905
215
-1518
4374
-3110
626
16475277
-3332
117
-1173
4720
-3676
995
16476302
-2337
69
-757
4684
-3595
1194
16477327
-1225
-31
-309
4594
-3236
1147
16470144
-116
-180
112
4548
-2682
850
16471169
956
-358
403
4783
-2457
753
16472194
1740
-475
626
5151
-2405
879
16473219
1951
-483
875
5435
-1982
892
16474244
1726
-327
1137
5004
-1899
851
16475269
1581
-157
1468
4290
-1914
580
16476294
1503
-76
1875
4153
-1568
273
16477319
1362
-41
2168
4256
-1495
80
16478344
1590
-18
2260
5331
-1973
353
16479369
2102
135
2344
6460
-1839
344
16480394
2136
366
2489
5897
-1090
-198
16481419
1803
392
2657
5221
-1036
-501
16482444
1700
342
2774
4683
-1007
-374
16483469
1763
305
2828
4815
-1104
-28
16484494
1836
347
2856
4708
-1116
53
16485519
1796
450
2925
4148
-1031
-89
16478337
1662
491
2911
3843
-1069
-294
16479362
1604
527
2775
3761
-1188
-304
16480387
1629
567
2530
4237
-1397
-148
16481412
1701
652
2340
4395
-1276
-75
16482437
1534
786
2210
3999
-778
-122
16483462
1017
831
2054
3678
-574
-161
16484487
554
782
1879
3632
-658
-94
16485512
330
700
1676
3497
-565
49
16486537
171
625
1422
3341
-445
145
16487562
71
544
1081
3304
-364
174
16488587
53
477
686
3211
-304
169
16489612
-1
390
260
3155
-391
161
16490637
-100
287
-131
3205
-596
211
16491662
-207
174
-545
3492
-608
349
16492687
-358
66
-993
3903
-589
465
16493712
-597
-28
-1446
4078
-674
428
16486528
-883
-131
-1894
4140
-877
350
16487553
-1145
-257
-2320
4361
-1045
341
16488578
-1303
-361
-2587
4099
-1047
484
16489603
-1407
-475
-2727
3874
-1141
670
16490628
-1391
-582
-2798
4240
-1238
822
16491653
-1140
-622
-2789
4766
-1140
855
16492678
-779
-642
-2791
5234
-1210
842
16493703
-465
-668
-2794
5544
-1432
801
16494728
-320
-695
-2739
5440
-1504
814
16495753
-481
-757
-2651
4965
-1338
882
16496778
-909
-836
-2566
4442
-1320
1145
16497803
-1196
-874
-2485
4051
-1571
1626
16498828
-1209
-803
-2420
3828
-1801
1824
16499853
-1011
-598
-2343
3582
-1807
1599
16500878
-785
-447
-2281
3542
-1703
1163
16501903
-728
-378
-2216
3545
-1698
928
16494720
-847
-327
-2124
3508
-1802
1178
16495745
-1125
-244
-2014
3540
-1839
1531
16496770
-1576
-136
-1864
3550
-1902
1599
16497795
-1933
-43
-1686
3517
-2129
1407
16498820
-1965
31
-1467
3322
-2393
1325
16499845
-1732
53
-1206
3195
-2551
1265
16500870
-1391
28
-929
3219
-2674
1252
16501895
-985
-18
-655
3327
-2869
1257
16502920
-481
-71
-384
3491
-3006
1157
16503945
94
-122
-102
3679
-2945
1017
16504970
571
-170
203
3925
-2708
852
16505995
838
-225
501
4446
-2551
658
16507020
1020
-280
756
5447
-2693
650
16508045
1269
-247
1003
6163
-2822
872
16509070
1551
-91
1328
5759
-2607
1043
16510095
1696
95
1805
4645
-1917
631
16502944
1651
158
2325
4588
-1437
164
16503969
1707
208
2697
5260
-1507
219
16504994
1836
298
2915
5688
-1529
212
16506019
1738
389
3004
6146
-1514
-78
16507044
1538
458
2950
6485
-1724
-449
16508069
1492
501
2866
6546
-1842
-580
16509094
1520
549
2873
6031
-1628
-493
16510119
1452
583
2994
5557
-1248
-251
16511144
1364
616
3211
5189
-919
-124
16512169
1256
652
3438
4798
-711
-175
16513194
1161
656
3564
4481
-697
-291
16514219
1121
648
3553
4517
-903
-317
16515244
1034
670
3436
4791
-891
-425
16516269
821
711
3319
4444
-736
-407
16517294
493
692
3151
3877
-785
-339
16518319
262
620
2910
3500
-673
-250
16511104
161
521
2612
3192
-532
-123
16512129
189
395
2250
3060
-595
-47
16513154
317
308
1862
2964
-448
46
16514179
407
233
1394
2824
-352
142
16515204
457
143
837
2750
-529
186
16516229
560
66
266
2714
-674
281
16517254
535
-21
-271
2601
-691
382
16518279
366
-119
-823
2533
-834
425
16519304
219
-232
-1425
2847
-980
426
16520329
116
-345
-2048
3315
-1067
458
16521354
-78
-473
-2689
3748
-1123
493
16522379
-403
-622
-3326
4174
-1173
508
16523404
-787
-745
-3788
4264
-1214
559
16524429
-1154
-872
-3998
4151
-1141
698
16525454
-1430
-962
-4129
4646
-1138
978
16526479
-1391
-956
-4097
5446
-1489
1201
16519296
-987
-886
-3973
6008
-1899
1274
16520321
-477
-819
-3826
6260
-1955
1185
16521346
-276
-768
-3533
6047
-1801
1154
16522371
-554
-734
-3093
5426
-1652
1135
16523396
-1071
-717
-2627
4644
-1556
1001
16524421
-1321
-709
-2226
4162
-1689
1162
16525446
-1308
-635
-1871
3958
-1911
1350
16526471
-1245
-501
-1546
3594
-2012
1065
16527496
-1116
-408
-1283
3400
-2028
784
16528521
-926
-355
-1085
3366
-2021
722
16529546
-799
-325
-928
3315
-1866
800
16530571
-864
-296
-822
3166
-1734
1011
16531596
-1085
-267
-751
3002
-1778
1217
16532621
-1219
-220
-696
3008
-1935
1342
16533646
-1147
-161
-641
3004
-1938
1274
16534671
-1075
-140
-585
3053
-1944
1164
16527488
-1011
-152
-521
3270
-2207
1172
16528513
-782
-173
-433
3537
-2447
1243
16529538
-385
-197
-325
3763
-2512
1253
16530563
55
-223
-191
3945
-2455
1187
16531588
425
-253
-15
4251
-2300
1149
16532613
625
-255
222
4564
-2237
1111
16533638
696
-263
468
5096
-2234
1054
16534663
779
-238
680
5394
-2286
1038
16535688
943
-176
890
5477
-2313
1126
16536713
1186
-30
1158
4830
-2090
1067
16537738
1329
90
1523
4280
-1665
604
16538763
1376
146
1873
4459
-1585
347
16539788
1545
214
2111
5183
-1717
533
16540813
1741
356
2253
5854
-1546
547
16541838
1708
534
2363
5658
-1333
234
16542863
1504
628
2447
5402
-1313
-56
16535679
1496
681
2495
5498
-1245
-32
16536704
1471
765
2535
5270
-925
-57
16537729
1140
844
2623
4493
-690
-179
16538754
779
787
2677
3948
-831
-238
16539779
738
709
2651
3888
-1049
-40
16540804
837
670
2572
4261
-1093
93
16541829
834
743
2508
4004
-857
39
16542854
717
801
2387
3568
-831
-165
16543879
639
802
2184
3268
-811
-290
16544904
545
748
1927
3171
-691
-300
16545929
393
672
1676
3027
-720
-208
16546954
276
600
1460
2846
-797
-100
16547979
210
524
1210
2809
-640
-35
16549004
194
412
842
3014
-593
-17
16550029
284
281
423
3243
-809
-11
16551054
411
167
39
3305
-942
76
16543873
361
32
-323
3411
-982
127
16544898
231
-160
-704
3730
-991
158
16545923
234
-362
-1133
4155
-984
287
16546948
268
-535
-1580
4483
-1070
388
16547973
209
-672
-1978
4294
-1177
377
16548998
74
-824
-2298
3941
-1270
419
16550023
-20
-961
-2483
3843
-1309
610
16551048
-1
-1016
-2504
3969
-1247
842
16552073
71
-994
-2458
4391
-1120
953
16553098
55
-902
-2397
4845
-1095
931
16554123
-165
-804
-2348
5044
-1121
829
16555148
-661
-752
-2304
5095
-1063
723
16556173
-1394
-725
-2226
4897
-1044
679
16557198
-2126
-697
-2104
4499
-1114
664
16558223
-2609
-683
-1944
3961
-1279
723
16559248
-2735
-698
-1793
3564
-1473
871
16552064
-2501
-725
-1694
3465
-1739
1091
16553089
-1982
-714
-1606
3385
-2041
1189
16554114
-1308
-648
-1522
3222
-2157
1094
16555139
-664
-580
-1454
3154
-2046
1106
16556164
-177
-549
-1411
3280
-1966
1199
16557189
45
-526
-1337
3219
-1777
1338
16558214
-64
-505
-1253
3192
-1683
1464
16559239
-298
-460
-1159
3352
-1720
1532
16560264
-411
-382
-1030
3463
-1722
1539
16561289
-446
-336
-874
3443
-1605
1406
16562314
-511
-336
-732
3553
-1624
1358
16563339
-464
-335
-622
3802
-1947
1384
16564364
-173
-306
-514
4018
-2254
1476
16565389
176
-235
-380
4054
-2248
1473
16566414
375
-144
-194
4067
-2054
1242
16567439
428
-84
35
4187
-1867
934
16560257
395
-62
257
4586
-1869
836
16561282
360
-34
430
5160
-2016
916
16562307
369
54
574
5308
-2175
990
16563332
491
199
764
4777
-2294
948
16564357
751
311
1069
4363
-2094
658
16565382
1054
378
1400
4451
-1789
397
16566407
1398
456
1657
4798
-1758
386
16567432
1657
566
1840
5155
-1717
348
16568457
1713
692
1974
5356
-1638
154
16569482
1753
810
2053
5529
-1695
13
16570507
1861
930
2123
5805
-1544
191
16571532
1661
1103
2233
5742
-1294
127
16572557
1363
1246
2425
5193
-998
-57
16573582
1041
1294
2602
4687
-852
-253
16574607
862
1286
2698
4192
-1050
-403
16575632
976
1183
2691
4032
-1137
-352
16568448
913
1151
2616
4037
-1052
-235
16569473
615
1165
2521
3986
-1199
-110
16570498
355
1159
2423
4091
-1133
-38
16571523
48
1156
2347
3920
-862
-107
16572548
-310
1102
2264
3677
-766
-344
16573573
-464
966
2170
3466
-656
-417
16574598
-384
784
1982
3405
-498
-308
16575623
-198
635
1717
3277
-343
-174
16576648
-37
518
1383
3188
-333
-53
16577673
39
411
986
3231
-396
-11
16578698
67
306
555
3212
-434
-6
16579723
10
177
105
3237
-582
76
16580748
-153
27
-352
3442
-810
170
16581773
-366
-126
-847
3770
-974
268
16582798
-500
-294
-1405
4120
-1084
349
16583823
-562
-461
-1936
4265
-1134
394
16576738
-651
-648
-2349
3852
-1175
492
16577763
-698
-815
-2593
3466
-1207
808
16578788
-601
-918
-2750
3948
-1312
1201
16579813
-303
-890
-2800
4654
-1184
1322
16580838
-162
-807
-2775
4995
-1040
1255
16581863
-372
-766
-2813
5372
-1289
1087
16582888
-674
-746
-2809
5616
-1517
975
16583913
-1029
-729
-2715
5336
-1412
1003
16584938
-1512
-711
-2555
4620
-1260
1094
16585963
-1884
-713
-2376
4040
-1620
1198
16586988
-1684
-716
-2202
3601
-1724
1449
16588013
-1389
-678
-2093
3545
-1808
1263
16589038
-831
-594
-1965
3349
-2040
926
16590063
-186
-542
-1865
3193
-1897
769
16591088
122
-518
-1758
3258
-1638
765
16592113
45
-492
-1694
3375
-1588
962
16584831
-268
-423
-1634
3457
-1695
1219
16585856
-734
-331
-1526
3301
-1719
1306
16586881
-1250
-239
-1393
3276
-1751
1296
16587906
-1582
-155
-1246
3479
-2010
1250
16588931
-1570
-110
-1072
3718
-2226
1233
16589956
-1359
-91
-874
4030
-2489
1318
16590981
-990
-66
-636
4236
-2762
1335
16592006
-529
-30
-324
4292
-2690
1320
16593031
-268
19
73
4113
-2300
1195
16594056
-264
27
495
3970
-1943
918
16595081
-219
-22
811
4182
-1844
675
16596106
-36
-84
959
4527
-2011
637
16597131
125
-123
1005
4773
-2260
727
16598156
340
-73
1058
4637
-2533
918
16599181
648
24
1236
4136
-2326
711
16600206
853
48
1489
4277
-1881
197
16593025
1146
24
1657
4641
-1950
-15
16594050
1691
23
1733
5486
-2262
300
16595075
2201
156
1841
6334
-2079
527
16596100
2217
387
2025
5922
-1444
254
16597125
1832
513
2263
5387
-1222
-86
16598150
1642
553
2486
4985
-1242
-94
16599175
1693
587
2655
5012
-1363
156
16600200
2178
656
2770
4967
-455
365
16601225
1452
831
2966
4458
-479
312
16602250
799
831
3024
4106
-1254
31
16603275
1023
820
3000
4068
-1053
209
16604300
855
848
2852
4148
-946
218
16605325
695
895
2685
3935
-1165
92
16606350
670
911
2477
3643
-1102
58
16607375
486
919
2248
3403
-1033
86
16608400
245
897
2012
3231
-1129
50
16601216
160
857
1790
2984
-1096
51
16602241
153
799
1540
2852
-926
93
16603266
98
717
1214
2967
-825
83
16604291
23
627
838
3045
-816
75
16605316
-39
528
436
2987
-810
76
16606341
-164
406
52
2870
-895
97
16607366
-294
245
-346
2960
-1090
180
16608391
-286
63
-774
3239
-1236
336
16609416
-233
-98
-1195
3414
-1218
522
16610441
-299
-258
-1641
3518
-1235
590
16611466
-427
-447
-2128
3892
-1337
540
16612491
-444
-595
-2512
3913
-1434
623
16613516
-394
-704
-2713
3585
-1416
903
16614541
-445
-813
-2839
3769
-1328
1062
16615566
-450
-878
-2893
4325
-1227
990
16616591
-285
-894
-2907
4883
-1199
920
16609408
-90
-904
-2913
5375
-1279
912
16610433
-85
-904
-2845
5584
-1343
902
16611458
-377
-898
-2681
5353
-1262
902
16612483
-895
-881
-2478
4823
-1172
896
16613508
-1361
-881
-2256
4271
-1291
957
16614533
-1568
-874
-2051
3933
-1406
1125
16615558
-1566
-842
-1881
3654
-1510
1242
16616583
-1429
-754
-1736
3507
-1802
1190
16617608
-1091
-598
-1609
3469
-1867
1156
16618633
-858
-445
-1509
3469
-1601
1099
16619658
-984
-362
-1468
3500
-1547
949
16620683
-1255
-298
-1447
3592
-1761
1094
16621708
-1451
-197
-1406
3559
-1878
1309
16622733
-1681
-109
-1325
3327
-1785
1279
16623758
-1880
-78
-1214
3270
-1987
1238
16624783
-1729
-86
-1079
3301
-2331
1334
16617600
-1290
-118
-911
3396
-2505
1399
16618625
-762
-156
-730
3610
-2630
1418
16619650
-231
-180
-515
3841
-2627
1417
16620675
212
-183
-248
4002
-2469
1368
16621700
491
-170
37
4206
-2265
1238
16622725
660
-153
306
4490
-2138
1060
16623750
751
-144
532
5191
-2156
1020
16624775
802
-88
718
5952
-2352
1110
16625800
927
52
912
5709
-2356
1211
16626825
1038
240
1223
4324
-1897
1007
16627850
982
320
1656
3648
-1414
479
16628875
972
351
2025
3903
-1425
340
16629900
1193
400
2248
4728
-1524
517
16630925
1320
511
2386
5271
-1364
457
16631950
1111
634
2459
5366
-1308
164
16632975
808
689
2439
5325
-1469
-13
16625791
756
701
2378
5778
-1708
105
16626816
904
786
2395
5875
-1467
191
16627841
716
902
2527
5101
-910
41
16628866
335
851
2703
4472
-831
-154
16629891
229
731
2822
4038
-946
-108
16630916
353
597
2828
4159
-1059
67
16631941
534
520
2794
4206
-1132
117
16632966
709
523
2763
3811
-1035
71
16633991
754
509
2628
3412
-931
-32
16635016
739
476
2403
3141
-1003
-94
16636041
785
411
2128
3044
-958
-39
16637066
809
358
1838
2858
-791
81
16638091
755
306
1505
2692
-730
129
16639116
722
245
1115
2691
-760
160
16640141
741
161
683
2889
-767
226
16641166
729
101
244
2997
-733
300
16633985
604
45
-192
3069
-814
331
16635010
434
-34
-602
3199
-959
340
16636035
323
-132
-978
3328
-962
448
16637060
222
-226
-1358
3562
-951
593
16638085
70
-315
-1750
3873
-1021
649
16639110
-110
-406
-2122
4109
-1117
668
16640135
-353
-517
-2484
4323
-1184
659
16641160
-621
-598
-2683
3991
-1249
757
16642185
-880
-668
-2733
3695
-1280
919
16643210
-1092
-729
-2746
3998
-1199
915
16644235
-1158
-723
-2739
4574
-1146
829
16645260
-1083
-713
-2735
5217
-1299
798
16646285
-1004
-710
-2682
5515
-1496
714
16647310
-1090
-718
-2555
5455
-1511
645
16648335
-1285
-754
-2362
5003
-1521
651
16649360
-1391
-814
-2136
4404
-1663
869
16642177
-1262
-889
-1907
4036
-1772
1223
16643202
-944
-924
-1685
3750
-1741
1372
16644227
-578
-894
-1493
3592
-1816
1294
16645252
-181
-796
-1316
3588
-1815
1221
16646277
91
-684
-1151
3468
-1532
1128
16647302
118
-585
-1022
3300
-1317
1247
16648327
-116
-467
-984
3248
-1202
1412
16649352
-674
-377
-990
3161
-1173
1417
16650377
-1319
-294
-1005
3010
-1474
1343
16651402
-1638
-225
-1016
2885
-1866
1250
16652427
-1491
-194
-1011
2940
-2090
1257
16653452
-1111
-186
-975
3180
-2185
1326
16654477
-690
-177
-895
3449
-2347
1341
16655502
-229
-179
-768
3774
-2425
1305
16656527
197
-174
-585
4040
-2346
1302
16657552
447
-147
-346
4186
-2189
1212
16650367
494
-114
-70
4320
-2015
967
16651392
472
-99
214
4447
-1888
705
16652417
485
-131
455
4916
-1886
642
16653442
565
-147
615
5549
-2101
729
16654467
707
-92
725
5400
-2359
859
16655492
974
29
907
4386
-2445
857
16656517
1315
121
1231
3727
-2044
524
16657542
1609
179
1559
3998
-1708
328
16658567
1837
282
1810
4590
-1666
244
16659592
1945
428
1971
5054
-1699
122
16660617
1990
551
2040
5683
-1791
-95
16661642
2117
692
2052
6257
-1936
-9
16662667
2200
883
2074
6684
-1817
38
16663692
2101
1113
2200
6105
-1194
-39
16664717
1562
1222
2390
5486
-795
-80
16665742
990
1245
2596
5094
-882
-18
16658561
658
1260
2754
5116
-937
212
16659586
445
1303
2905
4893
-919
195
16660611
237
1318
3068
4530
-857
-19
16661636
6
1276
3138
4194
-859
-234
16662661
-107
1191
3088
3858
-899
-292
16663686
-73
1083
2890
3753
-881
-243
16664711
-17
1001
2633
3513
-794
-194
16665736
17
932
2377
3089
-808
-196
16666761
82
847
2099
2768
-799
-189
16667786
171
739
1758
2575
-518
-155
16668811
272
625
1302
2514
-421
-100
16669836
350
528
819
2620
-574
-51
16670861
359
432
362
2767
-652
11
16671886
202
295
-82
2926
-727
59
16672911
47
123
-544
3077
-888
92
16673936
11
-42
-1014
3267
-912
209
16666752
-85
-228
-1505
3742
-991
331
16667777
-242
-393
-1985
4129
-1144
366
16668802
-338
-569
-2365
3967
-1227
446
16669827
-350
-718
-2591
3446
-1228
739
16670852
-408
-874
-2735
3656
-1097
963
16671877
-503
-993
-2815
4391
-956
925
16672902
-459
-1024
-2859
4926
-1064
905
16673927
-294
-1023
-2925
5329
-1334
976
16674952
-239
-1020
-2999
5735
-1429
971
16675977
-482
-1007
-3016
5739
-1398
878
16677002
-900
-1011
-2975
5369
-1333
873
16678027
-1344
-1035
-2879
4840
-1322
970
16679052
-1671
-1055
-2734
4379
-1408
1161
16680077
-1753
-1044
-2593
4155
-1573
1319
16681102
-1516
-976
-2499
4056
-1885
1305
16682127
-969
-823
-2392
3868
-1961
1290
16674943
-617
-682
-2280
3780
-1754
1055
16675968
-681
-625
-2195
3912
-1728
834
16676993
-961
-582
-2115
4030
-1989
1086
16678018
-1260
-470
-1974
3965
-2164
1512
16679043
-1571
-322
-1768
3671
-2109
1510
16680068
-1813
-233
-1534
3450
-2303
1343
16681093
-1710
-195
-1272
3392
-2669
1378
16682118
-1302
-177
-960
3447
-2804
1491
16683143
-821
-167
-620
3564
-2891
1489
16684168
-281
-168
-287
3738
-2943
1377
16685193
280
-156
31
3854
-2784
1283
16686218
615
-112
344
3913
-2411
1179
16687243
639
-62
648
3966
-2159
1023
16688268
543
-31
913
4123
-2082
841
16689293
503
-41
1115
4582
-2163
708
16690318
594
-67
1235
5223
-2348
645
16683136
848
-35
1295
5495
-2676
779
16684161
1288
104
1438
4897
-2650
761
16685186
1616
211
1733
4434
-1981
309
16686211
1735
243
2042
4594
-1688
-27
16687236
2011
268
2249
5219
-1911
43
16688261
2427
387
2380
6253
-1921
323
16689286
2521
640
2497
6592
-1642
157
16690311
2270
862
2614
6476
-1396
-254
16691336
2087
986
2713
6148
-1535
-394
16692361
2178
1055
2756
5958
-819
-48
16693386
1440
1195
2874
5665
-789
30
16694411
961
1241
2968
5242
-1115
2
16695436
558
1290
3094
4901
-771
58
16696461
68
1276
3159
4728
-1018
-22
16697486
-38
1224
3192
4679
-1183
-187
16698511
-17
1174
3204
4488
-989
-297
16691329
-114
1111
3147
4122
-904
-410
16692354
-127
1009
2991
3714
-818
-434
16693379
-36
889
2724
3260
-484
-333
16694404
-79
770
2363
2818
-218
-221
16695429
-184
648
1935
2553
-423
-176
16696454
-141
539
1506
2486
-715
-145
16697479
-2
438
1058
2568
-808
-93
16698504
116
331
555
2653
-709
-58
16699529
186
213
31
2767
-738
-4
16700554
176
85
-443
2828
-836
55
16701579
101
-80
-906
2993
-876
163
16702604
18
-255
-1374
3279
-996
331
16703629
-12
-404
-1831
3561
-1125
474
16704654
4
-541
-2300
3893
-1208
556
16705679
12
-695
-2797
4293
-1263
589
16706704
42
-809
-3141
4044
-1288
744
16699520
-14
-913
-3306
3701
-1176
943
16700545
-203
-1041
-3419
4315
-1126
1101
16701570
-171
-1057
-3422
5010
-1082
1171
16702595
-59
-1037
-3364
5452
-1005
1267
16703620
-289
-1021
-3321
5773
-1140
1351
16704645
-924
-974
-3230
5898
-1228
1288
16705670
-1829
-893
-3078
5704
-1248
1117
16706695
-2654
-763
-2895
5250
-1555
1172
16707720
-3077
-576
-2680
4708
-1776
1530
16708745
-3195
-335
-2457
4328
-1925
1321
16709770
-2976
-136
-2243
3998
-1994
840
16710795
-2620
-57
-2077
3908
-2171
564
16711820
-2138
-26
-1913
3864
-2340
730
16712845
-1756
29
-1762
3790
-2261
962
16713870
-1757
68
-1635
3801
-2336
931
16714895
-1798
88
-1516
3668
-2660
928
16707712
-1628
93
-1355
3373
-2686
994
16708737
-1392
64
-1157
3119
-2655
964
16709762
-1106
-2
-941
3085
-2761
892
16710787
-696
-92
-727
3267
-2849
932
16711812
-236
-159
-515
3318
-2886
948
16712837
156
-230
-268
3394
-2819
883
16713862
472
-303
-5
3540
-2663
914
16714887
702
-355
257
3598
-2482
946
16715912
817
-382
519
3587
-2308
818
16716937
854
-407
786
3838
-2210
669
16717962
931
-451
1025
4776
-2350
596
16718987
1156
-452
1188
5607
-2492
674
16720012
1424
-341
1332
5384
-2438
885
16721037
1626
-190
1597
4771
-2157
857
16722062
1726
-70
1993
4586
-1540
532
16723087
1652
0
2355
4800
-1280
326
16715903
1614
63
2569
5096
-1406
272
16716928
1650
133
2618
5519
-1538
333
16717953
1708
272
2594
6256
-1930
299
16718978
2911
439
2450
6424
-1968
487
16720003
2522
782
2768
5357
971
683
16721028
-751
941
2713
5113
-757
-33
16722053
-355
744
2891
4665
-2992
-422
16723078
1448
675
2952
5125
-399
419
16724103
839
821
2974
4782
87
561
16725128
-112
870
2981
4162
-1204
130
16726153
30
805
2897
4288
-1344
44
16727178
299
803
2709
4651
-1057
114
16728203
233
855
2564
4284
-996
74
16729228
132
866
2439
3628
-940
-30
16730253
121
815
2226
3172
-787
-51
16731278
105
741
1922
2911
-679
7
16724096
111
630
1539
2797
-748
83
16725121
134
543
1120
2716
-839
162
16726146
88
486
659
2669
-883
205
16727171
-45
434
182
2605
-950
229
16728196
-245
346
-334
2539
-1018
154
16729221
-441
234
-854
2482
-1191
102
16730246
-571
97
-1417
2891
-1317
131
16731271
-703
-25
-2065
3694
-1236
126
16732296
-878
-112
-2725
4054
-1266
84
16733321
-1012
-163
-3200
3528
-1469
131
16734346
-1179
-262
-3484
3185
-1587
248
16735371
-1275
-325
-3596
3196
-1538
321
16736396
-1096
-356
-3589
3432
-1241
350
16737421
-858
-435
-3701
4257
-945
377
16738446
-663
-526
-3904
5744
-1299
472
16739471
-523
-512
-3915
6594
-1871
557
16732288
-1266
-465
-3641
6303
-564
1604
16733313
-3673
-316
-3245
5857
-2975
-485
16734338
-1151
-278
-2975
4589
-3864
284
16735363
-597
-542
-2300
4700
-202
1938
16736388
-2501
-406
-1951
4429
-1847
1055
16737413
-2078
-307
-1613
3913
-3000
11
16738438
-552
-446
-1274
3639
-1870
60
16739463
-194
-537
-984
3366
-1811
121
16740488
-12
-600
-766
3328
-2104
278
16741513
269
-608
-546
3361
-1813
725
16742538
62
-520
-365
3156
-1502
932
16743563
-525
-410
-218
2859
-1380
810
16744588
-1153
-334
-110
2703
-1409
689
16745613
-1650
-276
-13
2753
-1461
633
16746638
-1997
-239
100
2764
-1493
519
16747663
-2162
-241
198
2807
-1676
411
16740480
-2030
-275
268
3031
-1982
441
16741505
-1656
-321
339
3408
-2118
573
16742530
-1289
-344
426
3838
-2047
753
16743555
-1103
-324
526
4006
-1890
797
16744580
-1039
-309
648
4227
-1851
675
16745605
-937
-284
764
4882
-1931
905
16746630
-672
-83
894
4991
-1844
1424
16747655
-680
243
1115
4549
-1324
1299
16748680
-1280
419
1433
4805
-1048
588
16749705
-1766
459
1740
5533
-1452
494
16750730
-1662
498
1947
6113
-1814
1024
16751755
-390
507
2625
8910
-1338
878
16752780
2284
646
3450
2437
-867
1628
16753805
1224
674
250
5694
4
1894
16754830
973
771
1979
6978
-1323
1285
16755855
1407
1039
2569
2473
636
2313
16748673
-2512
1188
2114
3825
80
1387
16749698
-2233
1007
2600
4328
-3526
185
16750723
1069
985
2723
3515
-1281
769
16751748
1363
1097
2300
3797
1182
1249
16752773
-427
1292
2009
3255
-461
742
16753798
-925
1275
1607
3230
-1543
356
16754823
-609
1257
1265
3189
-1032
453
16755848
-876
1313
917
2876
-793
589
16756873
-1400
1341
501
2796
-1120
461
16757898
-1564
1364
157
2647
-1339
323
16758923
-1489
1377
-139
2433
-1215
311
16759948
-1543
1364
-480
2376
-1056
260
16760973
-1708
1327
-869
2506
-1122
150
16761998
-1808
1288
-1282
2688
-1252
58
16763023
-1970
1270
-1726
2996
-1315
28
16764048
-2283
1285
-2210
3620
-1431
-70
16756864
-2558
1351
-2647
4325
-1564
-283
16757889
-2726
1446
-3016
4769
-1619
-482
16758914
-2922
1487
-3375
5793
-1733
-703
16759939
-3155
1487
-3675
7383
-1789
-1132
16760964
-3325
1488
-3668
6572
-1859
-1409
16761989
-3415
1264
-3428
4648
-2134
-1033
16763014
-3151
947
-2989
3789
-2164
-309
16764039
-2321
740
-2379
3881
-1658
441
16765064
-1386
566
-1914
4196
-1135
595
16766089
-772
377
-1599
4475
-1106
207
16767114
-301
151
-1339
4826
-1283
31
16768139
-83
-6
-1145
4879
-1391
-45
16769164
-234
-69
-960
4320
-1487
-151
16770189
-399
-211
-804
3486
-1698
-137
16771214
-362
-360
-714
2922
-1807
74
16772239
-177
-458
-674
2599
-1720
358
4294955135
-17
-498
-643
2354
-1600
669
4294956160
115
-447
-645
2197
-1530
1059
4294957185
184
-306
-688
2124
-1361
1175
4294958210
-12
-219
-801
2396
-1246
1101
4294959235
-399
-185
-927
2661
-1445
1199
4294960260
-671
-93
-1011
2701
-1662
1547
4294961285
-927
-54
-1059
2729
-1559
1513
4294962310
-1250
-108
-1059
2983
-1705
1399
4294963335
-1230
-174
-1009
3150
-2108
1448
4294964360
-700
-256
-891
3273
-2252
1531
4294965385
-44
-340
-727
3490
-2190
1560
4294966410
500
-407
-559
3771
-2214
1583
139
930
-432
-358
3948
-2255
1547
1164
1255
-439
-144
4240
-2201
1279
2189
1521
-443
58
4779
-2204
934
3214
1802
-448
226
5749
-2307
709
4294963328
2104
-359
380
6230
-2417
776
4294964353
2405
-146
582
5402
-2382
792
4294965378
2557
66
950
4174
-1929
306
4294966403
2512
186
1432
3738
-1386
-214
132
2468
232
1811
4246
-1229
-387
1157
2502
262
1959
5036
-1317
-341
2182
2563
365
1925
5711
-1612
-170
3207
2663
598
1809
6008
-2208
-145
4232
2743
870
1756
6166
-2282
-508
5257
2534
1090
1851
6121
-1856
-812
6282
2224
1217
2026
5532
-1421
-737
7307
1945
1270
2262
5052
-917
-477
8332
1544
1331
2495
4832
-710
-451
9357
1068
1353
2647
5112
-692
-659
10382
503
1357
2756
5126
-749
-719
11407
8
1360
2870
4552
-1008
-663
4224
-220
1322
2946
4215
-1111
-561
5249
-261
1281
2966
4139
-1040
-488
6274
-268
1239
2941
4171
-1008
-526
7299
-269
1202
2889
3869
-908
-619
8324
-224
1114
2771
3411
-802
-643
9349
-129
991
2521
3128
-543
-550
10374
-123
834
2113
3153
-274
-497
11399
-194
671
1660
3141
-519
-451
12424
-155
541
1227
2986
-699
-363
13449
-46
408
711
2844
-284
-210
14474
-64
221
55
2940
-160
-69
15499
-114
5
-608
3188
-425
64
16524
-166
-206
-1197
3518
-721
227
17549
-348
-427
-1752
3933
-869
280
18574
-520
-644
-2209
4027
-991
289
19599
-514
-838
-2482
3727
-1221
539
12479
-315
-1038
-2682
3920
-1156
889
13504
-100
-1176
-2826
4531
-755
941
14529
150
-1269
-2930
5102
-597
725
15554
552
-1298
-3050
5615
-1000
804
16579
900
-1315
-3100
6055
-1486
993
17604
961
-1306
-3070
5873
-1386
1162
18629
447
-1299
-3025
5339
-1015
1219
19654
-530
-1302
-2953
4700
-862
1367
20679
-1441
-1250
-2874
4444
-978
1890
21704
-1979
-1048
-2803
4341
-1141
2313
22729
-2272
-743
-2755
4166
-1335
1863
23754
-2412
-491
-2714
4127
-1423
1388
24779
-2432
-319
-2697
4250
-1658
1044
25804
-2421
-171
-2625
4164
-1989
1016
26829
-2458
-72
-2474
4065
-2275
1282
27854
-2552
20
-2249
3859
-2604
1535
20611
-2467
126
-1946
3498
-2965
1564
21636
-2033
205
-1586
3255
-3085
1426
22661
-1419
209
-1222
3280
-3047
1258
23686
-805
162
-898
3519
-3068
1149
24711
-240
112
-581
3636
-3089
1029
25736
225
59
-241
3680
-3019
821
26761
563
4
123
3785
-2793
667
27786
749
-57
482
4008
-2534
532
28811
817
-120
792
4358
-2515
369
29836
930
-183
1044
4758
-2660
241
30861
1208
-237
1269
5584
-2907
215
31886
1686
-167
1504
5764
-3011
404
32911
2087
12
1874
4977
-2350
243
33936
2094
86
2360
5075
-1652
-336
34961
2050
125
2751
5603
-1515
-596
35986
2142
176
3011
6197
-1501
-425
28800
2175
290
3164
6952
-1516
-83
29825
2034
518
3264
7001
-1466
-13
30850
1823
711
3371
6576
-1336
-226
31875
1780
790
3476
6034
-1116
-207
32900
1268
879
3521
5801
-708
-126
33925
1167
842
3592
5796
-1235
-116
34950
984
923
3768
5155
-572
28
35975
410
888
3813
4590
-684
-189
37000
361
793
3745
4096
-1078
-409
38025
719
684
3531
4048
-975
-278
39050
863
624
3228
4158
-966
-158
40075
847
626
2905
3967
-1102
-162
41100
848
635
2616
3511
-1054
-220
42125
797
617
2317
3080
-838
-238
43150
642
544
1957
2961
-682
-242
44175
513
439
1580
2914
-458
-201
36993
417
350
1175
2741
-276
-117
38018
295
262
701
2586
-240
-57
39043
169
167
195
2561
-316
8
40068
15
61
-309
2629
-480
70
41093
-159
-61
-814
2729
-702
131
42118
-285
-187
-1339
2899
-979
179
43143
-341
-307
-1890
3266
-1123
224
44168
-377
-433
-2478
3863
-1192
277
45193
-424
-574
-3085
4293
-1294
273
46218
-465
-714
-3548
4083
-1367
336
47243
-566
-881
-3810
3890
-1403
585
48268
-673
-1045
-3964
4442
-1429
848
49293
-508
-1095
-4015
5423
-1322
1088
50318
-174
-1091
-3987
6124
-1095
1124
51343
-10
-1123
-3935
6681
-1104
1014
52368
-68
-1164
-3792
7120
-1434
891
45184
-231
-1180
-3539
6703
-1592
821
46209
-564
-1212
-3217
5820
-1463
1099
47234
-1026
-1214
-2883
5079
-1532
1475
48259
-1234
-1151
-2558
4550
-1860
1491
49284
-965
-1044
-2275
4229
-2001
1212
50309
-534
-981
-2011
3930
-1799
968
51334
-384
-907
-1768
3696
-1648
1174
52359
-593
-750
-1593
3518
-1613
1347
53384
-1064
-594
-1480
3514
-1711
1210
54409
-1566
-461
-1391
3412
-1977
1058
55434
-1848
-361
-1302
3123
-2246
888
56459
-1819
-319
-1188
2968
-2382
832
57484
-1558
-315
-1017
2853
-2528
985
58509
-1109
-319
-806
3011
-2735
1305
59534
-497
-307
-544
3218
-2755
1388
60559
69
-313
-248
3494
-2519
1300
53375
472
-308
65
3890
-2421
1323
54400
724
-240
399
4209
-2242
1419
55425
758
-125
730
4313
-1991
1314
56450
672
-15
1044
4417
-1801
1095
57475
537
57
1320
4674
-1635
989
58500
345
114
1518
5102
-1719
1018
59525
238
183
1643
5257
-1879
1018
60550
266
239
1727
5222
-2050
972
61575
484
292
1803
5004
-2162
776
62600
871
333
1893
5048
-2148
462
63625
1383
387
1973
5601
-2210
318
64650
1996
519
2087
6130
-2122
325
65675
2396
696
2278
6249
-1641
194
66700
2523
841
2488
6245
-1294
-148
67725
2644
977
2641
6041
-1245
-213
68750
3012
1051
2663
6093
-764
-137
61568
2522
1267
2702
5959
-254
286
62593
1343
1402
2736
5255
-976
49
63618
796
1443
2844
4710
-692
138
64643
86
1437
2869
4489
-784
132
65668
-199
1409
2882
4410
-1271
-26
66693
-61
1366
2879
4233
-1098
-159
67718
-59
1331
2857
3894
-965
-272
68743
-93
1260
2749
3555
-1057
-366
69768
-10
1164
2566
3396
-1009
-311
70793
27
1065
2338
3264
-784
-236
71818
-68
993
2084
2825
-527
-198
72843
-236
870
1762
2528
-531
-172
73868
-321
708
1391
2509
-619
-146
74893
-275
535
967
2621
-541
-78
75918
-190
356
480
2661
-469
-1
76943
-114
184
-24
2665
-676
52
69760
-31
8
-506
2778
-982
112
70785
44
-184
-974
3011
-1117
231
71810
85
-384
-1436
3204
-1088
329
72835
59
-560
-1937
3509
-1050
433
73860
-32
-735
-2468
4048
-1234
502
74885
-27
-900
-3020
4430
-1341
535
75910
64
-996
-3377
3911
-1354
690
76935
-51
-1117
-3579
3612
-1315
892
77960
-311
-1254
-3710
4425
-1220
1024
78985
-380
-1281
-3753
5597
-1020
1079
80010
-342
-1256
-3710
6252
-971
1001
81035
-442
-1227
-3627
6526
-1193
917
82060
-818
-1228
-3445
6768
-1273
896
83085
-1468
-1175
-3162
6229
-1375
935
84110
-2029
-1112
-2858
5383
-1661
1053
85135
-2268
-1032
-2538
4664
-1820
1347
77951
-2169
-920
-2247
4212
-1991
1441
78976
-1723
-764
-2006
3815
-2102
1117
80001
-1244
-663
-1799
3590
-1938
764
81026
-1073
-604
-1643
3507
-1908
768
82051
-1165
-536
-1541
3517
-2012
1019
83076
-1376
-441
-1465
3478
-2213
1146
84101
-1546
-342
-1379
3393
-2379
1130
85126
-1548
-272
-1266
3230
-2460
1132
86151
-1395
-231
-1103
3190
-2522
1297
87176
-1135
-200
-890
3184
-2594
1485
88201
-811
-188
-648
3229
-2636
1544
89226
-464
-189
-390
3390
-2673
1523
90251
-94
-184
-131
3556
-2632
1541
91276
261
-163
127
3732
-2547
1554
92301
544
-119
379
3924
-2400
1391
93326
712
-64
635
4073
-2175
1151
86144
769
-31
878
4378
-1987
1024
87169
779
-16
1079
4988
-1976
1064
88194
827
27
1227
5571
-2076
1129
89219
920
122
1353
5762
-2197
1158
90244
1122
274
1517
5561
-2314
1174
91269
1392
461
1784
5464
-1920
882
92294
1432
601
2111
5561
-1390
269
93319
1337
691
2389
5669
-1459
-97
94344
1472
742
2584
6445
-1614
3
95369
1632
844
2741
7100
-1318
-106
96394
1503
996
2889
6604
-1006
-271
97419
1183
1050
3069
5799
-927
-303
98444
959
1008
3212
5464
-902
-134
99469
849
984
3328
5432
-816
129
100494
564
1002
3449
5001
-759
218
101519
179
998
3585
4400
-932
23
94336
140
911
3609
4044
-1024
-160
95361
323
811
3510
4006
-1014
-181
96386
526
741
3349
3918
-1027
-194
97411
707
717
3130
3574
-982
-218
98436
788
691
2862
3199
-929
-224
99461
744
650
2538
3007
-884
-174
100486
635
587
2194
2821
-720
-132
101511
471
530
1841
2429
-468
-78
102536
234
433
1414
2142
-335
-48
103561
74
316
926
2041
-342
-17
104586
20
194
396
2145
-399
53
105611
-38
72
-163
2294
-492
111
106636
-147
-46
-704
2401
-788
163
107661
-287
-162
-1208
2494
-1073
227
108686
-404
-300
-1725
2710
-1245
279
109711
-428
-449
-2293
3142
-1275
397
102528
-418
-581
-2884
3748
-1333
495
103553
-386
-725
-3532
4457
-1372
533
104578
-314
-859
-4089
4650
-1454
675
105603
-219
-952
-4404
4324
-1657
1021
106628
-167
-1089
-4639
4831
-1639
1263
107653
-106
-1247
-4724
6321
-1353
1373
108678
9
-1329
-4558
7495
-1515
1669
109703
64
-1301
-4230
7487
-1990
2001
110728
-188
-1229
-3657
6765
-2232
1786
111753
-390
-1060
-2859
5708
-2470
1508
112778
-72
-989
-2036
4918
-2001
1652
113803
271
-999
-1408
4551
-1125
2077
114828
40
-942
-1017
4161
-1103
2257
115853
-279
-796
-752
3566
-1794
1928
116878
-215
-684
-530
3115
-2057
1556
117903
-68
-595
-329
2768
-2097
1495
110719
90
-492
-152
2525
-2036
1306
111744
265
-433
-13
2410
-1802
1237
112769
362
-392
65
2443
-1821
1374
113794
482
-347
101
2598
-1765
1456
114819
583
-299
138
2612
-1538
1434
115844
579
-290
111
2790
-1383
1236
116869
560
-355
60
3278
-1381
1101
117894
662
-375
88
3458
-1288
1169
118919
764
-343
165
3481
-835
1004
119944
596
-342
234
3808
-138
531
120969
221
-339
341
3732
154
275
121994
54
-341
411
3440
-129
102
123019
505
-387
334
3720
-290
-81
124044
1076
-364
202
4284
-25
-12
125069
1046
-257
95
4744
-123
25
126094
708
-144
-25
5411
-687
-256
118913
529
-44
-162
6433
-630
-603
119938
330
97
-158
5768
-2
-853
120963
53
87
-61
4470
73
-835
121988
209
-46
81
4194
-82
-739
123013
860
-108
151
4291
-159
-512
124038
1430
-76
93
4989
-504
-443
125063
1611
92
144
4768
-492
-778
126088
1531
172
260
3943
-310
-1010
127113
1453
136
357
3306
-299
-807
128138
1456
88
407
2839
-352
-538
129163
1455
90
363
3052
-95
-434
130188
1066
289
317
2959
-51
-521
131213
1036
62
285
2638
-1248
-983
132238
1778
72
320
3245
-365
-830
133263
1564
242
213
3236
-297
-781
134288
1175
257
25
4081
-892
-1026
127104
1391
307
-1
4194
-746
-916
128129
1568
313
-29
4079
-682
-780
129154
1537
267
-90
4567
-686
-1094
130179
1417
173
-60
4474
-459
-1238
131204
1281
-40
30
3437
-511
-956
132229
1393
-309
74
2800
-652
-529
133254
1780
-512
85
2612
-591
-196
134279
2211
-648
-18
2819
-600
-183
135304
2582
-731
-223
3246
-885
-369
136329
2910
-769
-445
3543
-1168
-566
137354
3177
-787
-632
3705
-1330
-786
138379
3351
-802
-751
3794
-1319
-917
139404
3402
-796
-810
3738
-1245
-886
140429
3384
-761
-810
3511
-1206
-845
141454
3191
-701
-781
3496
-1242
-838
142479
2927
-621
-674
3403
-1685
-1022
135297
3173
-574
-583
3503
-2225
-1319
136322
3513
-422
-349
3811
-1878
-1107
137347
3588
-202
-175
3466
-2241
-1067
138372
3950
-39
-160
3690
-2715
-1466
139397
3973
168
-31
4181
-2356
-1569
140422
3451
317
156
4455
-2078
-1443
141447
2852
476
472
4679
-1976
-1280
142472
2376
646
859
4664
-1807
-1055
143497
1953
819
1100
4963
-1668
-1083
144522
1528
941
1286
5408
-1778
-1528
145547
1250
1013
1524
4910
-1498
-1545
146572
923
944
1745
4625
-1154
-1253
147597
-59
856
2028
4436
-1146
-1087
148622
-332
801
2180
4200
-2142
-1375
149647
544
737
2291
4327
-1016
-1110
150672
172
709
2306
4094
-586
-964
143487
-301
640
2259
3799
-1449
-1194
144512
148
580
2166
4088
-1081
-1194
145537
584
562
2032
3948
-704
-1202
146562
285
491
2016
3493
-673
-950
147587
-140
389
1919
3339
-968
-718
148612
275
331
1802
3065
-852
-509
149637
778
294
1477
3235
-111
-356
150662
703
284
969
3944
32
-332
151687
636
189
392
4550
-152
-372
152712
661
46
-164
3955
-200
-176
153737
566
-270
-694
3470
-763
120
154762
730
-637
-1108
3393
-873
677
155787
1113
-960
-1458
3391
-416
1362
156812
1368
-1250
-1856
3758
-367
1690
157837
1793
-1426
-2201
4177
-697
1633
158862
2331
-1521
-2483
4368
-308
1222
151680
2488
-1658
-2672
4435
234
810
152705
2214
-1785
-2743
4454
-144
966
153730
2061
-1835
-2675
4261
-572
1415
154755
1964
-1851
-2567
4306
-296
1699
155780
1606
-1809
-2435
4407
-33
1856
156805
1138
-1744
-2255
4400
-323
1890
157830
1022
-1586
-2056
4400
-597
1915
158855
1008
-1404
-1877
4592
-411
1713
159880
827
-1269
-1740
4606
-302
1523
160905
579
-1107
-1605
4123
-492
1559
161930
420
-957
-1500
3871
-706
1548
162955
357
-788
-1390
3742
-884
1501
163980
300
-615
-1262
3543
-1069
1495
165005
253
-449
-1139
3432
-1184
1509
166030
191
-284
-1034
3406
-1107
1559
167055
-22
-128
-934
3319
-1203
1564
159872
-287
2
-840
3308
-1486
1462
160897
-396
110
-720
3309
-1736
1347
161922
-335
203
-545
3385
-1812
1267
162947
-226
287
-315
3443
-1761
1161
163972
-150
348
-61
3571
-1753
1022
164997
-14
398
192
3883
-1814
968
166022
150
474
457
4256
-1723
928
167047
119
574
750
4562
-1434
777
168072
-194
646
1024
4724
-1247
502
169097
-576
621
1205
5222
-1399
237
170122
-743
554
1238
5625
-1806
179
171147
-576
553
1211
5127
-2322
183
172172
-148
577
1327
4180
-2507
-25
173197
405
561
1633
4271
-2267
-396
174222
1017
556
1970
5381
-1799
-830
175247
1524
592
2231
5885
-1351
-1193
168064
1820
560
2356
5951
-1399
-1230
169089
2161
522
2419
6146
-1688
-1000
170114
2510
595
2515
7007
-1529
-747
171139
2248
817
2689
6863
-857
-727
172164
1407
938
2949
5854
-664
-926
173189
784
859
3238
5177
-680
-889
174214
507
725
3441
4765
-732
-826
175239
408
583
3482
4796
-968
-746
176264
604
510
3415
4890
-1151
-633
177289
904
534
3291
4450
-1112
-601
178314
1020
572
3116
3952
-1118
-661
179339
1049
568
2890
3677
-1164
-717
180364
1108
531
2626
3687
-1080
-697
181389
1069
487
2343
3642
-749
-622
182414
863
457
2085
3149
-434
-494
183439
600
380
1778
2737
-281
-380
176257
402
246
1397
2779
-265
-246
177282
361
118
970
2940
-215
-137
178307
403
46
528
2987
-191
-93
179332
434
-34
64
2995
-292
-107
180357
471
-170
-426
3119
-428
-11
181382
494
-347
-962
3468
-535
178
182407
513
-496
-1506
3906
-559
378
183432
415
-617
-2021
4350
-652
505
184457
170
-751
-2496
4846
-916
481
185482
-49
-887
-2898
4684
-914
423
186507
-250
-1003
-3178
4217
-736
670
187532
-548
-1139
-3388
4747
-681
916
188557
-693
-1177
-3438
5547
-639
1101
189582
-568
-1137
-3412
6086
-500
1165
190607
-446
-1136
-3379
6740
-721
1045
191632
-338
-1111
-3265
6852
-1096
962
184448
-260
-1123
-3108
6432
-1025
927
185473
-408
-1175
-2967
5637
-845
1179
186498
-739
-1219
-2839
4908
-1036
1593
187523
-929
-1189
-2733
4448
-1539
1956
188548
-720
-1012
-2625
4077
-1808
1999
189573
-500
-803
-2492
3833
-1417
1822
190598
-836
-633
-2402
3610
-1167
1439
191623
-1486
-501
-2370
3647
-1571
1226
192648
-1912
-355
-2300
3590
-1975
1350
193673
-2128
-234
-2161
3399
-2139
1498
194698
-2249
-127
-1934
3192
-2528
1668
195723
-2151
-8
-1604
2943
-3001
1695
196748
-1719
68
-1183
2772
-3123
1555
197773
-1135
84
-723
2830
-3023
1500
198798
-574
78
-291
3038
-2927
1488
199823
-92
69
80
3262
-2797
1378
192639
222
72
415
3521
-2723
1219
193664
374
73
745
3808
-2571
1020
194689
433
63
1061
4005
-2316
800
195714
460
29
1347
4217
-2174
622
196739
516
-20
1589
4668
-2124
525
197764
573
-51
1775
5456
-2136
501
198789
596
-18
1920
5778
-2152
548
199814
614
57
2081
5420
-2142
554
200839
674
114
2320
5135
-1991
403
201864
777
123
2635
5717
-1720
116
202889
829
130
2941
6142
-1419
-310
203914
878
96
3157
6279
-1361
-666
204939
1108
2
3235
6723
-1612
-608
205964
1630
-19
3252
7926
-2012
-385
206989
2090
134
3312
7639
-1468
-514
208014
2026
226
3502
6644
-818
-672
200832
1810
148
3655
5781
-775
-775
201857
1889
55
3715
5140
-726
-520
202882
1833
8
3692
4742
-703
-391
203907
1711
13
3575
4368
-852
-355
204932
1659
34
3404
4041
-893
-284
205957
1532
68
3167
3960
-996
-260
206982
1442
121
2893
3984
-1060
-390
208007
1392
194
2628
3765
-722
-484
209032
1212
249
2366
3218
-418
-517
210057
963
245
2049
2682
-221
-447
211082
728
185
1645
2391
20
-269
212107
506
104
1182
2220
55
-68
213132
394
67
670
2198
-43
24
214157
418
29
85
2520
-113
93
215182
340
-37
-478
2989
-228
175
216207
189
-105
-988
3210
-260
266
209024
-14
-166
-1456
3362
-403
356
210049
-224
-218
-1889
3775
-687
406
211074
-433
-286
-2322
4650
-1012
331
212099
-775
-395
-2715
5835
-1516
353
213124
-1433
-447
-3085
6097
-1729
405
214149
-2001
-404
-3298
5016
-1880
131
215174
-2079
-488
-3362
4200
-1485
314
216199
-2091
-630
-3367
4744
-925
600
217224
-1804
-590
-3384
5581
-1207
923
218249
-1295
-481
-3406
5886
-1691
1128
219274
-1124
-428
-3331
6183
-2003
1045
220299
-1272
-408
-3179
6346
-1955
827
221324
-1631
-375
-2974
5989
-1983
822
222349
-1448
-347
-2744
5180
-2110
1118
223374
-1461
-300
-2542
4422
-1751
1226
224399
-1483
-234
-2316
3995
-2315
807
217216
-783
-258
-2140
3719
-2187
647
218241
-252
-320
-1992
3514
-1739
572
219266
-184
-355
-1892
3407
-1843
681
220291
-282
-347
-1857
3461
-2116
798
221316
-446
-290
-1795
3412
-2245
967
222341
-593
-205
-1706
3254
-2211
1026
223366
-746
-131
-1581
3058
-2098
906
224391
-871
-104
-1414
2981
-2164
944
225416
-835
-99
-1200
2970
-2342
1122
226441
-651
-100
-943
3036
-2426
1236
227466
-434
-112
-657
3143
-2448
1259
228491
-198
-125
-355
3307
-2446
1245
229516
68
-143
-50
3541
-2401
1230
230541
304
-141
238
3705
-2351
1214
231566
473
-112
515
3713
-2223
1157
232591
531
-79
791
3787
-2003
1025
225408
481
-70
1046
4050
-1887
871
226433
473
-90
1232
4531
-2017
795
227458
622
-100
1333
5003
-2158
844
228483
877
-65
1389
5301
-2332
1065
229508
1262
63
1496
5430
-2399
1253
230533
1658
263
1746
5254
-1899
952
231558
1769
432
2098
5183
-1238
324
232583
1667
523
2391
5359
-1141
-16
233608
1642
608
2574
6210
-1467
141
234633
1645
718
2689
6674
-1462
99
235658
1375
834
2772
6647
-1384
-207
236683
1163
870
2820
6433
-1568
-355
237708
1169
864
2833
6150
-1433
-169
238733
1054
861
2881
6028
-1340
113
239758
805
889
3007
5587
-1204
127
240783
599
883
3189
5124
-1076
-84
233600
588
815
3332
4792
-1015
-275
234625
686
747
3381
4738
-1125
-236
235650
849
689
3387
4854
-1155
-207
236675
980
681
3378
4568
-941
-168
237700
948
666
3306
4064
-842
-185
238725
878
627
3141
3499
-714
-132
239750
803
544
2874
3170
-518
-52
240775
727
443
2548
2875
-486
55
241800
657
375
2213
2503
-463
146
242825
552
313
1792
2164
-171
156
243850
425
243
1242
1978
-109
149
244875
325
152
627
2072
-409
134
245900
234
78
76
2103
-505
132
246925
46
-10
-486
1993
-478
188
247950
-214
-153
-1081
2219
-734
258
248975
-339
-304
-1653
2712
-990
403
241794
-373
-413
-2201
3243
-1055
620
242819
-442
-520
-2789
3865
-1155
703
243844
-474
-624
-3392
4475
-1210
620
244869
-538
-757
-3932
4878
-1237
528
245894
-686
-897
-4248
4864
-1259
645
246919
-923
-1056
-4449
5257
-1212
890
247944
-1045
-1134
-4480
6193
-1244
1215
248969
-957
-1087
-4320
6939
-1334
1433
249994
-869
-988
-4075
7244
-1444
1437
251019
-1119
-889
-3720
7126
-1565
1166
252044
-1650
-804
-3268
6435
-1663
818
253069
-2177
-721
-2788
5527
-1758
804
254094
-2460
-659
-2333
4803
-1693
1013
255119
-2558
-621
-1972
4281
-1457
955
256144
-2379
-535
-1735
3944
-1897
531
257169
-1740
-460
-1586
3646
-2385
442
249984
-1056
-421
-1451
3434
-2284
466
251009
-732
-413
-1362
3244
-2090
685
252034
-725
-388
-1327
3202
-1969
1003
253059
-960
-325
-1329
3204
-1853
1107
254084
-1281
-273
-1366
3154
-1951
948
255109
-1433
-254
-1396
3127
-2153
906
256134
-1272
-215
-1376
3155
-2399
1198
257159
-1023
-175
-1283
3184
-2449
1273
258184
-861
-183
-1118
3290
-2622
1340
259209
-655
-213
-872
3400
-2852
1467
260234
-247
-258
-550
3633
-2841
1539
261259
268
-293
-206
3888
-2717
1482
262284
734
-282
158
4066
-2557
1382
263309
980
-223
566
4117
-2204
1340
264334
892
-151
965
4073
-1898
1256
265359
676
-123
1282
4399
-1909
1198
258176
630
-98
1468
4685
-2083
1201
259201
767
-61
1561
4977
-2284
1148
260226
1069
5
1613
5289
-2439
1018
261251
1541
142
1709
5033
-2310
777
262276
1940
280
1890
5048
-2008
469
263301
2240
432
2096
5690
-1925
420
264326
2545
638
2281
6529
-1842
495
265351
2578
891
2438
7049
-1523
376
266376
2199
1125
2560
7037
-1386
50
267401
1758
1286
2669
6680
-1320
27
268426
1284
1389
2804
6368
-1169
221
269451
857
1464
2983
5884
-886
207
270476
475
1473
3181
5390
-707
166
271501
-39
1449
3352
4955
-767
125
272526
-322
1356
3446
4665
-1129
-15
273551
-174
1232
3465
4523
-1234
-106
266368
45
1135
3419
4317
-1176
-209
267393
238
1046
3308
3986
-1159
-288
268418
471
962
3115
3611
-1079
-283
269443
630
886
2853
3263
-879
-223
270468
572
800
2553
2926
-656
-123
271493
342
706
2236
2570
-584
-82
272518
165
595
1867
2268
-548
-51
273543
67
484
1458
2098
-581
-27
274568
5
369
1000
2076
-620
-41
275593
-34
236
528
1992
-582
-33
276618
-61
97
40
1928
-630
-29
277643
-80
-53
-467
2013
-744
-11
278668
-112
-247
-1021
2379
-985
99
279693
-108
-467
-1583
2819
-1246
353
280718
5
-646
-2112
3135
-1319
660
281743
116
-777
-2624
3640
-1375
904
274560
284
-896
-3102
4337
-1456
973
275585
537
-1046
-3574
4894
-1250
844
276610
664
-1208
-3906
4797
-1112
837
277635
514
-1396
-4080
4639
-1078
1027
278660
134
-1590
-4103
5170
-940
1338
279685
-320
-1653
-4021
5975
-896
1599
280710
-572
-1598
-3953
6772
-1191
1585
281735
-567
-1493
-3858
6991
-1460
1483
282760
-750
-1413
-3644
6996
-1487
1469
283785
-1262
-1301
-3321
6627
-1638
1432
284810
-1747
-1100
-2909
5814
-1811
1774
285835
-2038
-825
-2492
4892
-1671
1897
286860
-2286
-616
-2141
4355
-1378
1514
287885
-2414
-464
-1905
4016
-1729
1305
288910
-2223
-335
-1734
3649
-2108
1346
289935
-1937
-156
-1575
3298
-2169
1377
282751
-1789
-34
-1492
3371
-2273
1277
283776
-1638
52
-1447
3523
-2806
1439
284801
-1299
151
-1342
3084
-3108
1566
285826
-895
179
-1122
2867
-2882
1524
286851
-515
171
-821
2802
-2645
1562
287876
-156
151
-494
2691
-2509
1621
288901
200
111
-208
2737
-2402
1518
289926
547
72
22
2928
-2439
1427
290951
829
36
236
3107
-2430
1342
291976
1038
5
435
3392
-2339
1214
293001
1188
-9
623
3685
-2262
1044
294026
1324
-5
809
3849
-2140
902
295051
1424
1
1003
3935
-1948
779
296076
1455
-13
1203
4148
-1810
600
297101
1452
-45
1371
4622
-1767
435
298126
1430
-97
1464
5547
-1878
244
290945
1424
-137
1441
6719
-2301
190
291970
1615
-23
1342
6501
-2822
352
292995
1923
127
1453
5610
-2725
8
294020
2072
209
1874
5132
-1976
-615
295045
2233
209
2360
5101
-1473
-995
296070
2671
190
2698
5321
-1096
-1040
297095
3077
193
2861
5782
-945
-957
298120
3365
262
2843
6051
-1106
-839
299145
3451
439
2689
6097
-1435
-621
300170
3265
644
2515
6354
-1564
-776
301195
2769
814
2423
6197
-1423
-817
302220
1976
977
2461
5204
-1237
-747
303245
1341
991
2534
4707
-982
-733
304270
1016
966
2598
4512
-796
-638
305295
812
958
2604
4391
-837
-561
306320
630
975
2537
4329
-1070
-593
299136
464
1018
2434
4228
-1182
-736
300161
246
1037
2325
4017
-1110
-842
301186
-127
997
2246
3718
-969
-864
302211
-584
891
2205
3397
-863
-777
303236
-909
703
2119
3230
-846
-725
304261
-933
475
1997
3032
-861
-614
305286
-759
239
1770
3047
-891
-509
306311
-422
57
1443
3054
-962
-422
307336
9
-125
1088
2936
-932
-271
308361
350
-292
740
2616
-713
-85
309386
523
-437
363
2324
-576
29
310411
635
-633
-103
2364
-697
132
311436
789
-859
-575
2474
-946
343
312461
940
-1038
-1032
2716
-1077
620
313486
1055
-1155
-1530
3355
-1157
1034
314511
1241
-1139
-2028
3986
-1288
1411
307327
1341
-1143
-2511
4338
-1266
1445
308352
1263
-1217
-2894
3944
-1071
1325
309377
960
-1392
-3156
3554
-863
1125
310402
471
-1720
-3369
4098
-577
1075
311427
-112
-1983
-3460
5224
-369
1663
312452
-451
-1917
-3516
6248
-656
2912
313477
-488
-1663
-3607
6310
-857
2949
314502
-876
-1585
-3678
6657
-928
1986
315527
-1552
-1580
-3615
6923
-1775
1336
316552
-1588
-1486
-3344
6127
-2489
1868
317577
-1068
-1303
-2927
5023
-2333
2379
318602
-462
-1070
-2451
4211
-1986
2194
319627
139
-923
-2069
3708
-1888
1694
320652
648
-878
-1734
3478
-1774
1381
321677
962
-858
-1439
3472
-1781
1245
322702
1110
-796
-1195
3387
-1686
1434
315520
860
-702
-1007
3335
-1457
1649
316545
308
-585
-889
3321
-1696
1742
317570
1
-449
-795
3203
-2188
1664
318595
160
-338
-653
2951
-2209
1552
319620
455
-273
-479
2809
-2044
1479
320645
752
-218
-297
2831
-2105
1441
321670
1086
-143
-98
2985
-2131
1405
322695
1358
-48
110
3264
-2025
1382
323720
1482
83
322
3584
-1900
1300
324745
1428
221
552
3860
-1716
1066
325770
1208
336
792
4164
-1607
735
326795
957
415
1010
4383
-1615
455
327820
693
441
1186
4686
-1596
106
328845
348
371
1310
5920
-1778
-252
329870
240
357
1286
6792
-2309
-89
330895
665
538
1255
5800
-2695
113
323712
1082
695
1581
4653
-1975
-361
324737
1179
697
2115
4453
-1200
-894
325762
1431
593
2426
4672
-941
-1070
326787
2109
494
2418
5405
-1245
-801
327812
2676
591
2214
6518
-1608
-223
328837
2794
901
2002
6497
-2023
-291
329862
2527
1125
1937
6134
-1912
-713
330887
1921
1198
2010
5652
-1648
-1032
331912
1474
1148
2142
5309
-1316
-938
332937
1273
1110
2253
5012
-1047
-731
333962
1196
1123
2330
4628
-980
-626
334987
1132
1139
2352
4469
-1056
-771
336012
915
1128
2359
4740
-1176
-1104
337037
602
1083
2382
4808
-1069
-1239
338062
315
1005
2429
4334
-927
-1122
339087
122
885
2450
3889
-838
-885
331904
21
772
2415
3620
-793
-680
332929
-67
679
2318
3488
-728
-585
333954
-161
588
2175
3306
-804
-514
334979
-193
496
1980
3247
-886
-442
336004
-136
420
1699
3350
-768
-428
337029
-75
322
1380
3232
-617
-440
338054
-46
193
1058
2912
-681
-407
339079
-4
8
710
2653
-617
-277
340104
33
-222
301
2517
-496
-59
341129
83
-530
-181
2587
-717
186
342154
242
-808
-698
2853
-987
492
343179
429
-1001
-1246
3372
-1161
767
344204
609
-1116
-1855
4063
-1216
801
345229
732
-1241
-2489
4460
-1276
638
346254
681
-1396
-2940
3803
-1312
662
347279
368
-1595
-3247
3402
-1131
948
340096
-6
-1763
-3482
3998
-978
1248
341121
29
-1764
-3528
4663
-1038
1495
342146
376
-1670
-3496
5271
-1020
1613
343171
562
-1586
-3406
5880
-1001
1565
344196
351
-1552
-3231
6548
-1218
1436
345221
55
-1532
-2985
6657
-1337
1456
346246
-233
-1544
-2630
5845
-1051
1832
347271
-523
-1573
-2277
4912
-1534
2313
348296
-193
-1540
-1912
4110
-1632
2910
349321
-8
-1395
-1610
3701
-1704
2642
350346
456
-1184
-1304
3280
-1953
1708
351371
1165
-1103
-1099
3044
-1564
1260
352396
1466
-1063
-960
3184
-1423
1246
353421
1482
-923
-808
3231
-1274
1604
354446
1087
-747
-703
3312
-1023
1885
355471
327
-539
-629
3216
-1089
1857
348288
-333
-341
-574
3044
-1321
1683
349313
-625
-188
-484
2913
-1366
1573
350338
-718
-86
-345
2936
-1415
1536
351363
-730
-12
-192
3210
-1576
1539
352388
-611
57
-30
3471
-1782
1456
353413
-392
131
144
3733
-1879
1349
354438
-182
217
326
4039
-1904
1242
355463
-27
307
515
4264
-1858
1105
356488
61
377
701
4466
-1765
881
357513
77
409
874
4729
-1700
657
358538
41
394
972
5397
-1788
554
359563
104
425
980
6309
-2187
804
360588
418
626
1025
5621
-2528
976
361613
666
814
1315
4331
-2059
585
362638
663
836
1795
4162
-1506
31
363663
858
799
2165
4549
-1338
-93
356480
1391
764
2310
5332
-1579
-83
357505
1811
830
2311
6185
-1490
75
358530
1819
965
2218
6543
-1905
-89
359555
1869
1104
2148
6271
-1922
-190
360580
1611
1200
2142
5885
-1516
-88
361605
1156
1258
2242
5360
-1302
-21
362630
794
1272
2376
4915
-1045
-53
363655
538
1258
2541
4536
-926
-128
364680
382
1205
2661
4254
-888
-138
365705
263
1133
2724
4124
-993
-129
366730
214
1062
2724
4026
-1145
-193
367755
268
1006
2657
3837
-1136
-251
368780
308
946
2537
3597
-1088
-284
369805
299
885
2376
3351
-1039
-244
370830
241
810
2183
3105
-963
-172
371855
157
733
1954
2859
-874
-143
364861
84
643
1693
2625
-829
-106
365886
28
537
1364
2583
-747
-71
366911
-29
427
951
2636
-632
-32
367936
-90
311
480
2749
-736
-3
368961
-122
192
32
2781
-873
36
369986
-204
69
-380
2741
-842
95
371011
-358
-83
-878
2952
-763
172
372036
-464
-246
-1397
3310
-963
209
373061
-470
-382
-1819
3411
-1104
294
374086
-530
-514
-2306
3945
-1166
422
375111
-669
-672
-2889
5126
-1278
366
376136
-649
-781
-3354
5065
-1280
300
377161
-682
-892
-3576
4043
-1348
505
378186
-948
-1098
-3718
4221
-1329
832
379211
-995
-1193
-3673
5037
-1208
1042
380236
-636
-1190
-3546
5442
-1033
1137
372864
-208
-1217
-3468
5762
-1154
1178
373889
130
-1256
-3350
6338
-1535
1239
374914
339
-1248
-3137
6491
-1558
1232
375939
176
-1223
-2881
5939
-1525
1164
376964
-120
-1221
-2574
5060
-1266
1571
377989
-818
-1206
-2310
4399
-1231
1798
379014
-1049
-1115
-2099
3980
-1934
1524
380039
-444
-1022
-1923
3675
-1903
1406
381064
-24
-931
-1720
3469
-1438
1308
382089
-159
-811
-1550
3325
-1381
1383
383114
-503
-676
-1450
3423
-1549
1606
384139
-925
-493
-1352
3481
-1732
1713
385164
-1359
-304
-1241
3353
-1885
1524
386189
-1609
-164
-1098
3213
-2041
1387
387214
-1584
-57
-889
3059
-2102
1472
388239
-1458
13
-600
2991
-2089
1548
381056
-1269
34
-287
3189
-2188
1482
382081
-900
40
7
3560
-2340
1470
383106
-446
67
291
3832
-2319
1469
384131
-111
106
569
3935
-2158
1358
385156
74
141
833
4055
-1988
1189
386181
176
168
1090
4108
-1799
1029
387206
184
178
1340
4035
-1585
877
388231
132
148
1557
4232
-1512
767
389256
122
95
1696
4436
-1526
709
390281
171
21
1742
4644
-1702
685
391306
389
-55
1676
5045
-2113
748
392331
932
-16
1570
4997
-2482
976
393356
1557
103
1581
5011
-2423
984
394381
1909
251
1733
5274
-1962
608
395406
2124
380
1911
5869
-1770
349
396431
2494
526
2060
6611
-1867
178
389248
2812
723
2175
6784
-1477
11
390273
2663
907
2305
6612
-1105
-91
391298
2143
1066
2421
6413
-985
105
392323
1598
1222
2587
6182
-903
347
393348
1038
1350
2770
5561
-702
262
394373
500
1393
3014
5010
-610
156
395398
160
1335
3204
4535
-649
84
396423
-15
1234
3268
4250
-800
102
397448
-60
1125
3245
4134
-1059
100
398473
72
1033
3158
3862
-1068
106
399498
163
964
2989
3531
-990
81
400523
158
906
2747
3212
-1048
5
401548
206
826
2446
2958
-1061
-45
402573
284
722
2099
2705
-950
-50
403598
333
613
1748
2387
-877
6
404623
323
490
1390
2169
-798
82
397439
265
372
1011
2011
-669
141
398464
198
245
580
2019
-677
181
399489
154
117
127
2150
-730
211
400514
51
3
-323
2234
-766
208
401539
-172
-120
-813
2340
-860
206
402564
-385
-270
-1386
2669
-1103
244
403589
-463
-408
-1992
3149
-1208
331
404614
-522
-497
-2590
3530
-1043
471
405639
-746
-569
-3202
4018
-1158
491
406664
-993
-663
-3779
4818
-1454
426
407689
-1124
-763
-4258
5394
-1457
419
408714
-1254
-830
-4445
5004
-1414
617
409739
-1477
-906
-4498
4956
-1407
887
410764
-1558
-926
-4393
5629
-1281
1016
411789
-1360
-882
-4118
6416
-1167
1058
412814
-1013
-834
-3831
6802
-1378
1137
405632
-800
-848
-3501
7001
-1598
1141
406657
-968
-856
-3054
6694
-1706
922
407682
-1208
-833
-2601
5815
-1853
909
408707
-1249
-828
-2193
4887
-1883
1306
409732
-1181
-759
-1844
4198
-1828
1545
410757
-1098
-608
-1550
3616
-1661
1363
411782
-1125
-485
-1346
3313
-1655
990
412807
-1125
-401
-1189
3071
-1852
831
413832
-1052
-331
-1093
2936
-1784
1077
414857
-1188
-218
-1033
2836
-1743
1248
415882
-1484
-116
-991
2829
-1921
1252
416907
-1685
-41
-934
2798
-2208
1177
417932
-1590
2
-829
2758
-2315
1126
418957
-1268
12
-684
2784
-2227
1243
419982
-937
-3
-503
2822
-2216
1362
421007
-580
-47
-324
3060
-2340
1389
413824
-151
-88
-147
3330
-2371
1369
414849
191
-113
64
3678
-2268
1355
415874
410
-118
320
3994
-2176
1283
416899
609
-117
591
4217
-2019
1150
417924
777
-100
853
4269
-1804
1009
418949
820
-100
1097
4352
-1660
863
419974
773
-135
1277
4646
-1668
725
420999
792
-169
1357
5277
-1840
713
422024
957
-141
1355
5921
-2219
854
423049
1311
22
1366
5147
-2403
911
424074
1579
169
1566
4196
-1939
505
425099
1603
199
1863
4357
-1535
36
426124
1767
208
2083
5199
-1706
0
427149
2235
283
2217
6289
-1937
207
428174
2637
481
2276
6860
-1759
134
429199
2661
679
2321
6724
-1534
-64
422017
2408
827
2387
6197
-1398
-103
423042
2135
908
2490
5671
-1151
-12
424067
1829
969
2639
5296
-936
105
425092
1395
1045
2799
4904
-816
147
426117
1054
1067
2913
4632
-844
99
427142
851
1073
2982
4317
-923
24
428167
687
1059
2975
4137
-1035
-58
429192
577
1032
2888
3991
-1033
-99
430217
487
1001
2747
3791
-986
-81
431242
360
974
2563
3551
-898
-91
432267
209
939
2359
3176
-782
-112
433292
52
882
2127
2786
-596
-136
434317
-82
799
1851
2480
-452
-130
435342
-202
698
1510
2409
-354
-86
436367
-319
601
1084
2526
-223
-63
437392
-430
525
603
2713
-364
-92
430209
-535
434
162
2804
-662
-163
431234
-593
302
-222
2777
-873
-173
432259
-555
122
-671
2982
-951
-45
433284
-454
-61
-1166
3359
-889
221
434309
-422
-239
-1655
3819
-829
434
435334
-535
-407
-2130
4189
-1021
444
436359
-561
-576
-2589
4596
-1304
324
437384
-436
-785
-3095
5054
-1218
285
438409
-393
-933
-3417
4606
-1133
499
439434
-539
-1071
-3559
4262
-1220
782
440459
-623
-1191
-3602
4881
-1253
945
441484
-437
-1180
-3547
5609
-1096
1012
442509
-260
-1145
-3530
6120
-1156
983
443534
-241
-1140
-3574
6723
-1478
942
444559
-359
-1124
-3524
7097
-1503
1064
445584
-846
-1084
-3365
6707
-1412
1194
438401
-1534
-1020
-3118
5699
-1484
1318
439426
-2015
-942
-2823
4747
-1756
1479
440451
-1920
-848
-2551
4239
-2063
1260
441476
-1235
-791
-2300
3988
-1910
1044
442501
-508
-783
-2041
3786
-1653
1034
443526
-168
-682
-1731
3428
-1655
1140
444551
-177
-543
-1441
3356
-1575
1247
445576
-609
-418
-1216
3473
-1560
1317
446601
-1304
-297
-1042
3362
-1718
1264
447626
-1784
-178
-928
3147
-1976
1168
448651
-1861
-85
-835
2896
-2129
1136
449676
-1703
-24
-715
2789
-2268
1246
450701
-1362
5
-558
2773
-2399
1248
451726
-895
-4
-380
2887
-2394
1213
452751
-406
-25
-184
3172
-2357
1326
453776
-24
-27
43
3356
-2151
1410
446592
155
-24
301
3416
-1960
1299
447617
263
-27
552
3672
-1934
1159
448642
424
-14
792
4145
-1863
1092
449667
477
28
1038
4379
-1642
1001
450692
304
60
1289
4394
-1490
844
451717
109
47
1497
4636
-1575
758
452742
83
14
1612
4961
-1669
803
453767
158
-25
1625
5406
-1851
771
454792
400
-25
1547
5576
-2253
750
455817
969
62
1525
5586
-2535
910
456842
1599
209
1725
5585
-1986
700
457867
1850
352
2090
5419
-1291
177
458892
1924
419
2392
5487
-1186
-177
459917
2087
474
2499
6081
-1468
-37
460942
2284
598
2515
7404
-1646
270
461967
2177
866
2519
7088
-1105
132
454785
1450
1054
2591
6048
-819
-207
455810
841
1029
2710
5361
-1040
-278
456835
600
969
2836
4953
-989
-110
457860
408
911
2931
4725
-997
-8
458885
434
852
3005
4639
-1077
62
459910
561
830
3075
4315
-969
-4
460935
593
805
3074
3906
-942
-161
461960
670
762
2953
3593
-946
-255
462985
784
718
2760
3498
-875
-190
464010
790
662
2548
3420
-751
-109
465035
700
628
2349
3072
-616
-29
466060
563
579
2093
2760
-446
-44
467085
468
515
1725
2541
-372
-83
468110
420
452
1313
2561
-506
-67
469135
363
388
906
2734
-507
-11
470160
142
344
519
2749
-385
12
462976
-196
292
121
2643
-348
-20
464001
-493
169
-336
2839
-581
30
465026
-597
18
-816
3081
-845
195
466051
-616
-89
-1286
3198
-979
355
467076
-743
-208
-1804
3723
-1100
379
468101
-867
-330
-2373
4470
-1263
369
469126
-893
-443
-2946
4839
-1354
401
470151
-893
-528
-3385
4364
-1372
582
471176
-999
-643
-3668
3966
-1348
863
472201
-1165
-790
-3868
4384
-1323
963
473226
-1087
-873
-3970
5169
-1248
1024
474251
-810
-911
-4070
5999
-1356
1164
475276
-534
-909
-4116
6560
-1716
1273
476301
-417
-898
-4025
6981
-1840
1209
477326
-657
-850
-3761
6599
-1722
1089
478351
-1151
-801
-3419
5754
-1760
954
471168
-1457
-754
-3022
5009
-1873
1073
472193
-1446
-694
-2628
4496
-1934
1129
473218
-1123
-633
-2283
4125
-1921
965
474243
-669
-612
-1996
3936
-1828
815
475268
-425
-582
-1748
3795
-1744
1021
476293
-592
-468
-1554
3657
-1817
1119
477318
-942
-351
-1414
3529
-1921
1102
478343
-1317
-252
-1285
3324
-2044
1088
479368
-1546
-173
-1150
3084
-2218
1053
480393
-1459
-117
-1007
2906
-2350
1106
481418
-1189
-77
-837
2869
-2345
1192
482443
-898
-67
-638
2873
-2352
1213
483468
-613
-81
-412
3023
-2425
1271
484493
-296
-103
-170
3253
-2432
1335
485518
20
-116
75
3526
-2356
1371
486543
281
-117
307
3755
-2322
1338
479360
497
-96
539
3895
-2240
1176
480385
666
-66
767
4009
-2047
982
481410
752
-46
990
4179
-1919
794
482435
786
-62
1169
4597
-1912
650
483460
856
-78
1268
4934
-2003
586
484485
965
-93
1302
5370
-2302
617
485510
1268
-33
1340
5764
-2680
861
486535
1710
154
1519
5382
-2400
830
487560
1849
303
1883
5138
-1766
249
488585
1866
370
2254
5422
-1685
-231
489610
2204
446
2526
6520
-1781
64
490635
2520
643
2751
7177
-1590
165
491660
2397
891
2954
7071
-1241
-120
492685
2072
1041
3130
6664
-1030
-253
493710
1668
1105
3228
6220
-949
-168
494735
1258
1122
3283
5818
-997
-19
487551
871
1139
3358
5463
-1036
152
488576
532
1153
3445
5095
-1043
182
489601
316
1123
3513
4778
-1025
84
490626
257
1057
3520
4395
-1027
-134
491651
328
966
3428
4047
-1000
-271
492676
452
866
3222
3857
-937
-259
493701
545
786
2941
3726
-855
-201
494726
586
723
2651
3384
-767
-146
495751
570
671
2370
2883
-667
-116
496776
479
600
2064
2443
-434
-135
497801
365
495
1692
2132
-323
-115
498826
261
339
1290
2010
-412
-39
499851
220
197
859
1994
-433
53
500876
181
87
357
2144
-484
110
501901
128
-18
-173
2404
-695
114
502926
44
-145
-661
2568
-878
131
495744
-74
-317
-1145
2697
-1036
153
496769
-141
-494
-1631
2909
-1064
255
497794
-174
-666
-2099
3267
-1086
417
498819
-184
-852
-2608
3809
-1209
581
499844
-43
-1015
-3120
4297
-1332
758
500869
84
-1128
-3641
4832
-1316
802
501894
70
-1240
-4085
5133
-1313
727
502919
-44
-1354
-4346
5067
-1340
748
503944
-266
-1529
-4467
5543
-1144
902
504969
-457
-1613
-4400
6407
-1090
1260
505994
-469
-1510
-4184
7044
-1322
1610
507019
-456
-1357
-3864
7123
-1475
1674
508044
-756
-1230
-3435
6791
-1426
1343
509069
-1343
-1145
-2915
6351
-1381
1061
510094
-1784
-1045
-2413
5694
-1521
1192
511119
-1926
-944
-1995
4863
-1614
1442
504026
-1836
-848
-1692
4206
-1829
1318
505051
-1460
-773
-1466
3708
-2101
950
506076
-923
-727
-1292
3382
-2206
749
507101
-426
-693
-1142
3198
-2054
928
508126
-203
-622
-1026
3017
-1870
1147
509151
-317
-529
-938
2822
-1723
1200
510176
-593
-444
-877
2728
-1791
1163
511201
-781
-356
-811
2736
-1794
1197
512226
-825
-246
-720
2743
-1818
1346
513251
-839
-146
-592
2687
-1818
1303
514276
-885
-102
-436
2806
-1940
1219
515301
-829
-78
-261
3250
-2128
1245
516326
-624
-63
-45
3716
-2101
1307
517351
-388
-59
191
3843
-2028
1394
518376
-104
-71
409
3683
-2041
1390
519401
248
-91
615
3849
-1982
1382
512128
565
-60
826
4141
-1865
1317
513153
775
-4
1043
4263
-1678
1126
514178
807
49
1257
4217
-1428
934
515203
708
76
1430
4317
-1408
899
516228
640
95
1508
4900
-1465
905
517253
575
149
1506
5300
-1492
865
518278
512
218
1441
5335
-1811
857
519303
689
315
1361
5363
-2209
836
520328
1050
455
1379
5638
-2094
575
521353
1244
616
1555
5477
-1619
42
522378
1226
672
1787
5533
-1486
-448
523403
1320
652
1974
6101
-1641
-486
524428
1713
683
2131
7443
-1845
15
525453
1906
913
2337
7311
-1141
135
526478
1359
1114
2655
6394
-533
-175
527503
792
1115
2961
5566
-628
-323
520320
562
1033
3164
4921
-650
-180
521345
287
952
3305
4544
-766
-117
522370
107
882
3373
4389
-1083
-77
523395
153
848
3366
4678
-1177
-42
524420
182
878
3360
4573
-1018
-211
525445
93
907
3333
4087
-871
-491
526470
44
858
3189
3756
-736
-620
527495
42
788
2959
3584
-648
-531
528520
20
693
2677
3461
-657
-369
529545
5
617
2381
3090
-518
-182
530570
-20
541
2042
2619
-479
-47
531595
13
458
1648
2211
-557
54
532620
102
388
1217
1988
-661
158
533645
172
320
785
1875
-748
237
534670
187
262
342
1761
-757
317
535695
108
208
-149
1699
-790
319
528512
-32
169
-692
1710
-851
266
529537
-192
135
-1253
1749
-965
217
530562
-358
75
-1799
1851
-1077
232
531587
-509
6
-2306
1977
-1155
361
532612
-629
-20
-2753
2129
-1293
483
533637
-718
-35
-3165
2646
-1545
630
534662
-670
-70
-3613
3847
-1820
817
535687
-482
-49
-4202
5773
-1972
827
536712
-460
43
-4966
8350
-1799
401
537737
-1067
37
-5611
9393
-1751
-296
538762
-2355
-71
-5790
8173
-2011
-151
539787
-4125
-224
-5442
7720
-1951
508
540812
-5337
-216
-4503
7705
-2011
1098
541837
-4964
-64
-3714
7394
-1925
1845
542862
-5010
210
-3149
6714
-654
2744
543887
-5366
422
-2935
5443
-5397
-1715
536703
743
227
-1934
3174
-3150
-319
537728
1354
-390
-1480
4089
827
830
538753
-650
-345
-1248
3103
-2682
-107
539778
291
-437
-865
2825
-3293
-138
540803
1418
-490
-549
2730
-1761
434
541828
920
-458
-369
2348
-1580
463
542853
360
-447
-275
2344
-1792
404
543878
203
-414
-196
2402
-1418
556
544903
-227
-367
-157
2458
-1054
768
545928
-967
-337
-172
2644
-1218
819
546953
-1548
-301
-164
2818
-1663
817
547978
-1724
-278
-107
2935
-1855
684
549003
-1616
-307
21
3035
-1838
607
550028
-1318
-379
180
3560
-2004
898
551053
-810
-374
398
4067
-2062
1120
552078
-375
-304
744
4116
-1748
954
544896
-232
-266
1136
4560
-1385
745
545921
-197
-197
1501
5249
-1087
670
546946
-302
-113
1794
5301
-763
598
547971
-616
-72
2025
4765
-771
662
548996
-808
-107
2225
4343
-1022
809
550021
-392
-50
2344
5266
335
1609
551046
-180
1555
2486
6177
2611
2789
552071
2266
1342
1382
1593
-410
2841
553096
4332
126
82
3212
3805
1927
554121
2526
-320
-355
3328
2242
1184
555146
-218
-357
-747
4320
225
1111
556171
-1882
108
-213
5051
-29
1230
557196
-2888
541
88
3604
-815
1024
558221
-3457
558
-45
3677
-1210
236
559246
-3261
636
9
3812
-1148
-316
560271
-2780
686
87
3612
-1450
-482
553088
-2191
662
162
3656
-1829
-442
554113
-1347
630
217
3642
-2052
-247
555138
-548
596
218
3677
-1891
41
556163
-192
559
199
3700
-1531
324
557188
-202
500
181
3660
-1458
537
558213
-281
443
193
3515
-1351
642
559238
-418
376
229
3431
-1161
677
560263
-587
300
244
3439
-1190
613
561288
-633
227
246
3498
-1395
560
562313
-530
184
239
3543
-1523
585
563338
-362
171
213
3538
-1520
614
564363
-227
162
168
3548
-1493
595
565388
-148
148
122
3567
-1476
596
566413
-129
128
80
3592
-1416
646
567438
-180
108
39
3566
-1351
703
568463
-271
86
-2
3509
-1383
766
561280
-328
60
-42
3510
-1463
790
562305
-311
40
-71
3520
-1516
805
563330
-243
26
-92
3536
-1519
812
564355
-181
18
-104
3554
-1509
815
565380
-142
12
-108
3604
-1498
801
566405
-125
6
-107
3641
-1462
814
567430
-145
0
-107
3678
-1437
820
568455
-186
-3
-110
3688
-1463
830
569480
-214
-7
-109
3658
-1513
811
570505
-197
-12
-109
3632
-1506
809
571530
-171
-21
-117
3641
-1507
826
572555
-129
-27
-126
3621
-1524
840
573580
-79
-36
-130
3552
-1513
826
574605
-22
-44
-128
3478
-1496
817
575630
28
-49
-124
3476
-1480
836
576655
46
-42
-115
3539
-1440
839
569472
21
-25
-104
3621
-1383
817
570497
-52
-5
-92
3639
-1358
767
571522
-127
10
-82
3599
-1390
709
572547
-144
12
-75
3565
-1390
696
573572
-144
4
-67
3536
-1354
682
574597
-147
-9
-58
3510
-1360
662
575622
-138
-25
-56
3508
-1369
636
576647
-121
-36
-58
3508
-1365
610
577672
-113
-42
-59
3457
-1329
581
578697
-136
-50
-64
3442
-1313
562
579722
-175
-59
-73
3467
-1321
544
580747
-211
-73
-89
3478
-1325
530
581772
-238
-94
-111
3489
-1368
516
582797
-227
-118
-130
3487
-1398
505
583822
-196
-144
-143
3538
-1395
498
584847
-154
-169
-151
3614
-1410
504
577665
-101
-185
-158
3650
-1410
502
578690
-59
-196
-159
3646
-1419
498
579715
-28
-203
-151
3649
-1410
506
580740
-17
-200
-133
3640
-1373
493
581765
-36
-197
-113
3628
-1372
491
582790
-62
-192
-93
3614
-1388
483
583815
-78
-185
-73
3620
-1396
477
584840
-83
-178
-60
3628
-1411
451
585865
-74
-172
-50
3624
-1431
439
586890
-55
-170
-51
3697
-1447
422
587915
-32
-164
-55
3723
-1455
420
588940
-13
-164
-56
3747
-1461
408
589965
13
-165
-47
3739
-1458
410
590990
62
-165
-21
3715
-1439
416
592015
101
-163
11
3707
-1414
397
593040
125
-153
46
3687
-1406
395
585856
147
-139
72
3703
-1397
394
586881
166
-115
89
3749
-1366
391
587906
167
-81
104
3821
-1326
367
588931
138
-41
117
3869
-1289
322
589956
99
-3
129
3823
-1293
294
590981
98
29
135
3772
-1339
272
592006
136
54
135
3869
-1338
241
593031
160
86
148
3910
-1258
199
594056
130
110
164
3866
-1313
142
595081
180
124
186
3743
-1373
95
596106
298
118
183
3714
-1331
78
597131
324
136
160
3706
-1221
145
598156
302
152
129
3732
-1303
150
599181
251
193
104
3687
-1266
206
600206
146
219
83
3822
-1290
159
601231
91
256
70
3883
-1205
151
594048
-94
285
50
3861
-1266
131
595073
-234
296
39
3728
-1377
149
596098
-261
253
42
3726
-1334
205
597123
-317
176
47
3868
-1311
316
598148
-296
92
17
4029
-1487
431
599173
-70
34
-5
3978
-1553
502
600198
246
7
19
3665
-1377
595
601223
455
-5
80
3387
-1165
749
602248
563
-3
180
3273
-1071
834
603273
661
33
258
3286
-961
925
604298
564
85
282
3423
-829
943
605323
230
164
239
3502
-767
964
606348
-302
219
166
3517
-818
854
607373
-807
265
83
3505
-1091
702
608398
-1070
298
5
3518
-1311
613
609423
-1133
298
-51
3491
-1391
618
602239
-1017
238
-102
3461
-1617
543
603264
-641
177
-132
3396
-1631
561
604289
-362
130
-155
3440
-1570
556
605314
-165
71
-163
3471
-1659
503
606339
75
16
-153
3544
-1689
482
607364
251
-2
-134
3607
-1553
488
608389
260
-3
-89
3628
-1444
475
609414
137
12
-40
3650
-1392
493
610439
-61
34
-1
3697
-1397
533
611464
-281
51
37
3670
-1399
561
612489
-470
54
70
3628
-1453
604
613514
-524
45
89
3617
-1553
642
614539
-447
40
97
3592
-1566
650
615564
-291
21
94
3535
-1573
680
616589
-117
-1
90
3513
-1463
768
617614
-31
-5
80
3535
-1380
832
610432
-18
9
65
3572
-1337
846
611457
-102
44
54
3592
-1242
859
612482
-319
81
42
3582
-1269
846
613507
-527
114
28
3553
-1427
747
614532
-614
133
25
3527
-1532
656
615557
-594
142
21
3539
-1641
573
616582
-443
133
-18
3525
-1833
382
617607
-171
104
-38
3513
-1554
471
618632
-249
81
-20
3457
-1542
539
619657
-303
33
-45
3461
-1714
528
620682
-252
-8
-61
3517
-1672
567
621707
-266
-32
-52
3557
-1683
595
622732
-279
-36
-26
3601
-1753
620
623757
-254
-21
18
3600
-1711
631
624782
-254
0
67
3570
-1613
612
625807
-302
8
88
3539
-1661
576
618625
-233
-4
83
3439
-1697
595
619650
-131
-30
51
3414
-1605
636
620675
-132
-47
16
3469
-1605
612
621700
-151
-50
-6
3502
-1656
595
622725
-109
-45
-15
3545
-1693
563
623750
-27
-35
-11
3586
-1589
565
624775
-4
-23
-1
3621
-1611
531
625800
11
-14
4
3619
-1586
533
626825
-23
-19
-2
3608
-1517
522
627850
-63
-19
-12
3571
-1550
512
628875
-50
-25
-31
3558
-1581
484
629900
5
-34
-48
3553
-1581
498
630925
44
-28
-59
3564
-1581
526
631950
37
-15
-75
3595
-1595
538
632975
31
-16
-82
3696
-1609
516
634000
24
13
-84
3689
-1643
503
626815
44
24
-84
3699
-1641
469
627840
95
30
-71
3663
-1600
467
628865
123
21
-58
3651
-1554
473
629890
122
16
-50
3626
-1554
481
630915
122
5
-55
3609
-1530
467
631940
140
-6
-64
3582
-1555
449
632965
199
-16
-78
3548
-1510
465
633990
244
-31
-96
3570
-1462
497
635015
251
-41
-111
3580
-1443
508
636040
237
-52
-123
3619
-1427
527
637065
222
-59
-129
3656
-1447
530
638090
239
-59
-132
3656
-1446
544
639115
255
-56
-135
3642
-1402
572
640140
234
-54
-137
3628
-1389
609
641165
191
-54
-135
3597
-1360
656
642190
134
-52
-130
3599
-1365
667
635008
74
-46
-126
3622
-1379
674
636033
15
-34
-120
3644
-1393
685
637058
-45
-16
-118
3658
-1412
698
638083
-103
0
-109
3655
-1429
701
639108
-150
8
-97
3649
-1441
686
640133
-189
17
-78
3625
-1497
666
641158
-174
22
-59
3598
-1549
636
642183
-110
28
-43
3542
-1541
647
643208
-60
38
-34
3504
-1557
632
644233
40
36
-28
3501
-1545
596
645258
174
26
-18
3520
-1435
613
646283
204
18
-17
3550
-1391
607
647308
206
9
-22
3594
-1409
594
648333
225
2
-16
3663
-1351
592
649358
199
0
0
3682
-1297
597
650383
124
0
20
3665
-1271
589
643200
37
5
37
3623
-1269
597
644225
-44
5
54
3640
-1276
601
645250
-118
12
69
3639
-1284
597
646275
-183
24
74
3609
-1305
583
647300
-224
36
79
3584
-1313
565
648325
-245
45
85
3589
-1307
577
649350
-247
49
85
3621
-1313
589
650375
-239
54
84
3608
-1323
595
651400
-226
55
82
3636
-1287
596
652425
-240
56
71
3654
-1268
604
653450
-263
55
60
3647
-1297
597
654475
-266
52
47
3626
-1324
576
655500
-244
51
29
3606
-1332
563
656525
-226
46
16
3609
-1338
551
657550
-214
44
7
3593
-1351
546
658575
-207
37
-4
3600
-1349
532
651391
-214
31
-14
3617
-1384
519
652416
-204
26
-26
3617
-1416
512
653441
-195
18
-30
3619
-1419
511
654466
-193
10
-28
3636
-1424
507
655491
-192
6
-20
3638
-1441
505
656516
-185
6
-11
3623
-1429
519
657541
-185
5
1
3619
-1425
523
658566
-178
6
6
3612
-1435
521
659591
-158
5
1
3617
-1431
506
660616
-147
4
-11
3618
-1425
503
661641
-144
1
-22
3604
-1446
510
662666
-122
-6
-26
3608
-1464
499
663691
-95
-12
-23
3631
-1448
468
664716
-82
-18
-15
3623
-1464
460
665741
-48
-23
-21
3592
-1468
464
666766
-8
-35
-26
3577
-1437
472
659584
9
-48
-24
3588
-1415
479
660609
13
-56
-23
3612
-1425
475
661634
28
-61
-24
3635
-1430
462
662659
42
-60
-22
3641
-1417
467
663684
50
-58
-20
3645
-1417
475
664709
47
-58
-20
3635
-1393
476
665734
48
-60
-15
3631
-1395
478
666759
58
-59
-15
3650
-1388
478
667784
71
-57
-18
3658
-1395
466
668809
91
-53
-18
3649
-1385
473
669834
116
-52
-20
3657
-1375
473
670859
133
-48
-23
3669
-1368
463
671884
137
-44
-22
3664
-1343
469
672909
133
-38
-19
3672
-1368
467
673934
136
-36
-21
3667
-1355
453
674959
138
-35
-21
3671
-1334
445
667776
130
-34
-23
3665
-1337
452
668801
126
-30
-23
3664
-1342
448
669826
125
-27
-21
3680
-1333
458
670851
125
-19
-17
3690
-1350
457
671876
133
-12
-13
3659
-1311
461
672901
132
-13
-12
3659
-1286
476
673926
129
-14
-12
3686
-1312
480
674951
127
-9
-19
3689
-1284
469
675976
112
-8
-32
3668
-1275
493
677001
115
-12
-40
3660
-1300
512
678026
135
-13
-41
3673
-1310
489
679051
153
-14
-34
3635
-1308
469
680076
179
-18
-39
3616
-1308
465
681101
203
-21
-45
3615
-1324
476
682126
223
-27
-42
3619
-1324
487
683151
215
-29
-33
3654
-1290
463
675968
190
-25
-25
3690
-1298
451
676993
168
-14
-13
3716
-1288
469
678018
148
-4
-3
3715
-1255
477
679043
116
3
3
3666
-1227
497
680068
85
-2
3
3641
-1238
484
681093
77
-6
-5
3622
-1222
491
682118
67
-11
-15
3611
-1225
497
683143
50
-13
-20
3621
-1242
502
684168
24
-12
-15
3645
-1267
499
685193
5
-6
-4
3636
-1289
491
686218
-4
-3
8
3641
-1282
485
687243
-14
-5
19
3647
-1273
481
688268
-30
-5
27
3632
-1262
486
689293
-47
-6
34
3644
-1244
484
690318
-64
-5
34
3714
-1235
476
691343
-92
7
30
3682
-1212
496
684161
-130
10
32
3641
-1179
516
685186
-168
11
41
3612
-1166
534
686211
-208
12
42
3654
-1171
506
687236
-260
25
36
3697
-1192
498
688261
-310
42
24
3708
-1220
482
689286
-361
57
15
3686
-1237
467
690311
-395
59
14
3656
-1271
461
691336
-390
48
11
3676
-1311
458
692361
-376
35
-3
3673
-1326
458
693386
-374
20
-21
3616
-1359
470
694411
-348
-3
-35
3572
-1407
479
695436
-275
-23
-46
3520
-1464
493
696461
-172
-40
-42
3532
-1478
509
697486
-106
-44
-31
3609
-1471
495
698511
-91
-32
-27
3640
-1474
473
699536
