Device = VHR-0009
time_stamp = 1777443371120
sample_rate = 50
Data format = INT16
TYPE = 6-AXIS IMU RAW DATA
-1
14
14
3779
-702
364
15950976
0
13
19
3802
-710
361
15952001
7
10
21
3812
-689
361
15953026
-2
8
27
3784
-668
364
15954051
-19
8
32
3738
-675
364
15955076
-23
7
32
3735
-687
368
15956101
-10
3
23
3725
-675
367
15957126
-1
-3
14
3743
-678
360
15958151
-6
-7
8
3754
-666
362
15959176
-21
-11
10
3754
-676
355
15960201
-22
-18
12
3766
-701
351
15961226
-6
-23
10
3791
-698
363
15962251
2
-27
5
3807
-688
365
15963276
-6
-28
1
3801
-685
366
15964301
-26
-25
6
3794
-694
379
15965326
-35
-23
15
3780
-713
392
15966351
-26
-21
17
3767
-724
413
15959168
-11
-20
12
3760
-707
415
15960193
-14
-19
7
3764
-704
414
15961218
-28
-15
7
3785
-714
405
15962243
-34
-9
14
3793
-729
400
15963268
-27
-3
20
3801
-725
399
15964293
-23
-1
23
3796
-713
390
15965318
-24
-4
21
3793
-733
389
15966343
-11
-7
17
3774
-709
405
15967368
-16
-4
18
3782
-690
379
15968393
-24
-2
21
3807
-731
365
15969418
-8
1
18
3784
-721
376
15970443
-5
-2
11
3774
-711
388
15971468
-12
-6
9
3772
-725
387
15972493
-13
-10
11
3773
-731
380
15973518
-4
-7
13
3776
-736
367
15974543
-11
-7
17
3774
-709
405
15967368
-16
-4
18
3782
-690
379
15968393
-24
-2
21
3807
-731
365
15969418
-8
1
18
3784
-721
376
15970443
-5
-2
11
3774
-711
388
15971468
-12
-6
9
3772
-725
387
15972493
-13
-10
11
3773
-731
380
15973518
-4
-7
13
3776
-736
367
15974543
2
-6
16
3771
-717
386
15967360
-8
-6
15
3768
-707
391
15968385
-17
-8
13
3770
-729
375
15969410
-11
-8
12
3801
-737
371
15970435
-4
-5
13
3798
-718
384
15971460
-5
-5
15
3758
-708
386
15972485
-8
-6
15
3758
-722
381
15973510
3
-6
7
3774
-715
383
15974535
9
-6
-1
3779
-703
376
15975560
-2
-6
0
3780
-699
394
15976585
-16
-4
8
3766
-698
383
15977610
-21
-3
12
3781
-713
372
15978635
-14
-4
5
3797
-714
372
15979660
-15
-8
-6
3796
-711
389
15980685
-16
-8
-10
3782
-727
397
15981710
-12
-5
-7
3778
-735
403
15982735
-5
-1
0
3780
-740
406
15975552
-9
1
4
3786
-731
408
15976577
-23
4
5
3768
-733
401
15977602
-33
7
8
3763
-741
392
15978627
-39
12
14
3786
-753
374
15979652
-38
14
19
3792
-739
377
15980677
-31
12
23
3768
-734
386
15981702
-29
11
23
3743
-733
361
15982727
-26
8
17
3759
-734
333
15983752
-12
3
9
3752
-739
361
15984777
7
-2
2
3726
-710
374
15985802
3
-9
0
3790
-726
345
15986827
2
-12
-1
3833
-742
352
15987852
0
-12
-1
3803
-707
383
15988877
-11
-13
4
3768
-730
390
15989902
-16
-13
10
3747
-741
405
15990927
-13
-12
8
3772
-743
394
15983744
-8
-9
3
3789
-740
388
15984769
-4
-7
3
3762
-740
407
15985794
-7
-6
8
3766
-757
398
15986819
4
-4
10
3784
-767
388
15987844
14
-4
7
3790
-759
388
15988869
11
-2
10
3757
-761
380
15989894
7
0
15
3764
-764
369
15990919
18
0
19
3783
-758
375
15991944
31
0
17
3779
-741
369
15992969
34
-5
12
3762
-742
370
15993994
32
-9
9
3766
-739
371
15995019
30
-9
9
3763
-729
373
15996044
24
-7
7
3766
-720
375
15997069
18
-6
4
3775
-727
372
15998094
16
-8
3
3786
-725
378
15999119
20
-8
0
3788
-727
390
15991936
14
-8
1
3777
-726
394
15992961
3
-7
2
3777
-734
390
15993986
-3
-3
6
3798
-751
377
15995011
3
0
9
3800
-756
383
15996036
13
1
8
3778
-750
397
15997061
20
-2
5
3757
-741
394
15998086
20
-6
-2
3764
-748
376
15999111
28
-4
-7
3796
-755
373
16000136
41
-1
-9
3809
-741
386
16001161
45
0
-9
3782
-721
398
16002186
32
-1
-6
3773
-705
401
16003211
11
0
-1
3799
-721
375
16004236
9
3
-1
3788
-720
391
16005261
9
5
-2
3741
-690
395
16006286
-4
3
-2
3795
-714
375
16007311
4
5
-10
3819
-729
383
16000128
13
4
-21
3786
-709
399
16001153
11
1
-27
3747
-734
405
16002178
8
1
-25
3751
-745
403
16003203
13
3
-23
3775
-752
396
16004228
21
5
-21
3774
-744
397
16005253
22
6
-14
3752
-722
401
16006278
13
5
-8
3750
-730
404
16007303
7
6
-6
3787
-724
385
16008328
-6
7
-5
3802
-733
372
16009353
-13
6
0
3764
-735
389
16010378
-8
5
7
3753
-727
400
16011403
-3
1
12
3772
-732
394
16012428
3
-1
9
3771
-720
387
16013453
4
-2
3
3777
-718
401
16014478
6
-1
-1
3755
-723
408
16015503
11
-1
-4
3752
-730
413
16008321
9
-1
-4
3774
-732
412
16009346
5
-2
0
3791
-729
404
16010371
9
-2
4
3780
-744
401
16011396
22
-3
4
3756
-742
406
16012421
29
-1
2
3765
-720
409
16013446
19
-1
2
3779
-717
412
16014471
18
-3
3
3776
-722
425
16015496
24
-2
5
3774
-710
425
16016521
19
-1
5
3772
-702
410
16017546
13
0
1
3784
-713
423
16018571
12
4
0
3789
-697
431
16019596
10
5
0
3783
-704
426
16020621
9
4
0
3774
-708
420
16021646
5
5
1
3761
-697
421
16022671
-1
4
-3
3776
-715
395
16023696
7
2
-10
3782
-722
407
16016512
17
3
-14
3762
-680
418
16017537
-4
1
-10
3804
-692
389
16018562
-7
-1
-9
3810
-734
391
16019587
8
-2
-16
3771
-705
411
16020612
7
-6
-21
3776
-716
406
16021637
0
-8
-16
3757
-709
421
16022662
-10
-5
-11
3760
-722
407
16023687
-8
-2
-9
3765
-742
397
16024712
-3
-1
-6
3769
-712
419
16025737
-8
-4
-7
3774
-723
403
16026762
-8
-7
-4
3781
-731
381
16027787
-10
-5
2
3794
-712
379
16028812
-17
-7
7
3758
-710
388
16029837
-18
-12
7
3749
-718
389
16030862
-6
-15
3
3767
-721
382
16031887
7
-15
-7
3798
-709
380
16024704
7
-19
-15
3823
-694
379
16025729
0
-23
-17
3809
-681
392
16026754
1
-25
-18
3800
-687
397
16027779
9
-25
-26
3834
-687
386
16028804
8
-24
-42
3846
-677
384
16029829
-5
-20
-56
3829
-669
378
16030854
-18
-15
-65
3819
-666
376
16031879
-19
-11
-74
3802
-650
369
16032904
-11
-13
-87
3781
-680
338
16033929
26
-13
-114
3747
-695
325
16034954
69
-12
-152
3710
-677
313
16035979
87
-14
-195
3683
-665
309
16037004
86
-18
-232
3665
-684
299
16038029
96
-18
-254
3702
-717
278
16039054
131
-16
-266
3740
-742
271
16040079
174
-21
-269
3777
-723
287
16032897
196
-28
-260
3799
-690
291
16033922
192
-40
-252
3883
-744
276
16034947
214
-48
-252
3862
-732
305
16035972
225
-61
-247
3845
-658
368
16036997
222
-71
-222
3796
-647
437
16038022
217
-72
-183
3797
-675
429
16039047
247
-68
-162
3909
-681
430
16040072
294
-53
-160
3959
-607
463
16041097
282
-51
-153
3897
-577
460
16042122
274
-60
-135
3814
-612
461
16043147
320
-73
-115
3731
-625
476
16044172
402
-85
-92
3717
-636
467
16045197
494
-91
-73
3790
-633
451
16046222
555
-81
-68
3876
-601
435
16047247
560
-61
-70
3856
-571
404
16048272
536
-45
-52
3738
-600
356
16041087
555
-41
-24
3690
-699
349
16042112
648
-39
-20
3744
-766
319
16043137
739
-35
-50
3828
-781
261
16044162
826
-26
-87
3881
-817
206
16045187
893
1
-110
3880
-775
204
16046212
897
24
-113
3863
-791
191
16047237
894
45
-107
3822
-763
191
16048262
862
57
-92
3778
-748
167
16049287
831
63
-68
3779
-789
127
16050312
845
72
-51
3792
-813
110
16051337
884
86
-43
3757
-785
112
16052362
902
100
-36
3739
-768
107
16053387
899
119
-24
3807
-727
94
16054412
877
149
4
3806
-661
77
16055437
832
177
45
3895
-647
51
16056462
807
205
88
3972
-614
87
16049280
789
236
146
3967
-462
106
16050305
707
252
218
3902
-500
90
16051330
668
259
300
4071
-447
159
16052355
634
268
376
4314
-269
240
16053380
507
261
432
4174
-207
248
16054405
377
234
460
3843
-276
267
16055430
319
194
458
3919
-104
416
16056455
268
162
420
3962
3
490
16057480
282
148
391
3606
-39
463
16058505
301
113
363
3536
30
486
16059530
239
59
293
3935
31
544
16060555
201
12
157
4227
26
566
16061580
252
-40
-34
4083
-87
591
16062605
327
-92
-195
3709
-230
693
16063630
347
-122
-327
3517
-125
692
16064655
341
-129
-417
3472
-185
627
16057472
383
-122
-475
3348
-351
631
16058497
420
-127
-560
3139
-346
720
16059522
413
-151
-649
3047
-386
781
16060547
418
-162
-702
3063
-435
780
16061572
398
-170
-737
3103
-523
747
16062597
365
-177
-772
3161
-594
733
16063622
359
-181
-807
3291
-633
761
16064647
370
-181
-841
3461
-635
820
16065672
359
-179
-864
3573
-600
911
16066697
303
-147
-856
3576
-542
951
16067722
155
-106
-808
3588
-581
878
16068747
25
-78
-743
3715
-631
911
16069772
-4
-46
-687
3896
-668
1016
16070797
30
-5
-625
3915
-649
1017
16071822
44
12
-553
4018
-660
943
16072847
59
24
-476
4182
-686
937
16065664
76
43
-382
4337
-599
935
16066689
33
42
-284
4718
-659
810
16067714
80
41
-212
4824
-849
732
16068739
280
31
-173
4956
-911
726
16069764
636
43
-149
4947
-1018
699
16070789
1132
102
-71
4505
-973
748
16071814
1500
222
114
4197
-710
709
16072839
1622
375
401
4267
-467
432
16073864
1501
499
713
4482
-259
160
16074889
1240
542
994
4790
-403
81
16075914
1110
572
1194
5067
-452
150
16076939
1068
581
1316
5111
-446
195
16077964
1046
569
1434
4966
-535
136
16078989
1076
546
1571
4715
-517
5
16080014
1153
515
1725
4411
-510
-105
16081039
1282
502
1882
4177
-555
-156
16073870
1413
509
2029
4033
-519
-146
16074895
1503
525
2145
3876
-454
-147
16075920
1544
537
2225
3671
-395
-153
16076945
1518
531
2268
3451
-362
-150
16077970
1436
502
2277
3286
-372
-143
16078995
1331
459
2243
3240
-401
-130
16080020
1229
408
2150
3218
-417
-90
16081045
1119
354
2017
3107
-456
-71
16082070
992
297
1843
2992
-456
-31
16083095
843
232
1635
2866
-493
-23
16084120
700
153
1418
2813
-547
-21
16085145
589
62
1175
2906
-568
41
16086170
522
-39
907
3194
-558
142
16087195
498
-132
611
3418
-601
182
16088220
497
-240
272
3613
-594
250
16089245
493
-381
-71
4023
-554
414
16082049
499
-513
-387
4579
-342
600
16083074
458
-598
-687
4732
-174
683
16084099
338
-712
-963
4831
-266
640
16085124
292
-853
-1218
4885
-389
643
16086149
367
-971
-1389
4266
-328
847
16087174
462
-1072
-1433
3722
-309
1112
16088199
583
-1083
-1398
3942
-248
1184
16089224
689
-991
-1324
4613
-184
1018
16090249
765
-833
-1251
5003
-158
771
16091274
648
-686
-1213
5137
-43
518
16092299
251
-625
-1191
4869
-73
315
16093324
-248
-667
-1147
4378
-230
247
16094349
-659
-701
-1074
3747
-283
427
16095374
-1028
-722
-994
3248
-336
826
16096399
-1304
-717
-947
2960
-489
1021
16097424
-1411
-679
-924
2800
-625
900
16090239
-1396
-651
-927
2725
-807
578
16091264
-1267
-640
-952
2833
-895
436
16092289
-1121
-632
-981
2977
-962
477
16093314
-938
-609
-1034
3144
-908
608
16094339
-873
-580
-1069
3210
-787
629
16095364
-942
-603
-1105
3412
-908
635
16096389
-870
-614
-1135
3647
-942
789
16097414
-748
-603
-1125
3843
-804
977
16098439
-721
-588
-1053
3953
-822
988
16099464
-633
-572
-946
4104
-934
1019
16100489
-383
-520
-831
4374
-983
1151
16101514
-139
-427
-665
4497
-822
1148
16102539
-52
-342
-461
4544
-728
1033
16103564
-47
-284
-247
4753
-702
986
16104589
-52
-212
-40
5126
-656
1024
16105614
-71
-122
144
5698
-666
987
16098432
4
-15
280
6129
-859
919
16099457
334
149
407
5496
-890
910
16100482
686
330
646
4496
-565
916
16101507
782
487
998
4054
-357
835
16102532
749
640
1371
4341
-217
628
16103557
621
764
1666
4839
-271
468
16104582
454
845
1874
5159
-413
436
16105607
335
900
2015
5222
-381
382
16106632
219
939
2136
5016
-427
227
16107657
180
941
2271
4774
-365
156
16108682
149
926
2395
4613
-388
205
16109707
196
934
2526
4480
-359
234
16110732
170
956
2625
4341
-267
185
16111757
87
956
2684
4236
-282
88
16112782
-4
938
2703
4137
-244
64
16113807
-141
906
2702
3984
-253
99
16106625
-273
877
2690
3797
-213
158
16107650
-401
849
2659
3623
-185
227
16108675
-541
823
2593
3448
-194
242
16109700
-698
767
2503
3254
-274
302
16110725
-785
712
2391
3047
-352
403
16111750
-812
676
2236
2790
-417
399
16112775
-789
608
2037
2543
-524
383
16113800
-666
534
1765
2341
-631
486
16114825
-454
479
1376
2217
-738
665
16115850
-214
439
880
2213
-852
805
16116875
18
398
350
2046
-890
893
16117900
127
318
-212
2067
-752
894
16118925
65
177
-863
2468
-737
862
16119950
-14
12
-1605
2991
-831
890
16120975
-94
-186
-2442
3609
-710
922
16122000
-321
-417
-3341
4310
-641
978
16114816
-691
-644
-4182
5113
-660
895
16115841
-1079
-799
-4714
5657
-591
863
16116866
-1410
-802
-4942
6398
-418
997
16117891
-1530
-622
-4940
7108
-533
882
16118916
-1424
-297
-4643
6801
-473
101
16119941
-1281
-74
-3991
6076
-651
-647
16120966
-1018
-31
-2971
5031
-720
-563
16121991
-1087
-27
-1760
4089
-62
6
16123016
-1511
21
-925
3792
586
378
16124041
-1789
163
-544
3696
469
545
16125066
-2065
298
-333
3614
253
453
16126091
-2598
361
-174
3624
-119
231
16127116
-3158
382
-15
3716
-661
-29
16128141
-3581
404
100
3667
-788
-332
16129166
-3956
361
88
3539
-792
-627
16130191
-4116
317
-30
3371
-972
-838
16123008
-3889
337
-238
3152
-1073
-823
16124033
-3510
385
-507
3037
-1135
-696
16125058
-3192
405
-796
2871
-1184
-564
16126083
-3016
354
-1048
2917
-1145
-352
16127108
-3023
267
-1235
3284
-1017
-139
16128133
-3132
161
-1401
3731
-1016
-28
16129158
-3264
17
-1558
4060
-1022
69
16130183
-3355
-162
-1689
4592
-1015
352
16131208
-3438
-285
-1805
5486
-932
480
16132233
-3491
-383
-1900
6381
-958
193
16133258
-3281
-525
-1986
6446
-1408
43
16134283
-2564
-591
-1921
5300
-2053
359
16135308
-1506
-553
-1558
3944
-2021
910
16136333
-719
-497
-902
3484
-1460
1048
16137358
-274
-458
-178
4084
-1059
874
16138383
198
-420
454
4764
-966
832
16131199
789
-328
969
5057
-870
903
16132224
1236
-240
1373
5104
-736
913
16133249
1504
-184
1683
4837
-805
880
16134274
1764
-124
1905
4568
-875
951
16135299
2012
-19
2073
4340
-715
1037
16136324
2043
128
2215
4074
-357
962
16137349
1782
256
2318
3765
-177
901
16138374
1422
378
2353
3562
-126
1051
16139399
972
554
2330
3266
142
1064
16140424
195
639
2300
2948
196
878
16141449
-606
591
2237
2846
-168
719
16142474
-1007
522
2128
2881
-419
775
16143499
-1106
507
2026
2900
-364
985
16144524
-1145
526
1913
2886
-361
930
16145549
-1107
513
1758
2908
-536
762
16146574
-890
476
1570
2925
-724
660
16139392
-569
437
1331
3032
-732
638
16140417
-288
378
1008
3280
-740
616
16141442
-37
304
616
3469
-787
605
16142467
178
212
221
3462
-739
698
16143492
264
95
-174
3413
-712
803
16144517
256
-12
-615
3628
-464
842
16145542
167
-62
-1019
4244
-54
657
16146567
-96
-84
-1381
4574
60
240
16147592
-565
-162
-1815
4705
231
-45
16148617
-863
-287
-2254
5281
-14
-19
16149642
-761
-318
-2491
5340
-97
112
16150667
-740
-277
-2447
4728
377
198
16151692
-1097
-260
-2205
4566
547
149
16152717
-1300
-203
-1899
4962
482
-8
16153742
-1126
-87
-1724
5518
658
-136
16154767
-1073
-34
-1640
5545
508
-157
16147918
-1239
-71
-1575
4995
-229
-52
16148943
-1265
-106
-1507
4345
-717
160
16149968
-1260
-125
-1402
3774
-683
351
16150993
-1336
-130
-1292
3367
-648
326
16152018
-1369
-111
-1195
3036
-724
194
16153043
-1298
-104
-1123
2895
-816
126
16154068
-1190
-106
-1091
2874
-832
153
16155093
-1174
-112
-1073
2829
-885
230
16156118
-1239
-140
-1066
2821
-998
229
16157143
-1264
-215
-1085
2984
-1018
173
16158168
-1223
-236
-1094
3171
-958
284
16159193
-1241
-245
-1054
3285
-825
577
16160218
-1407
-244
-955
3332
-645
726
16161243
-1704
-249
-827
3429
-768
639
16162268
-1733
-287
-738
3658
-1211
674
16163293
-1302
-248
-654
4185
-1182
1002
16155776
-915
-135
-501
4493
-808
974
16156801
-872
-113
-302
4609
-794
668
16157826
-734
-157
-94
4796
-1042
568
16158851
-344
-154
108
5364
-944
732
16159876
59
-116
242
5327
-941
855
16160901
470
-83
299
4950
-1208
701
16161926
1044
-42
337
4822
-1471
532
16162951
1865
60
463
4296
-1344
451
16163976
2551
225
697
4058
-920
250
16165001
2834
422
966
4580
-426
-96
16166026
2634
590
1239
5203
-102
-478
16167051
2186
668
1491
5441
-151
-635
16168076
1871
645
1729
5358
-190
-574
16169101
1669
610
1956
5314
-128
-486
16170126
1540
595
2179
5066
-150
-388
16171151
1547
568
2418
4671
-251
-281
16163968
1617
545
2635
4374
-263
-207
16164993
1665
538
2808
4225
-292
-209
16166018
1703
534
2897
4048
-263
-229
16167043
1643
521
2887
3900
-293
-214
16168068
1560
514
2821
3699
-366
-190
16169093
1428
508
2690
3502
-390
-145
16170118
1248
491
2521
3319
-440
-101
16171143
1085
469
2310
3217
-466
-51
16172168
944
456
2075
3025
-474
35
16173193
800
450
1846
2795
-480
125
16174218
639
445
1614
2643
-473
143
16175243
458
430
1374
2533
-486
91
16176268
274
379
1122
2549
-532
33
16177293
143
295
807
2786
-619
49
16178318
85
207
421
3005
-672
101
16179343
13
89
3
3211
-637
125
16172160
-128
-86
-465
3564
-718
204
16173185
-214
-271
-987
4009
-843
389
16174210
-183
-426
-1469
4620
-815
529
16175235
-162
-546
-1904
5035
-656
505
16176260
-204
-691
-2236
4775
-676
479
16177285
-138
-830
-2410
4287
-713
627
16178310
79
-896
-2462
4069
-697
894
16179335
376
-865
-2412
4320
-593
1037
16180360
693
-710
-2263
4924
-399
856
16181385
879
-508
-2046
5352
-167
449
16182410
730
-409
-1791
5285
-53
-48
16183435
301
-468
-1514
4858
-202
-155
16184460
-47
-549
-1192
4335
-304
232
16185485
-393
-608
-866
3762
-37
663
16186510
-882
-661
-647
3461
-46
892
16187535
-1273
-673
-562
3355
-366
968
16180351
-1430
-641
-573
3309
-736
860
16181376
-1434
-598
-634
3242
-816
738
16182401
-1468
-575
-744
3265
-992
619
16183426
-1371
-508
-844
3193
-973
535
16184451
-1325
-455
-986
3096
-862
511
16185476
-1329
-433
-1124
3146
-1038
710
16186501
-1306
-342
-1229
3254
-908
786
16187526
-1472
-316
-1320
3405
-913
680
16188551
-1522
-340
-1416
3708
-1301
901
16189576
-1109
-258
-1408
3979
-1272
1378
16190601
-758
-106
-1272
3995
-952
1396
16191626
-624
-33
-1032
4060
-1269
1306
16192651
-240
55
-723
4367
-1366
1343
16193676
174
196
-361
4760
-936
1296
16194701
317
328
-19
4903
-709
1058
16195726
348
409
244
5320
-721
896
16188544
382
465
410
5867
-830
795
16189569
432
508
474
5871
-959
721
16190594
538
520
497
5345
-1194
694
16191619
868
551
563
4424
-1320
649
16192644
1339
603
728
3877
-1153
533
16193669
1797
675
940
3917
-944
319
16194694
2216
759
1130
4347
-741
23
16195719
2561
837
1248
4884
-662
-200
16196744
2787
915
1283
5195
-598
-245
16197769
2804
971
1274
5068
-558
-170
16198794
2544
1004
1295
4774
-686
-79
16199819
2211
1022
1403
4525
-665
-120
16200844
1956
1041
1552
4272
-226
-198
16201869
1659
1039
1687
4100
-90
-231
16202894
1450
1041
1793
4015
-156
-206
16203919
1290
1036
1896
3939
-227
-191
16196736
1085
997
1986
3853
-295
-232
16197761
848
927
2058
3758
-311
-258
16198786
617
833
2106
3711
-360
-264
16199811
446
733
2114
3675
-425
-279
16200836
346
636
2075
3517
-480
-287
16201861
278
531
2006
3341
-529
-282
16202886
230
426
1901
3251
-590
-261
16203911
232
332
1760
3176
-633
-239
16204936
264
251
1593
3118
-613
-215
16205961
248
172
1410
3088
-586
-229
16206986
161
65
1226
3033
-557
-242
16208011
32
-84
1053
3028
-529
-102
16209036
-53
-248
891
3055
-555
137
16210061
-88
-374
680
3326
-554
293
16211086
-82
-516
378
3947
-675
428
16212111
115
-697
109
4542
-857
688
16204929
433
-847
-190
4961
-737
770
16205954
673
-1024
-581
4907
-803
808
16206979
1019
-1220
-867
3765
-922
1231
16208004
1449
-1344
-962
2735
-555
1513
16209029
1638
-1441
-973
2651
-438
1462
16210054
1743
-1534
-956
3539
-696
1290
16211079
2007
-1517
-956
4542
-668
1238
16212104
2197
-1433
-1006
5016
-627
1348
16213129
2166
-1343
-1152
4862
-641
1341
16214154
1916
-1354
-1310
4403
-622
1272
16215179
1521
-1469
-1412
4109
-615
1393
16216204
1201
-1526
-1428
3993
-575
1905
16217229
954
-1418
-1425
3786
-560
2054
16218254
674
-1256
-1438
3780
-789
1832
16219279
540
-1095
-1486
3797
-1037
1567
16220304
471
-962
-1518
3868
-1040
1454
16213120
322
-865
-1506
4062
-1101
1341
16214145
509
-732
-1456
4246
-1434
1146
16215170
1059
-549
-1344
4239
-1339
1113
16216195
1493
-392
-1183
4218
-1162
1170
16217220
1765
-231
-970
4183
-1013
1180
16218245
1952
-64
-719
4107
-873
1109
16219270
2071
88
-470
4065
-691
1051
16220295
2065
220
-273
4105
-571
1044
16221320
1978
349
-131
4076
-583
1025
16222345
1842
467
-21
3940
-597
924
16223370
1656
561
55
3733
-618
824
16224395
1498
635
111
3703
-666
791
16225420
1427
711
153
3638
-674
709
16226445
1376
758
185
3495
-739
585
16227470
1358
774
183
3443
-818
469
16228495
1369
779
152
3605
-806
394
16221313
1399
796
108
3888
-815
251
16222338
1493
812
21
4509
-892
-7
16223363
1698
834
-145
6073
-964
-401
16224388
2051
928
-352
6811
-988
-681
16225413
2439
1029
-383
5582
-1091
-729
16226438
2850
1073
-143
4603
-1019
-1086
16227463
3299
1090
272
3925
-625
-1450
16228488
3699
999
650
3670
-754
-1814
16229513
4404
913
840
3753
-960
-2035
16230538
5034
893
884
3857
-646
-1867
16231563
4915
871
881
4012
-437
-1670
16232588
4203
788
882
4092
-462
-1722
16233613
3368
653
936
3916
-638
-1847
16234638
2801
497
1035
3800
-869
-1991
16235663
2596
353
1092
3755
-958
-2270
16236688
2565
192
1121
3704
-1045
-2265
16229504
2646
32
1174
3622
-1171
-1911
16230529
2712
-36
1264
3678
-1189
-1668
16231554
2702
-73
1353
3835
-1140
-1710
16232579
2747
-102
1431
4027
-998
-1800
16233604
2842
-137
1515
4027
-876
-1687
16234629
2878
-174
1600
4009
-712
-1434
16235654
2739
-200
1670
3988
-498
-1171
16236679
2477
-226
1722
3861
-343
-856
16237704
2200
-224
1744
3723
-231
-506
16238729
1901
-195
1718
3639
-196
-190
16239754
1585
-127
1647
3645
-220
33
16240779
1253
-40
1524
3812
-299
75
16241804
969
12
1363
3959
-435
37
16242829
755
35
1172
4062
-506
11
16243854
581
29
945
4318
-489
29
16244879
409
7
721
4703
-372
136
16237697
202
-11
495
5010
-255
193
16238722
-9
-34
230
5249
-376
96
16239747
-126
-90
-12
5368
-330
63
16240772
-278
-163
-242
4786
488
71
16241797
-651
-279
-605
4000
804
154
16242822
-610
-370
-972
3873
-160
318
16243847
-133
-304
-1152
3837
-293
484
16244872
-69
-238
-1137
3777
-73
356
16245897
-144
-148
-1010
3926
108
-61
16246922
-4
-14
-823
4368
513
-365
16247947
7
57
-624
4712
870
-390
16248972
-233
42
-512
4885
798
-224
16249997
-514
20
-435
4755
349
-4
16251022
-695
-17
-340
4394
-53
186
16252047
-800
-73
-248
3884
-232
373
16253072
-836
-115
-190
3478
-348
457
16245887
-819
-129
-155
3197
-273
430
16246912
-919
-127
-142
3010
-634
453
16247937
-539
-108
-114
2676
-993
267
16248962
-328
-109
-191
2552
-432
471
16249987
-523
-126
-248
2637
-551
449
16251012
-616
-67
-307
2536
-606
312
16252037
-866
-83
-427
2574
-718
322
16253062
-1086
-137
-589
2836
-965
482
16254087
-1083
-149
-718
3022
-852
702
16255112
-1130
-150
-799
3016
-683
718
16256137
-1189
-186
-861
3149
-783
640
16257162
-1024
-213
-923
3509
-873
770
16258187
-793
-187
-960
3846
-716
862
16259212
-735
-167
-972
4204
-719
723
16260237
-647
-168
-967
4408
-924
723
16261262
-401
-140
-929
4552
-862
861
16254080
-290
-94
-834
4970
-557
807
16255105
-417
-74
-708
5541
-512
622
16256130
-477
-89
-625
6065
-724
489
16257155
-283
-88
-568
5856
-875
554
16258180
60
-40
-459
5118
-1067
749
16259205
526
69
-260
4396
-1040
768
16260230
928
200
65
3973
-807
692
16261255
1157
302
440
4108
-672
480
16262280
1349
388
750
4745
-586
224
16263305
1585
481
972
5169
-612
150
16264330
1782
574
1134
5105
-547
194
16265355
1789
637
1268
4784
-454
205
16266380
1673
671
1409
4387
-444
175
16267405
1579
698
1571
4063
-398
150
16268430
1505
718
1733
3839
-332
150
16269455
1415
733
1875
3630
-277
145
16262273
1287
740
1995
3444
-222
190
16263298
1091
748
2092
3319
-181
247
16264323
817
761
2159
3199
-179
215
16265348
500
756
2173
3139
-250
154
16266373
244
734
2132
3092
-348
155
16267398
53
725
2037
3023
-357
179
16268423
-142
715
1901
2942
-417
94
16269448
-293
666
1724
2885
-546
4
16270473
-356
585
1507
2834
-667
17
16271498
-323
509
1262
2754
-704
123
16272523
-296
447
995
2872
-647
162
16273548
-309
349
702
3148
-665
145
16274573
-251
220
343
3393
-754
166
16275598
-108
83
-48
3722
-767
298
16276623
13
-68
-376
4209
-594
423
16277648
45
-218
-699
4551
-363
473
16270465
56
-360
-1076
4950
-306
510
16271490
167
-485
-1438
5588
-362
466
16272515
327
-590
-1675
5307
-344
452
16273540
341
-723
-1739
4337
-254
609
16274565
339
-812
-1695
3898
-173
868
16275590
442
-787
-1519
4296
-67
997
16276615
539
-635
-1308
4791
241
761
16277640
453
-494
-1147
5075
336
397
16278665
262
-406
-1040
4951
185
94
16279690
-59
-409
-934
4374
-62
-207
16280715
-397
-567
-799
3880
-430
2
16281740
-379
-693
-722
3402
-519
687
16282765
-291
-602
-707
2967
-104
1125
16283790
-655
-529
-754
2824
-18
936
16284815
-1105
-568
-895
2825
-691
550
16285840
-1180
-599
-1090
2899
-1005
394
16278656
-1141
-616
-1229
2971
-886
470
16279681
-1197
-621
-1327
3040
-694
626
16280706
-1328
-585
-1431
3175
-557
626
16281731
-1523
-564
-1527
3347
-636
582
16282756
-1685
-568
-1592
3559
-808
703
16283781
-1775
-534
-1586
3727
-735
910
16284806
-1990
-475
-1498
3751
-580
788
16285831
-2197
-493
-1385
4110
-800
742
16286856
-2014
-479
-1288
4623
-961
1109
16287881
-1695
-362
-1167
4907
-721
1303
16288906
-1616
-274
-996
4950
-779
1123
16289931
-1442
-225
-805
4841
-1112
993
16290956
-1060
-157
-569
4944
-1059
987
16291981
-757
-84
-309
5198
-869
914
16293006
-542
-17
-89
5223
-954
772
16294031
-229
39
84
5152
-1168
707
16287077
264
115
266
4651
-1319
782
16288102
861
220
514
4050
-1166
840
16289127
1342
336
826
3884
-825
811
16290152
1610
451
1147
4294
-564
680
16291177
1753
573
1427
4898
-416
467
16292202
1793
693
1644
5265
-313
292
16293227
1729
778
1798
5303
-248
185
16294252
1590
834
1911
5098
-251
160
16295277
1406
882
2016
4852
-231
201
16296302
1177
919
2123
4620
-197
237
16297327
930
942
2233
4385
-207
238
16298352
714
945
2339
4155
-232
185
16299377
574
936
2425
4053
-229
172
16300402
520
930
2474
3995
-197
155
16301427
502
911
2516
3885
-235
71
16302452
493
868
2550
3757
-308
-33
16295040
432
800
2550
3628
-393
-107
16296065
278
717
2509
3538
-473
-120
16297090
129
602
2425
3341
-569
-27
16298115
133
498
2291
3012
-622
209
16299140
230
456
2114
2788
-582
341
16300165
280
412
1886
2765
-561
324
16301190
323
336
1605
2778
-676
323
16302215
443
276
1297
2540
-709
415
16303240
487
195
954
2415
-621
479
16304265
374
60
568
2494
-658
483
16305290
267
-125
150
2874
-729
576
16306315
292
-331
-337
3424
-784
778
16307340
429
-513
-925
3846
-858
941
16308365
566
-668
-1497
4053
-807
960
16309390
545
-869
-1984
4647
-719
849
16310415
563
-1068
-2327
4743
-765
891
16303233
726
-1175
-2467
4143
-556
1166
16304258
810
-1192
-2419
3868
-328
1421
16305283
860
-1090
-2277
4257
-247
1389
16306308
952
-861
-2136
4980
57
998
16307333
750
-668
-2013
5507
427
443
16308358
155
-623
-1897
5523
352
28
16309383
-491
-674
-1788
5087
5
-35
16310408
-1081
-742
-1598
4435
-81
201
16311433
-1683
-826
-1382
4008
-117
576
16312458
-2133
-819
-1228
3686
-218
892
16313483
-2427
-738
-1152
3445
-375
937
16314508
-2610
-660
-1164
3313
-653
812
16315533
-2658
-595
-1226
3307
-848
748
16316558
-2650
-516
-1306
3251
-840
632
16317583
-2711
-449
-1383
3236
-859
287
16318608
-2699
-429
-1474
3399
-1029
140
16311425
-2483
-392
-1579
3554
-1124
460
16312450
-2258
-290
-1601
3558
-939
700
16313475
-2302
-235
-1514
3545
-796
600
16314500
-2368
-268
-1430
3815
-1142
654
16315525
-2039
-228
-1348
4322
-1219
959
16316550
-1709
-117
-1237
4557
-876
1015
16317575
-1626
-109
-1119
4642
-1085
851
16318600
-1315
-111
-995
4588
-1425
820
16319625
-813
-72
-820
4670
-1326
847
16320650
-441
-34
-613
5231
-1127
714
16321675
-153
-17
-401
5734
-1081
541
16322700
222
-10
-168
5604
-1188
567
16323725
742
25
80
4973
-1246
687
16324750
1285
86
393
4287
-1025
729
16325775
1655
152
781
3894
-737
651
16326800
1792
213
1196
3895
-503
442
16319616
1810
261
1560
4197
-478
198
16320641
1903
325
1787
4608
-447
102
16321666
1969
408
1909
4982
-298
141
16322691
1815
493
2014
4983
-133
100
16323716
1419
522
2129
4649
-175
62
16324741
1103
514
2225
4456
-369
46
16325766
1110
522
2304
4374
-485
-15
16326791
1328
551
2356
4343
-501
-109
16327816
1547
578
2363
4327
-463
-199
16328841
1632
591
2364
4253
-453
-242
16329866
1623
592
2363
4092
-451
-266
16330891
1584
588
2335
3885
-398
-255
16331916
1509
579
2273
3723
-335
-233
16332941
1398
557
2184
3560
-313
-179
16333966
1273
522
2075
3306
-369
-142
16334991
1155
478
1945
3152
-425
-115
16327808
1043
428
1774
3148
-475
-112
16328833
953
376
1559
3106
-529
-107
16329858
866
314
1321
3097
-531
-103
16330883
741
231
1066
3086
-537
-100
16331908
595
133
814
2998
-532
17
16332933
442
33
585
2919
-506
182
16333958
268
-63
368
2856
-501
290
16334983
109
-178
107
3040
-596
365
16336008
83
-312
-181
3646
-716
520
16337033
213
-402
-545
4562
-666
595
16338058
295
-499
-1038
5395
-619
443
16339083
359
-701
-1490
5129
-848
479
16340108
533
-935
-1700
3691
-957
1031
16341133
696
-1079
-1717
3039
-610
1527
16342158
678
-1107
-1642
3734
-298
1549
16343183
786
-1013
-1546
4684
-434
1175
16336000
1247
-787
-1505
4895
-773
731
16337025
1724
-647
-1515
4969
-933
426
16338050
1922
-641
-1470
4728
-925
401
16339075
1868
-692
-1353
4426
-572
753
16340100
1651
-741
-1193
4019
-197
1258
16341125
1266
-783
-1045
3746
-184
1474
16342150
926
-808
-973
3693
-560
1432
16343175
862
-765
-965
3678
-938
1298
16344200
1000
-653
-979
3665
-1002
1224
16345225
1163
-537
-986
3609
-994
1143
16346250
1298
-459
-946
3564
-1058
970
16347275
1458
-399
-887
3655
-962
988
16348300
1557
-339
-786
3811
-849
1054
16349325
1577
-257
-662
3819
-876
1097
16350350
1602
-171
-534
3811
-840
1096
16351375
1618
-77
-406
3910
-716
1151
16344192
1540
17
-269
3960
-518
1150
16345217
1327
73
-123
3914
-514
1083
16346242
1199
103
0
3860
-702
1041
16347267
1260
185
129
4053
-598
1054
16348292
1214
336
324
4181
-185
961
16349317
865
418
563
3744
-173
705
16350342
544
402
752
3330
-495
542
16351367
531
368
813
3356
-656
518
16352392
672
363
750
3570
-726
488
16353417
821
390
591
4047
-808
395
16354442
925
435
325
4939
-836
218
16355467
996
486
6
5229
-1009
-9
16356492
1123
525
-199
4956
-1050
-205
16357517
1288
537
-233
4702
-826
-422
16358542
1509
529
-137
4370
-673
-565
16359567
1860
503
13
3997
-654
-579
16352384
2289
505
149
3905
-532
-501
16353409
2584
541
296
3989
-421
-452
16354434
2710
592
443
4027
-412
-498
16355459
2719
644
566
4124
-359
-613
16356484
2606
672
680
4115
-274
-730
16357509
2398
660
783
4049
-228
-768
16358534
2215
647
866
4022
-174
-771
16359559
2191
606
934
4034
-301
-972
16360584
2373
525
1008
3976
-472
-1161
16361609
2588
438
1050
3874
-459
-1163
16362634
2618
381
1047
3960
-310
-1379
16363659
2700
220
1012
4161
-500
-1650
16364684
3272
66
968
3966
-703
-1701
16365709
3718
-35
913
3735
-533
-1534
16366734
3612
-157
931
3809
-549
-1505
16367759
3247
-233
959
3653
-511
-1598
16360577
2860
-322
910
3390
-448
-1549
16361602
2674
-409
816
3193
-535
-1377
16362627
2688
-424
720
3135
-558
-1112
16363652
2645
-396
648
3160
-510
-896
16364677
2470
-377
570
3313
-542
-729
16365702
2309
-374
507
3604
-626
-547
16366727
2177
-320
463
3901
-523
-316
16367752
1950
-258
440
4398
-229
-114
16368777
1607
-179
485
4731
-34
8
16369802
1228
-111
545
4810
35
18
16370827
858
-128
583
5127
51
35
16371852
562
-155
634
5259
118
215
16372877
321
-153
648
5204
255
359
16373902
56
-158
642
5048
318
342
16374927
-99
-213
580
4647
315
353
16375952
3
-269
490
4060
120
494
16368768
263
-289
454
3721
15
617
16369793
503
-293
479
3637
70
644
16370818
735
-260
534
3754
186
612
16371843
917
-188
578
4096
355
540
16372868
942
-119
598
4437
361
415
16373893
816
-82
575
4444
300
325
16374918
622
-90
511
4229
156
405
16375943
471
-107
428
3897
-11
543
16376968
377
-117
345
3625
-70
635
16377993
288
-120
272
3358
-118
665
16379018
196
-115
200
3128
-218
609
16380043
148
-112
116
3064
-335
481
16381068
155
-112
18
3085
-414
407
16382093
163
-124
-95
3138
-448
421
16383118
115
-146
-218
3120
-473
460
16384143
10
-175
-335
3041
-453
533
16376960
-193
-214
-454
2978
-296
560
16377985
-497
-268
-579
3051
-247
584
16379010
-720
-275
-712
3110
-401
655
16380035
-780
-231
-847
3097
-578
714
16381060
-805
-188
-937
3135
-670
714
16382085
-848
-154
-967
3286
-696
674
16383110
-794
-107
-960
3597
-687
710
16384135
-640
-14
-934
3909
-591
712
16385160
-594
56
-914
4290
-588
661
16386185
-611
84
-908
4628
-689
671
16387210
-606
111
-905
4828
-627
730
16388235
-678
104
-888
4956
-612
707
16389260
-731
80
-890
5478
-834
617
16390285
-567
61
-952
5925
-1029
559
16391310
-179
47
-1028
5745
-1241
628
16392335
430
77
-1002
5178
-1320
744
16385152
1088
137
-801
4507
-1200
699
16386177
1663
193
-428
3824
-1028
582
16387202
2076
230
-1
3620
-721
543
16388227
2326
265
348
3974
-465
523
16389252
2516
344
571
4329
-398
564
16390277
2585
476
724
4433
-361
572
16391302
2360
590
862
4186
-332
441
16392327
1892
638
1010
3881
-338
300
16393352
1414
646
1150
3682
-344
229
16394377
1085
650
1261
3527
-371
224
16395402
886
656
1341
3388
-413
205
16396427
783
650
1385
3335
-516
150
16397452
766
649
1405
3352
-591
98
16398477
803
652
1416
3373
-613
22
16399502
843
646
1412
3360
-570
-45
16400527
834
617
1390
3371
-533
-89
16393344
806
570
1349
3431
-514
-93
16394369
775
517
1302
3453
-459
-52
16395394
689
461
1260
3317
-404
2
16396419
547
387
1234
3176
-382
51
16397444
391
309
1209
3291
-375
82
16398469
273
232
1149
3499
-405
91
16399494
210
148
1053
3663
-218
115
16400519
119
56
863
3670
-38
160
16401544
73
-40
629
3819
-53
282
16402569
173
-114
319
4272
-16
479
16403594
253
-180
17
4923
-60
587
16404619
311
-236
-210
5221
-58
539
16405644
267
-325
-424
5249
117
423
16406669
130
-471
-652
5069
202
402
16407694
89
-615
-804
4415
80
672
16408719
162
-693
-819
3549
83
1082
16401536
206
-701
-740
3254
89
1345
16402561
258
-624
-636
3673
250
1089
16403586
324
-505
-546
4201
351
490
16404611
433
-371
-485
4647
83
161
16405636
459
-251
-442
4671
-73
223
16406661
157
-217
-385
4337
-94
486
16407686
-387
-260
-348
3855
-39
750
16408711
-988
-325
-322
3421
24
949
16409736
-1494
-378
-344
3164
-49
951
16410761
-1834
-401
-416
3036
-259
798
16411786
-2002
-421
-530
2925
-571
611
16412811
-1999
-436
-683
2895
-846
536
16413836
-1788
-450
-851
2904
-988
457
16414861
-1463
-431
-999
2941
-916
466
16415886
-1256
-408
-1149
3074
-926
613
16416911
-1034
-404
-1325
3315
-937
803
16409728
-807
-361
-1460
3436
-754
985
16410753
-820
-335
-1512
3381
-639
970
16411778
-987
-368
-1515
3341
-718
964
16412803
-1026
-401
-1504
3650
-605
1075
16413828
-893
-334
-1435
4316
-482
1253
16414853
-684
-221
-1286
4775
-888
1160
16415878
-364
-143
-1128
4924
-1242
1110
16416903
-72
-99
-936
5025
-1100
1229
16417928
-57
-31
-709
5368
-657
1377
16418953
-375
6
-509
5703
-547
1238
16419978
-695
21
-353
5681
-841
1035
16421003
-736
48
-209
5251
-1061
963
16422028
-486
114
-19
4486
-1122
965
16423053
-56
219
260
3951
-1066
955
16424078
335
362
629
3804
-809
802
16425103
467
455
1035
4015
-571
515
16417920
509
490
1368
4620
-510
270
16418945
652
526
1591
5087
-381
123
16419970
747
545
1743
5110
-319
98
16420995
753
521
1849
4789
-465
130
16422020
784
489
1927
4345
-575
150
16423045
896
467
1978
4061
-587
171
16424070
1070
468
2008
3857
-575
167
16425095
1247
486
2016
3727
-535
147
16426120
1370
510
2002
3647
-513
97
16427145
1404
526
1973
3555
-485
30
16428170
1362
526
1937
3441
-445
-24
16429195
1243
506
1890
3307
-393
-2
16430220
1090
468
1823
3219
-374
79
16431245
938
428
1737
3169
-343
199
16432270
757
405
1637
3055
-355
252
16433295
553
379
1533
2930
-392
220
16426235
364
318
1423
2819
-467
225
16427260
251
235
1303
2865
-519
356
16428285
239
169
1142
3083
-539
432
16429310
283
119
906
3288
-569
405
16430335
363
35
626
3469
-630
397
16431360
473
-82
341
3565
-638
513
16432385
546
-218
64
3775
-566
699
16433410
544
-338
-241
4259
-495
778
16434435
585
-419
-589
4557
-430
808
16435460
631
-504
-926
4645
-344
828
16436485
524
-641
-1260
4858
-357
746
16437510
405
-774
-1487
4261
-516
842
16438535
390
-839
-1551
3490
-402
1130
16439560
354
-815
-1537
3450
-125
1283
16440585
181
-717
-1485
4161
75
1090
16441610
-35
-559
-1444
4917
132
688
16434304
-264
-405
-1437
5397
83
279
16435329
-593
-339
-1447
5281
-46
68
16436354
-1042
-346
-1412
4725
-280
171
16437379
-1533
-404
-1339
4044
-283
465
16438404
-1934
-504
-1240
3585
-277
773
16439429
-2162
-526
-1207
3297
-376
983
16440454
-2254
-483
-1247
3223
-550
962
16441479
-2216
-413
-1303
3193
-828
721
16442504
-2030
-355
-1367
3134
-889
494
16443529
-1870
-328
-1428
3121
-835
375
16444554
-1818
-321
-1465
3190
-926
420
16445579
-1727
-289
-1478
3335
-1062
489
16446604
-1595
-247
-1479
3487
-1090
522
16447629
-1446
-213
-1465
3683
-1182
595
16448654
-1237
-164
-1399
3702
-1126
608
16449679
-1081
-165
-1269
3713
-1077
671
16442496
-915
-178
-1099
3868
-1110
825
16443521
-663
-158
-911
4040
-1027
945
16444546
-468
-136
-722
4225
-923
931
16445571
-317
-126
-542
4379
-973
873
16446596
-137
-103
-358
4395
-949
823
16447621
-38
-90
-153
4499
-808
760
16448646
-39
-97
37
5011
-756
720
16449671
-3
-80
195
5155
-768
697
16450696
65
-64
320
4979
-913
657
16451721
284
-46
427
4908
-1075
572
16452746
714
5
566
4547
-1004
607
16453771
1132
70
771
4101
-777
682
16454796
1365
139
1038
3974
-562
570
16455821
1476
206
1300
4323
-492
345
16456846
1586
282
1478
5031
-471
188
16457871
1692
374
1576
5503
-385
117
16450688
1696
438
1633
5406
-372
72
16451713
1633
466
1682
5127
-473
38
16452738
1621
496
1760
4891
-441
58
16453763
1645
526
1865
4580
-337
94
16454788
1636
544
1995
4180
-180
118
16455813
1531
539
2136
3832
-131
119
16456838
1410
517
2268
3639
-229
90
16457863
1336
527
2377
3489
-209
82
16458888
1192
546
2453
3355
-222
87
16459913
1021
533
2465
3307
-291
72
16460938
885
512
2411
3277
-342
94
16461963
748
494
2295
3209
-378
100
16462988
600
466
2129
3073
-436
87
16464013
449
420
1935
2831
-501
100
16465038
295
359
1723
2707
-516
154
16466063
149
304
1478
2758
-506
173
16458880
33
254
1172
2786
-547
162
16459905
-23
181
804
2846
-632
179
16460930
-16
81
388
2919
-736
256
16461955
-4
-35
-14
2911
-763
356
16462980
-66
-199
-414
3190
-724
493
16464005
-113
-374
-848
3881
-742
651
16465030
-15
-483
-1305
4207
-677
799
16466055
-11
-583
-1784
4436
-407
847
16467080
-283
-748
-2279
4972
-476
591
16468105
-405
-926
-2682
4980
-887
516
16469130
-289
-972
-2884
4287
-819
868
16470155
-340
-945
-2877
3810
-563
1343
16471180
-419
-811
-2727
4003
-654
1452
16472205
-145
-523
-2476
4530
-470
1056
16473230
166
-244
-2209
5122
-160
411
16474255
218
-102
-1966
5407
-190
-46
16467073
28
-116
-1664
5264
-338
-50
16468098
-314
-194
-1289
4865
-356
288
16469123
-760
-289
-927
4370
-195
653
16470148
-1247
-364
-677
3924
-173
845
16471173
-1597
-402
-556
3601
-488
849
16472198
-1657
-402
-508
3369
-861
741
16473223
-1494
-380
-495
3178
-1007
546
16474248
-1251
-354
-512
3042
-1001
425
16475273
-1024
-314
-570
3052
-1054
445
16476298
-801
-250
-661
3085
-1162
447
16477323
-568
-210
-780
3107
-1356
475
16478348
-288
-182
-893
3278
-1453
685
16479373
-87
-133
-961
3463
-1172
828
16480398
-50
-108
-1001
3572
-1103
782
16481423
116
-88
-1008
3743
-1259
789
16482448
417
-55
-961
4062
-1171
925
16475263
629
-34
-848
4277
-1095
1035
16476288
825
5
-664
4514
-1051
1042
16477313
1054
84
-432
4743
-917
944
16478338
1287
180
-228
5401
-883
776
16479363
1602
313
-88
6429
-907
582
16480388
2016
499
22
6547
-922
430
16481413
2335
691
247
5552
-679
214
16482438
2285
818
636
4284
-309
24
16483463
2060
853
1060
3923
-310
-40
16484488
2170
917
1319
4355
-355
-12
16485513
2482
1070
1381
4902
-141
-15
16486538
2553
1237
1332
4917
-162
-110
16487563
2433
1346
1237
4521
-485
-243
16488588
2293
1396
1157
4211
-670
-269
16489613
2057
1424
1162
4336
-427
-193
16490638
1656
1484
1250
4188
-109
-311
16483456
1223
1491
1343
3945
-65
-503
16484481
994
1464
1394
4021
-288
-622
16485506
963
1469
1440
4314
-272
-728
16486531
835
1445
1510
4241
-192
-890
16487556
621
1324
1576
4047
-286
-1002
16488581
572
1158
1608
3942
-454
-1019
16489606
726
1005
1596
3903
-511
-866
16490631
957
901
1540
3921
-409
-589
16491656
1171
829
1485
3805
-455
-647
16492681
1355
729
1476
3575
-593
-864
16493706
1376
572
1485
3776
-607
-900
16494731
1182
391
1566
3990
-466
-941
16495756
911
201
1670
3772
-323
-898
16496781
783
7
1717
3821
-350
-663
16497806
887
-133
1715
4210
-343
-318
16498831
937
-218
1640
4412
-319
-124
16491648
828
-330
1504
4216
-465
-80
16492673
671
-505
1336
4273
-521
12
16493698
537
-749
1119
4604
-480
240
16494723
486
-998
836
4393
-607
514
16495748
655
-1244
588
3311
-832
956
16496773
1020
-1456
455
2555
-849
1284
16497798
1395
-1650
377
2847
-747
1367
16498823
1824
-1775
331
3544
-774
1368
16499848
2370
-1777
283
3928
-642
1302
16500873
2796
-1750
184
4414
-621
1221
16501898
3067
-1699
40
4717
-779
1159
16502923
3232
-1637
-73
4586
-782
1231
16503948
3204
-1570
-125
4390
-452
1459
16504973
2877
-1465
-116
4063
-41
1614
16505998
2314
-1371
-113
3761
44
1581
16507023
1847
-1244
-201
3531
-122
1579
16499841
1561
-1033
-405
3348
-113
1641
16500866
1012
-824
-605
3182
-99
1328
16501891
41
-827
-742
3270
-328
1018
16502916
-621
-902
-882
3574
-886
1106
16503941
-588
-821
-982
3708
-1161
1337
16504966
-272
-663
-981
3748
-1171
1382
16505991
248
-468
-932
3783
-1286
1197
16507016
996
-256
-879
3714
-1298
990
16508041
1727
-113
-770
3725
-1252
947
16509066
2308
3
-589
3580
-1070
1056
16510091
2584
131
-388
3432
-700
1056
16511116
2424
225
-186
3377
-397
886
16512141
1985
259
-39
3474
-417
770
16513166
1518
283
31
3630
-542
741
16514191
1096
303
88
3845
-588
630
16515216
701
300
135
4289
-573
424
16508032
380
261
141
5107
-624
285
16509057
254
241
100
6095
-725
179
16510082
393
232
64
6389
-911
34
16511107
705
224
90
5735
-1115
-44
16512132
1104
191
220
4799
-1131
-129
16513157
1520
155
489
4145
-846
-292
16514182
1865
96
797
4022
-681
-563
16515207
2272
47
1020
4188
-573
-765
16516232
2659
4
1123
4280
-583
-782
16517257
2904
-36
1165
4206
-619
-636
16518282
2922
-55
1197
4135
-520
-439
16519307
2734
-72
1276
4089
-487
-377
16520332
2538
-77
1375
4002
-390
-515
16521357
2374
-115
1460
3946
-333
-702
16522382
2335
-187
1546
3623
-417
-709
16523407
2427
-242
1609
3408
-432
-588
16516224
2476
-249
1638
3273
-354
-484
16517249
2370
-254
1630
3152
-355
-422
16518274
2178
-267
1568
3147
-418
-388
16519299
1982
-276
1459
3150
-470
-368
16520324
1810
-284
1324
3072
-488
-342
16521349
1681
-310
1170
2960
-531
-293
16522374
1619
-332
1009
2885
-569
-211
16523399
1597
-346
839
2977
-579
-151
16524424
1591
-356
653
3155
-580
-106
16525449
1595
-364
443
3506
-587
-30
16526474
1604
-363
234
4028
-550
63
16527499
1563
-349
62
4527
-395
142
16528524
1374
-362
-104
5168
-163
196
16529549
1120
-387
-296
5712
-12
217
16530574
905
-399
-444
5406
172
329
16531599
589
-419
-560
5337
510
455
16524416
143
-479
-655
4932
581
497
16525441
-203
-561
-669
4063
312
637
16526466
-272
-628
-592
3473
173
908
16527491
-149
-616
-507
3550
250
1055
16528516
13
-526
-418
4094
475
929
16529541
110
-397
-325
4532
438
740
16530566
86
-290
-278
4746
337
587
16531591
-117
-240
-284
4590
175
530
16532616
-405
-225
-321
4152
-27
596
16533641
-612
-217
-368
3770
-120
668
16534666
-756
-206
-390
3414
-158
714
16535691
-874
-196
-389
3149
-249
687
16536716
-914
-184
-387
2974
-339
620
16537741
-899
-177
-397
2884
-454
579
16538766
-829
-167
-421
2859
-549
617
16539791
-774
-135
-456
2850
-527
615
16532609
-881
-132
-497
2947
-574
533
16533634
-1042
-164
-531
3085
-841
495
16534659
-1088
-189
-530
3177
-962
694
16535684
-1134
-183
-489
3133
-871
872
16536709
-1259
-170
-445
3124
-851
745
16537734
-1321
-198
-426
3327
-837
703
16538759
-1298
-222
-445
3601
-873
929
16539784
-1177
-177
-489
3922
-1010
1081
16540809
-1074
-112
-532
4210
-1066
939
16541834
-1036
-96
-584
4375
-1214
838
16542859
-950
-105
-665
4607
-1268
867
16543884
-815
-85
-723
4956
-1194
926
16544909
-708
-44
-747
5162
-1178
901
16545934
-598
-7
-738
5137
-1220
822
16546959
-432
27
-679
5106
-1270
781
16547984
-122
86
-526
4856
-1265
805
16540800
238
173
-244
4360
-988
787
16541825
383
224
125
4056
-731
655
16542850
377
231
466
4415
-633
485
16543875
475
253
694
4939
-722
394
16544900
713
301
844
5076
-769
370
16545925
849
330
973
4799
-705
411
16546950
877
333
1114
4482
-723
323
16547975
1084
332
1310
4240
-847
111
16549000
1416
344
1512
3957
-688
56
16550025
1592
325
1687
3752
-591
70
16551050
1687
313
1841
3638
-587
171
16552075
1757
365
1958
3450
-401
309
16553100
1601
458
2025
3259
-199
315
16554125
1217
505
2034
3142
-241
238
16555150
829
513
1994
3069
-370
147
16556175
538
491
1923
3029
-427
154
16548992
359
445
1809
2973
-431
312
16550017
233
423
1644
2903
-449
397
16551042
115
400
1450
2720
-505
348
16552067
14
336
1237
2587
-614
295
16553092
-20
247
975
2640
-730
293
16554117
45
163
671
2760
-774
406
16555142
146
92
334
2972
-753
464
16556167
232
7
-45
3219
-806
537
16557192
338
-113
-407
3785
-801
707
16558217
471
-202
-748
4462
-618
841
16559242
556
-242
-1139
5062
-426
815
16560267
597
-271
-1481
5480
-429
742
16561292
507
-367
-1724
6021
-249
647
16562317
324
-447
-1823
5240
-119
738
16563342
63
-516
-1716
3652
-65
915
16564367
-217
-608
-1464
2768
-205
1004
16557184
-246
-627
-1224
3232
-374
1063
16558209
168
-440
-1087
4378
-82
827
16559234
441
-199
-970
4979
307
384
16560259
128
-115
-848
5277
158
-6
16561284
-383
-142
-814
5053
-244
-86
16562309
-833
-224
-793
4492
-413
115
16563334
-1235
-315
-747
3977
-463
451
16564359
-1576
-374
-719
3531
-578
695
16565384
-1753
-384
-725
3218
-648
767
16566409
-1756
-362
-748
2985
-737
717
16567434
-1629
-316
-779
2803
-807
536
16568459
-1505
-289
-816
2728
-827
303
16569484
-1401
-302
-850
2780
-1043
248
16570509
-1162
-309
-894
2910
-1181
392
16571534
-910
-288
-906
3065
-1019
617
16572559
-846
-265
-888
3094
-873
712
16565397
-897
-262
-871
3109
-883
698
16566422
-914
-285
-858
3300
-975
831
16567447
-835
-290
-835
3551
-940
1102
16568472
-799
-252
-793
3729
-793
1226
16569497
-859
-221
-736
3961
-878
1131
16570522
-763
-213
-695
4367
-952
978
16571547
-473
-181
-663
4752
-989
855
16572572
-144
-97
-575
5022
-1018
908
16573597
47
-26
-448
5348
-926
960
16574622
99
15
-337
5354
-900
986
16575647
134
28
-217
5000
-848
958
16576672
164
4
-102
5117
-854
868
16577697
430
13
9
4796
-1097
909
16578722
958
105
201
4193
-910
971
16579747
1193
187
500
4129
-540
795
16580772
1162
225
873
4474
-445
509
16573569
1156
283
1211
4838
-273
298
16574594
1136
340
1455
4932
-209
166
16575619
1123
375
1644
4907
-327
157
16576644
1157
403
1822
4714
-389
213
16577669
1164
428
1974
4452
-306
234
16578694
1132
424
2103
4188
-285
201
16579719
1143
429
2225
3868
-292
202
16580744
1121
433
2299
3631
-306
273
16581769
1025
443
2339
3471
-295
321
16582794
852
464
2359
3321
-267
232
16583819
622
455
2320
3267
-327
104
16584844
443
420
2212
3211
-439
32
16585869
357
373
2064
3063
-504
62
16586894
289
323
1885
2957
-530
145
16587919
209
277
1683
2857
-583
200
16588944
148
225
1482
2686
-644
270
16581760
126
174
1266
2671
-663
329
16582785
145
138
1015
2807
-683
330
16583810
210
88
765
3076
-698
370
16584835
346
18
571
3329
-651
475
16585860
500
-43
397
3111
-563
573
16586885
563
-131
188
2998
-555
622
16587910
619
-233
-103
3430
-700
728
16588935
812
-274
-491
3821
-844
870
16589960
1003
-294
-945
4047
-828
898
16590985
909
-370
-1422
4472
-871
759
16592010
663
-460
-1859
4983
-992
668
16593035
451
-518
-2182
5275
-867
580
16594060
147
-567
-2282
4502
-628
633
16595085
-441
-667
-2163
3812
-681
806
16596110
-744
-673
-2026
3886
-600
923
16597135
-684
-524
-1919
4348
-354
999
16589953
-590
-322
-1844
4958
-305
800
16590978
-638
-172
-1799
5206
-546
432
16592003
-860
-126
-1718
5153
-845
197
16593028
-1145
-134
-1535
4747
-866
208
16594053
-1519
-177
-1268
4248
-692
283
16595078
-1885
-246
-1000
3856
-677
387
16596103
-2032
-295
-819
3601
-858
471
16597128
-1899
-302
-749
3448
-1096
481
16598153
-1558
-275
-750
3348
-1327
421
16599178
-1080
-247
-768
3267
-1344
324
16600203
-628
-247
-801
3203
-1313
219
16601228
-178
-250
-823
3289
-1535
287
16602253
350
-215
-794
3390
-1594
525
16603278
685
-166
-741
3352
-1338
641
16604303
746
-164
-703
3323
-1200
658
16605328
784
-159
-675
3448
-1190
757
16598145
885
-101
-639
3659
-1222
929
16599170
914
-33
-562
3775
-1159
984
16600195
893
10
-471
3804
-1286
942
16601220
1050
61
-376
3890
-1306
938
16602245
1319
137
-258
4204
-1189
970
16603270
1557
247
-122
4216
-1037
917
16604295
1647
360
32
4151
-997
808
16605320
1690
451
172
4838
-1132
662
16606345
1877
560
230
6171
-1207
441
16607370
2245
697
209
6690
-1216
280
16608395
2680
846
231
6124
-1020
268
16609420
2944
974
418
5166
-750
195
16610445
3036
1083
686
4532
-667
149
16611470
3164
1234
904
4679
-689
39
16612495
3374
1420
990
4956
-768
-152
16613520
3513
1574
975
5218
-790
-294
16606336
3457
1701
920
5393
-667
-427
16607361
3168
1792
893
5119
-597
-560
16608386
2787
1814
918
4774
-595
-622
16609411
2481
1805
982
4597
-657
-596
16610436
2373
1823
1062
4571
-724
-583
16611461
2393
1868
1118
4611
-711
-635
16612486
2371
1890
1163
4575
-729
-719
16613511
2303
1889
1232
4529
-780
-796
16614536
2231
1877
1311
4486
-729
-846
16615561
2088
1847
1391
4431
-603
-870
16616586
1813
1783
1479
4374
-525
-860
16617611
1464
1677
1579
4363
-508
-793
16618636
1099
1551
1735
4306
-399
-767
16619661
677
1385
1913
4142
-366
-804
16620686
282
1173
2087
4120
-416
-842
16621711
5
936
2237
4281
-430
-839
16614528
-151
667
2344
4443
-518
-888
16615553
-81
354
2423
4311
-610
-877
16616578
169
56
2495
4192
-501
-750
16617603
433
-239
2548
4421
-241
-534
16618628
623
-510
2535
4506
90
-252
16619653
727
-738
2349
4525
339
-52
16620678
753
-932
2070
4055
404
71
16621703
603
-1242
1805
3408
70
339
16622728
629
-1647
1567
3065
-637
923
16623753
1145
-1809
1341
2946
-843
1810
16624778
1652
-1720
1181
2952
-178
2100
16625803
1529
-1689
1107
3272
346
1684
16626828
1097
-1795
1020
3933
4
1186
16627853
1017
-1875
821
4441
-475
960
16628878
1189
-1932
598
4581
-459
1191
16629903
1317
-1986
415
4467
-358
1710
16622721
1370
-2000
240
4196
-222
1935
16623746
1354
-2044
77
4013
-416
1789
16624771
1529
-2086
-86
4058
-648
1494
16625796
1830
-2012
-216
4132
-367
1769
16626821
1856
-1888
-377
3907
-229
1745
16627846
1600
-1822
-530
3667
-284
1388
16628871
1285
-1801
-678
3579
-453
1216
16629896
1064
-1762
-830
3769
-560
1367
16630921
981
-1683
-963
3883
-658
1526
16631946
1021
-1548
-1093
3836
-683
1486
16632971
1038
-1402
-1185
3722
-745
1319
16633996
1134
-1252
-1232
3540
-935
1164
16635021
1364
-1039
-1213
3519
-901
1145
16636046
1530
-825
-1120
3543
-844
1117
16637071
1637
-621
-1000
3376
-867
995
16638096
1739
-448
-872
3276
-832
900
16630912
1865
-319
-708
3365
-756
914
16631937
2006
-184
-552
3582
-665
970
16632962
2070
-45
-455
3974
-495
972
16633987
1900
70
-400
4393
-318
887
16635012
1497
137
-376
5244
-214
773
16636037
1004
205
-435
6659
-149
566
16637062
625
295
-534
7048
-377
336
16638087
511
353
-547
6243
-680
145
16639112
543
354
-448
5289
-637
93
16640137
654
319
-189
4285
-683
119
16641162
942
321
172
3793
-620
102
16642187
1319
344
438
3883
-560
-44
16643212
1723
364
570
4017
-817
-141
16644237
2078
438
658
4208
-991
-217
16645262
2196
571
751
4393
-779
-477
16646287
2017
642
886
4251
-655
-794
16639190
1820
610
1061
3877
-590
-869
16640215
1704
528
1246
3509
-466
-626
16641240
1615
446
1428
3230
-436
-331
16642265
1562
394
1568
3078
-471
-156
16643290
1538
387
1655
3009
-528
-82
16644315
1473
394
1681
3047
-558
-95
16645340
1335
397
1633
3134
-583
-152
16646365
1181
398
1527
3154
-588
-171
16647390
1041
393
1388
3148
-607
-145
16648415
913
376
1231
3121
-641
-103
16649440
808
348
1076
2963
-634
-53
16650465
707
301
946
2857
-592
39
16651490
605
248
823
3005
-546
106
16652515
529
191
670
3438
-545
157
16653540
518
148
471
3970
-535
204
16654565
510
125
228
4290
-380
206
16647296
353
60
-11
4449
-145
217
16648321
48
-57
-227
4889
-28
267
16649346
-205
-179
-448
5303
-25
369
16650371
-368
-275
-643
5395
104
405
16651396
-579
-386
-808
4987
238
341
16652421
-767
-559
-918
4207
-26
403
16653446
-634
-702
-955
3492
-321
713
16654471
-254
-729
-923
3286
-244
1088
16655496
72
-636
-841
3748
26
1122
16656521
223
-482
-728
4252
114
792
16657546
218
-354
-621
4573
124
394
16658571
40
-305
-571
4740
155
139
16659596
-270
-315
-546
4540
61
158
16660621
-601
-335
-508
4200
-69
398
16661646
-873
-349
-445
3782
-193
619
16662671
-1066
-355
-390
3432
-354
660
16655488
-1110
-350
-347
3205
-496
578
16656513
-1005
-366
-313
3038
-595
554
16657538
-818
-370
-302
2861
-620
600
16658563
-687
-360
-312
2793
-567
650
16659588
-692
-345
-337
2882
-547
627
16660613
-821
-335
-396
3021
-543
484
16661638
-1009
-355
-500
3118
-706
417
16662663
-1084
-355
-621
3116
-822
621
16663688
-1134
-304
-747
3082
-692
780
16664713
-1323
-269
-845
3192
-603
751
16665738
-1498
-266
-940
3426
-773
712
16666763
-1464
-235
-1023
3651
-959
913
16667788
-1311
-142
-1075
4038
-886
1064
16668813
-1275
-64
-1078
4552
-720
1018
16669838
-1294
-38
-1031
4867
-766
920
16670863
-1197
-10
-933
4983
-713
918
16663680
-1145
37
-769
5335
-614
875
16664705
-1156
75
-601
5531
-730
778
16665730
-1109
88
-487
5421
-961
807
16666755
-920
99
-429
5359
-1163
832
16667780
-542
145
-334
4861
-1204
778
16668805
-86
201
-128
4219
-1128
741
16669830
343
266
174
3819
-1049
691
16670855
688
328
542
4017
-823
559
16671880
896
378
890
4677
-505
303
16672905
1032
431
1159
5138
-359
120
16673930
1144
475
1348
5231
-390
63
16674955
1193
483
1498
4921
-468
52
16675980
1182
455
1642
4480
-513
80
16677005
1144
422
1792
4141
-513
132
16678030
1120
396
1944
3902
-484
125
16679055
1147
389
2079
3772
-417
93
16671873
1182
398
2189
3676
-373
38
16672898
1174
405
2279
3588
-354
-24
16673923
1112
396
2340
3539
-360
-71
16674948
1030
382
2359
3453
-348
-66
16675973
925
360
2336
3316
-333
19
16676998
787
327
2266
3133
-335
163
16678023
634
317
2141
2972
-418
208
16679048
443
305
1965
2843
-481
169
16680073
234
240
1773
2717
-746
167
16681098
85
156
1595
2707
-901
223
16682123
-4
85
1391
2705
-803
282
16683148
-100
19
1144
2690
-805
269
16684173
-133
-55
850
2836
-972
226
16685198
-71
-116
494
2924
-1080
204
16686223
-15
-214
87
3043
-1140
322
16687248
57
-332
-333
3304
-1269
579
16680063
237
-405
-763
3725
-1294
859
16681088
466
-386
-1190
4371
-1170
924
16682113
604
-326
-1568
4909
-927
721
16683138
521
-399
-1868
5112
-716
454
16684163
345
-561
-2068
4701
-733
572
16685188
291
-609
-2098
3983
-754
1228
16686213
209
-565
-1991
3463
-545
1639
16687238
-28
-490
-1834
3767
-477
1523
16688263
-164
-358
-1702
4445
-488
1108
16689288
-191
-222
-1574
4953
-440
732
16690313
-338
-159
-1438
5213
-435
502
16691338
-591
-150
-1295
4951
-480
452
16692363
-860
-181
-1122
4336
-457
553
16693388
-1126
-243
-951
3700
-535
695
16694413
-1264
-297
-842
3362
-701
759
16695438
-1197
-303
-807
3264
-860
773
16688256
-967
-268
-815
3173
-971
692
16689281
-695
-226
-824
3085
-1003
492
16690306
-473
-216
-852
3055
-1048
326
16691331
-228
-214
-905
3134
-1214
417
16692356
31
-182
-956
3278
-1138
613
16693381
110
-168
-1006
3327
-1098
695
16694406
141
-161
-1029
3348
-1092
795
16695431
185
-146
-1030
3484
-963
905
16696456
169
-129
-999
3706
-936
934
16697481
174
-102
-932
3858
-1070
965
16698506
268
-58
-833
3831
-1130
993
16699531
399
-9
-709
3821
-1145
970
16700556
596
56
-553
3837
-1163
947
16701581
818
130
-396
3961
-1089
964
16702606
946
205
-255
4152
-1031
930
16703631
975
262
-159
5014
-1060
746
16696448
1088
316
-126
6452
-1179
548
16697473
1474
419
-149
6837
-1313
481
16698498
2047
563
-82
6189
-1239
499
16699523
2506
739
229
5375
-720
333
16700548
2644
870
670
4786
-459
98
16701573
2760
965
1047
4785
-517
-135
16702598
3080
1090
1254
4889
-579
-256
16703623
3379
1198
1320
4946
-545
-277
16704648
3488
1278
1307
4857
-490
-295
16705673
3460
1352
1272
4619
-529
-345
16706698
3389
1413
1242
4319
-543
-427
16707723
3298
1459
1214
4091
-489
-511
16708748
3205
1502
1192
4113
-430
-652
16709773
3135
1553
1144
4121
-425
-783
16710798
3048
1588
1065
4020
-479
-836
16711823
2894
1599
961
3970
-523
-782
16704640
2687
1611
866
4074
-516
-729
16705665
2398
1626
805
4161
-419
-734
16706690
1993
1601
783
4280
-359
-781
16707715
1546
1533
794
4285
-380
-783
16708740
1107
1432
868
4142
-366
-759
16709765
726
1288
1015
3916
-433
-757
16710790
534
1128
1192
3934
-520
-708
16711815
531
983
1363
4051
-477
-604
16712840
519
843
1521
3982
-466
-543
16713865
476
680
1681
3997
-547
-514
16714890
491
524
1824
4211
-496
-474
16715915
481
358
1918
4482
-393
-390
16716940
374
169
1983
4913
-225
-327
16717965
63
-51
1980
4957
73
-368
16718990
-466
-438
1945
3868
-67
-261
16720015
-704
-940
1884
2657
-678
262
16712832
-227
-1311
1757
2640
-1164
1074
16713857
715
-1381
1596
3365
-978
1439
16714882
1371
-1396
1430
4092
-521
1154
16715907
1687
-1474
1278
4596
-614
655
16716932
2152
-1531
1116
4731
-890
388
16717957
2664
-1567
972
4692
-842
482
16718982
2913
-1611
877
4612
-607
720
16720007
2946
-1638
821
4348
-363
948
16721032
2883
-1656
765
4053
-168
1074
16722057
2788
-1641
701
3819
-164
1186
16723082
2695
-1551
634
3575
-176
1106
16724107
2463
-1456
568
3422
-249
861
16725132
2171
-1425
487
3422
-517
676
16726157
2108
-1396
376
3479
-655
659
16727182
2161
-1331
255
3493
-532
835
16728207
2141
-1237
135
3456
-459
950
16721025
2045
-1151
22
3528
-553
920
16722050
2018
-1082
-66
3648
-744
920
16723075
2091
-983
-129
3670
-730
968
16724100
2120
-863
-131
3763
-592
1028
16725125
2068
-732
-74
3968
-464
1032
16726150
1974
-619
35
3987
-391
1049
16727175
1836
-521
159
3762
-346
1120
16728200
1629
-435
297
3658
-223
1202
16729225
1367
-357
429
3747
-130
1212
16730250
1086
-295
510
3868
-170
1169
16731275
804
-263
548
3982
-343
1167
16732300
588
-231
550
3946
-468
1143
16733325
365
-224
498
4005
-480
1033
16734350
94
-280
352
4591
-691
819
16735375
-17
-351
47
5457
-1068
654
16736400
169
-357
-368
5643
-1433
867
16729215
542
-285
-677
5023
-1640
1127
16730240
807
-202
-737
4317
-1380
922
16731265
873
-177
-524
3944
-940
530
16732290
995
-168
-179
4108
-656
317
16733315
1311
-100
102
4610
-739
317
16734340
1810
17
232
4730
-934
427
16735365
2119
88
327
4526
-824
573
16736390
1945
83
438
4321
-651
698
16737415
1480
42
593
4110
-675
694
16738440
1130
34
765
3872
-671
548
16739465
974
48
912
3655
-640
377
16740490
941
67
1046
3474
-653
342
16741515
934
93
1167
3341
-610
392
16742540
837
117
1263
3186
-584
369
16743565
714
114
1328
3039
-644
333
16744590
669
106
1349
2990
-668
349
16737409
665
111
1332
2942
-613
363
16738434
627
114
1280
2911
-567
366
16739459
547
107
1192
2862
-574
369
16740484
470
87
1083
2765
-613
433
16741509
409
68
946
2790
-633
475
16742534
343
47
760
2944
-628
448
16743559
287
22
541
3059
-664
440
16744584
252
-28
308
3321
-676
470
16745609
226
-97
48
3737
-673
528
16746634
210
-173
-213
3990
-665
594
16747659
194
-261
-454
4234
-592
715
16748684
173
-333
-701
4901
-465
826
16749709
126
-369
-919
5295
-198
928
16750734
-40
-391
-1130
5288
-59
859
16751759
-284
-458
-1317
5248
-275
755
16752784
-330
-530
-1441
4681
-508
906
16745601
-171
-540
-1432
3769
-462
1176
16746626
-53
-513
-1255
3089
-324
1325
16747651
0
-433
-999
3283
-252
1227
16748676
79
-287
-774
4150
17
879
16749701
-10
-138
-608
4869
251
504
16750726
-337
-84
-506
5192
82
307
16751751
-709
-97
-471
4840
-225
454
16752776
-1061
-129
-469
4085
-269
788
16753801
-1470
-161
-472
3507
-301
1004
16754826
-1803
-153
-475
3119
-488
1013
16755851
-1972
-128
-489
2942
-735
848
16756876
-1894
-90
-527
2872
-980
689
16757901
-1670
-28
-572
2828
-922
606
16758926
-1543
3
-607
2770
-854
495
16759951
-1484
-6
-653
2745
-959
442
16760976
-1380
-21
-727
2816
-999
539
16753792
-1281
-31
-815
2969
-1002
614
16754817
-1186
-42
-888
3082
-990
550
16755842
-1097
-80
-948
3101
-997
521
16756867
-964
-132
-978
3204
-1060
624
16757892
-735
-153
-949
3470
-954
729
16758917
-522
-163
-866
3833
-878
837
16759942
-342
-146
-782
4302
-820
876
16760967
-240
-105
-694
4660
-705
819
16761992
-274
-104
-582
4745
-721
809
16763017
-368
-115
-474
4762
-739
869
16764042
-482
-114
-374
5047
-729
919
16765067
-527
-98
-300
5097
-877
905
16766092
-440
-72
-264
5033
-999
883
16767117
-272
-56
-235
5046
-1110
805
16768142
83
-41
-149
4596
-1205
872
16769167
570
4
33
4137
-983
1012
4294952065
903
72
331
3882
-724
985
4294953090
1060
131
700
4121
-597
789
4294954115
1170
181
1033
4721
-545
594
4294955140
1305
242
1278
5295
-507
538
4294956165
1413
307
1441
5369
-322
537
4294957190
1371
337
1571
4948
-261
456
4294958215
1256
329
1708
4517
-361
334
4294959240
1190
310
1827
4149
-405
270
4294960265
1174
288
1911
3775
-448
248
4294961290
1198
275
1954
3525
-500
243
4294962315
1240
285
1962
3320
-523
253
4294963340
1238
314
1960
3127
-486
237
4294964365
1138
338
1945
2978
-457
163
4294965390
977
340
1906
2870
-482
91
4294966415
832
325
1841
2831
-522
75
144
730
307
1741
2840
-539
68
4294960255
643
281
1599
2884
-547
77
4294961280
562
246
1420
2856
-582
138
4294962305
462
223
1223
2770
-595
141
4294963330
314
179
991
2905
-626
85
4294964355
170
115
712
3082
-686
72
4294965380
73
52
426
2994
-699
111
4294966405
-43
-44
147
2963
-692
186
134
-144
-159
-143
3128
-794
266
1159
-101
-261
-413
3430
-831
373
2184
48
-361
-680
3963
-795
568
3209
261
-429
-990
4536
-774
643
4234
509
-457
-1292
4812
-685
642
5259
662
-501
-1535
5349
-610
713
6284
741
-529
-1688
5240
-678
940
7309
802
-526
-1678
4063
-581
1268
8334
705
-563
-1494
3435
-378
1424
1152
524
-574
-1272
3951
-334
1296
2177
508
-443
-1061
4965
-182
1067
3202
500
-244
-845
5562
-131
810
4227
333
-135
-698
5362
-371
665
5252
6
-155
-609
4782
-440
744
6277
-402
-240
-517
4370
-426
1026
7302
-689
-269
-446
3890
-504
1193
8327
-798
-256
-438
3485
-706
1113
9352
-710
-230
-495
3301
-1031
892
10377
-446
-187
-563
3173
-1174
774
11402
-175
-130
-604
3059
-1159
712
12427
32
-81
-626
3005
-1138
632
13452
235
-61
-648
2987
-1165
592
14477
461
-55
-686
3099
-1193
663
15502
684
-16
-710
3255
-1154
806
16527
802
43
-703
3320
-990
830
9344
754
65
-677
3352
-978
692
10369
752
54
-646
3457
-1104
645
11394
898
86
-605
3586
-1087
769
12419
992
131
-541
3647
-997
818
13444
1024
155
-440
3582
-1035
749
14469
1129
177
-324
3582
-1074
697
15494
1300
214
-219
3727
-1018
672
16519
1459
263
-134
3927
-979
634
17544
1538
310
-49
4075
-946
544
18569
1532
339
24
4499
-921
446
19594
1606
375
23
5431
-971
378
20619
2073
435
-43
6278
-1223
251
21644
2986
516
-57
6293
-1472
66
22669
3839
611
109
5251
-1441
-93
23694
4232
691
431
4639
-1246
-399
24719
4473
800
735
4775
-1060
-955
17537
4842
939
878
4971
-771
-1226
18562
5042
1094
906
4800
-412
-1200
19587
4723
1183
923
4508
-214
-1162
20612
4043
1168
941
4204
-340
-1298
21637
3449
1078
1017
3891
-415
-1369
22662
3131
1011
1158
3701
-387
-1351
23687
2916
985
1292
3816
-277
-1316
24712
2604
963
1350
4111
-296
-1328
25737
2207
922
1359
4208
-412
-1397
26762
1878
843
1354
4097
-520
-1374
27787
1661
750
1346
3988
-546
-1262
28812
1525
668
1336
3984
-525
-1174
29837
1439
595
1323
3937
-529
-1115
30862
1388
514
1307
3806
-610
-1069
31887
1400
436
1283
3692
-674
-1008
32912
1463
359
1247
3726
-696
-947
25729
1545
290
1220
3845
-609
-928
26754
1562
208
1205
3792
-532
-888
27779
1554
91
1181
3840
-594
-773
28804
1651
-37
1145
4103
-649
-561
29829
1821
-127
1137
4275
-592
-366
30854
1935
-158
1143
4355
-450
-322
31879
1963
-200
1141
4481
-146
-325
32904
1915
-276
1139
4758
108
-74
33929
1814
-288
1120
5037
224
217
34954
1601
-283
1020
5141
473
196
35979
1243
-398
856
4902
629
243
37004
967
-559
623
4315
424
461
38029
866
-730
420
3591
113
837
39054
973
-861
349
3017
-122
1201
40079
1327
-877
373
3021
1
1298
41104
1681
-782
414
3549
371
1111
33920
1793
-680
468
4331
523
761
34945
1769
-617
455
4765
576
482
35970
1685
-595
341
4498
604
457
36995
1498
-631
234
4192
495
691
38020
1262
-686
170
3901
492
1038
39045
1036
-713
111
3650
458
1236
40070
929
-684
38
3537
363
1196
41095
957
-620
-53
3548
249
1008
42120
991
-576
-141
3692
161
801
43145
940
-562
-225
3646
189
736
44170
824
-577
-326
3542
179
821
45195
755
-579
-426
3446
5
994
46220
768
-548
-523
3364
-60
1084
47245
723
-515
-618
3374
-100
989
48270
627
-500
-694
3401
-234
846
49295
577
-474
-742
3339
-368
887
42113
548
-422
-759
3245
-402
1045
43138
439
-354
-752
3209
-351
1058
44163
242
-310
-729
3401
-397
970
45188
109
-268
-706
3477
-337
968
46213
-30
-224
-710
3436
-322
962
47238
-179
-206
-686
3575
-581
995
48263
-136
-155
-626
3796
-657
1104
49288
-32
-73
-533
4020
-520
1075
50313
-21
-15
-390
4128
-438
941
51338
-63
23
-265
4119
-210
920
52363
-205
34
-221
4357
-233
954
53388
-307
43
-220
4818
-479
968
54413
-338
57
-267
5476
-565
848
55438
-285
60
-323
5998
-711
641
56463
19
78
-313
5714
-876
573
57488
579
120
-189
4916
-844
687
50304
1138
181
74
4219
-579
762
51329
1462
231
456
3774
-399
698
52354
1632
275
824
3663
-332
585
53379
1696
321
1091
3937
-285
482
54404
1619
363
1255
4240
-342
403
55429
1484
401
1339
4293
-408
352
56454
1342
437
1354
4158
-447
273
57479
1211
448
1353
4169
-564
165
58504
1105
470
1405
4426
-487
70
59529
905
487
1531
4315
-251
-49
60554
596
443
1702
4032
-274
-163
61579
410
364
1848
3881
-401
-183
62604
406
285
1926
3782
-480
-157
63629
486
204
1958
3798
-683
-127
64654
648
146
1971
3810
-752
-55
65679
753
116
1962
3750
-602
-9
58496
698
67
1928
3673
-570
8
59521
650
11
1872
3533
-643
56
60546
649
-30
1801
3306
-618
169
61571
597
-72
1725
3083
-644
313
62596
578
-121
1617
2945
-783
461
63621
676
-160
1450
2987
-872
551
64646
830
-175
1244
2964
-840
645
65671
919
-184
1030
2912
-796
740
66696
937
-185
817
2850
-786
813
67721
893
-195
588
2890
-745
829
68746
781
-226
326
2960
-734
833
69771
630
-280
47
3051
-724
880
70796
475
-351
-242
3254
-743
1032
71821
385
-396
-551
3440
-800
1202
72846
330
-391
-861
4065
-689
1174
73871
226
-365
-1140
4900
-506
975
66689
142
-342
-1397
4982
-436
740
67714
-22
-406
-1630
4973
-446
547
68739
-178
-522
-1801
4706
-538
674
69764
-207
-583
-1801
4183
-482
1097
70789
-245
-569
-1686
3802
-306
1355
71814
-360
-481
-1536
4115
-161
1287
72839
-443
-315
-1385
4780
12
948
73864
-590
-153
-1256
5173
117
532
74889
-921
-99
-1164
5135
-125
218
75914
-1262
-116
-1087
4668
-409
261
76939
-1527
-155
-1004
4180
-450
548
77964
-1721
-164
-943
3696
-504
778
78989
-1836
-140
-925
3333
-633
785
80014
-1877
-112
-943
3104
-855
596
81039
-1823
-101
-973
3023
-1042
410
82064
-1678
-93
-1009
2917
-1074
372
74880
-1529
-74
-1047
2899
-1010
368
75905
-1462
-70
-1089
3033
-1024
339
76930
-1411
-77
-1147
3182
-1163
363
77955
-1288
-83
-1219
3296
-1209
416
78980
-1148
-106
-1262
3423
-1198
558
80005
-1001
-126
-1253
3488
-1124
789
81030
-919
-131
-1194
3502
-1002
822
82055
-887
-176
-1101
3594
-1095
807
83080
-730
-192
-986
3951
-1114
942
84105
-573
-142
-801
4360
-985
972
85130
-519
-115
-598
4593
-975
913
86155
-408
-106
-408
4629
-993
872
87180
-254
-106
-207
4792
-920
899
88205
-107
-95
24
5075
-788
889
89230
-8
-90
218
5115
-789
845
90255
138
-91
330
5236
-1009
765
83073
462
-72
391
5045
-1106
729
84098
855
-53
470
4495
-1035
831
85123
1228
-5
629
4059
-865
822
86148
1547
60
844
4045
-747
575
87173
1836
122
1041
4212
-727
358
88198
2098
189
1167
4493
-685
261
89223
2280
258
1257
4706
-573
215
90248
2257
323
1326
4613
-423
246
91273
2023
359
1383
4454
-482
189
92298
1812
406
1465
4352
-555
55
93323
1737
472
1567
4297
-504
-30
94348
1723
535
1683
4249
-478
-90
95373
1707
582
1810
4208
-403
-146
96398
1619
623
1919
4082
-255
-123
97423
1375
607
2008
3929
-156
-5
98448
1013
533
2106
3892
-315
32
91265
751
485
2166
3851
-390
10
92290
558
447
2174
3777
-350
-26
93315
340
395
2175
3582
-400
9
94340
105
315
2154
3335
-526
58
95365
-41
243
2094
3181
-602
126
96390
-88
210
1976
3077
-666
131
97415
-80
184
1787
3008
-761
77
98440
-19
143
1551
2834
-854
80
99465
81
100
1290
2601
-882
128
100490
175
42
1020
2452
-829
252
101515
228
-28
732
2499
-849
377
102540
298
-85
397
2552
-885
468
103565
351
-153
18
2680
-925
529
104590
402
-248
-369
2903
-1025
587
105615
520
-342
-765
3146
-1090
683
106640
692
-425
-1164
3882
-1007
749
99456
825
-492
-1574
4913
-810
708
100481
753
-567
-2019
5559
-629
759
101506
488
-709
-2390
5121
-732
966
102531
255
-879
-2531
4229
-879
1103
103556
198
-929
-2409
3943
-945
1334
104581
185
-851
-2093
4421
-870
1293
105606
322
-671
-1766
5011
-721
913
106631
579
-468
-1485
5055
-643
460
107656
699
-365
-1247
4823
-717
358
108681
558
-375
-1040
4390
-826
627
109706
297
-425
-902
3962
-842
967
110731
33
-422
-796
3560
-868
1111
111756
-235
-396
-732
3407
-980
976
112781
-419
-389
-742
3436
-1226
759
113806
-404
-366
-789
3473
-1423
618
114831
-220
-323
-821
3464
-1447
587
107647
-8
-271
-823
3452
-1364
598
108672
149
-231
-802
3578
-1273
654
109697
259
-203
-765
3673
-1258
714
110722
367
-178
-725
3677
-1304
802
111747
500
-133
-665
3692
-1286
832
112772
650
-73
-570
3734
-1193
836
113797
784
-9
-467
3821
-1134
809
114822
874
55
-345
3842
-1042
770
115847
903
102
-192
3817
-1022
787
116872
940
156
-4
3712
-893
774
117897
915
201
186
3681
-741
739
118922
887
234
345
3678
-798
694
119947
951
272
434
3764
-841
672
120972
1010
313
460
3887
-853
667
121997
1020
352
472
3893
-822
589
123022
973
365
478
3702
-829
447
115841
956
334
438
3956
-908
334
116866
1078
311
293
5140
-977
175
117891
1369
317
18
6437
-1150
7
118916
1883
344
-292
6579
-1506
113
119941
2450
416
-407
5651
-1606
203
120966
2826
500
-196
4663
-1145
19
121991
3055
546
189
4146
-823
-248
123016
3416
619
527
4291
-650
-474
124041
3826
776
700
4610
-497
-539
125066
3862
933
815
4609
-442
-511
126091
3481
1028
932
4290
-406
-498
127116
2997
1070
1047
3967
-407
-558
128141
2670
1086
1154
3774
-383
-653
129166
2522
1071
1235
3863
-380
-794
130191
2509
1056
1296
3965
-411
-930
131216
2494
1015
1320
3992
-411
-965
124032
2404
944
1296
4031
-515
-920
125057
2284
924
1257
4191
-490
-974
126082
2027
907
1208
4178
-335
-1164
127107
1693
806
1163
3871
-415
-1271
128132
1502
680
1107
3638
-503
-1221
129157
1455
568
1064
3505
-517
-1102
130182
1481
462
1035
3369
-553
-994
131207
1553
359
990
3351
-638
-908
132232
1652
260
941
3544
-674
-846
133257
1735
165
920
3807
-553
-840
134282
1701
77
918
3972
-361
-904
135307
1564
-45
892
4051
-228
-902
136332
1470
-219
839
4217
-239
-642
137357
1453
-404
792
4151
45
-322
138382
1362
-569
719
3964
280
-57
139407
1439
-663
631
4154
52
336
132223
1824
-631
539
4470
429
619
133248
2010
-592
430
4533
1050
526
134273
1899
-620
342
4362
921
456
135298
1810
-683
276
4439
707
562
136323
1689
-732
226
4585
968
699
137348
1401
-811
161
4233
1139
889
138373
1179
-904
62
3595
1043
1175
139398
1206
-965
13
3334
834
1399
140423
1348
-951
53
3683
769
1489
141448
1445
-867
135
4243
811
1377
142473
1417
-793
215
4651
771
1180
143498
1343
-750
238
4893
615
1071
144523
1251
-704
211
4718
637
1121
145548
1049
-697
181
4243
456
1204
146573
883
-714
173
3788
155
1277
147598
918
-688
152
3525
84
1372
140416
1085
-614
126
3426
20
1288
141441
1269
-532
94
3373
-132
1153
142466
1406
-463
57
3363
-222
1075
143491
1453
-396
18
3411
-154
1058
144516
1396
-343
-11
3479
-126
1085
145541
1315
-289
-32
3488
-185
1118
146566
1285
-226
-67
3512
-247
1076
147591
1309
-160
-77
3659
-318
1005
148616
1342
-94
-38
3708
-231
935
149641
1294
-48
25
3600
-123
871
150666
1218
-17
77
3496
-94
810
151691
1184
9
127
3575
-137
894
152716
1189
52
189
3627
-68
952
153741
1112
94
242
3452
7
905
154766
967
113
295
3317
-65
821
155791
836
133
334
3240
-83
793
148609
686
135
339
3413
-170
797
149634
581
148
332
3468
-254
763
150659
476
145
331
3403
-307
685
151684
374
108
337
3568
-402
651
152709
323
82
322
4210
-421
685
153734
285
89
240
5057
-431
628
154759
228
108
73
5809
-513
451
155784
226
110
-145
6055
-711
345
156809
402
101
-251
5213
-864
403
157834
668
100
-169
4586
-729
482
158859
881
103
68
4329
-614
474
159884
1139
129
401
4055
-510
373
160909
1407
174
674
3782
-351
298
161934
1549
202
843
3750
-360
316
162959
1537
233
995
3856
-383
388
163984
1370
284
1158
3866
-261
428
156800
1065
330
1307
3841
-171
336
157825
755
372
1427
3895
-204
181
158850
555
411
1508
4083
-309
121
159875
476
453
1549
4342
-351
152
160900
418
505
1567
4261
-274
147
161925
262
511
1570
4208
-278
90
162950
136
486
1572
4233
-344
75
163975
91
446
1588
4298
-282
132
165000
10
400
1613
4206
-202
140
166025
-96
327
1629
4061
-252
134
167050
-128
252
1616
3945
-330
158
168075
-117
181
1547
3938
-391
229
169100
-75
113
1444
4053
-484
306
170125
23
81
1327
3988
-529
336
171150
103
55
1211
3897
-523
335
172175
192
32
1070
3949
-577
378
164992
340
37
901
3884
-622
505
166017
484
73
749
3695
-543
619
167042
470
115
620
3499
-373
605
168067
225
95
480
3314
-357
515
169092
-31
17
323
3007
-519
542
170117
-167
-66
143
2824
-562
693
171142
-332
-166
-81
2876
-636
828
172167
-439
-271
-328
2860
-924
920
173192
-351
-348
-577
2817
-1083
916
174217
-239
-432
-835
2897
-1141
871
175242
-143
-497
-1102
3059
-1239
806
176267
-30
-524
-1343
3172
-1291
714
177292
41
-553
-1541
3309
-1395
736
178317
80
-555
-1700
3545
-1501
829
179342
62
-532
-1817
3811
-1490
854
180367
-9
-504
-1895
4030
-1443
845
173185
-121
-472
-1939
4157
-1335
982
174210
-372
-415
-1931
4213
-1178
1017
175235
-822
-370
-1864
4283
-1089
847
176260
-1334
-359
-1770
4350
-1118
695
177285
-1723
-345
-1659
4372
-1162
653
178310
-2011
-312
-1525
4339
-1119
670
179335
-2209
-282
-1398
4269
-1144
614
180360
-2209
-255
-1251
4212
-1253
531
181385
-2031
-221
-1078
4158
-1293
502
182410
-1827
-190
-924
4142
-1279
408
183435
-1636
-179
-789
4128
-1371
343
184460
-1368
-159
-668
4058
-1387
383
185485
-1099
-135
-546
3944
-1259
459
186510
-926
-113
-420
3834
-1133
537
187535
-837
-89
-305
3785
-1095
541
188560
-743
-74
-222
3859
-1169
557
181376
-605
-41
-170
3903
-1135
612
182401
-524
-10
-111
3928
-1045
622
183426
-496
16
-22
3899
-995
603
184451
-464
37
78
3873
-1001
563
185476
-362
55
177
3886
-1029
560
186501
-206
81
268
3944
-945
609
187526
-116
104
362
4003
-826
607
188551
-102
110
457
3965
-797
549
189576
-75
107
542
3880
-808
519
190601
2
110
613
3823
-786
527
191626
81
121
656
3822
-763
539
192651
135
137
682
3831
-745
516
193676
170
152
692
3859
-729
457
194701
194
161
690
3884
-712
405
195726
213
163
685
3870
-689
389
196751
237
155
679
3831
-646
409
189568
245
146
663
3796
-624
436
190593
238
134
638
3779
-640
444
191618
240
126
605
3771
-643
432
192643
244
113
554
3738
-657
400
193668
260
99
497
3712
-660
410
194693
280
86
442
3705
-633
460
195718
269
75
385
3680
-622
448
196743
229
56
328
3674
-626
440
197768
190
33
270
3687
-646
474
198793
174
14
214
3654
-653
536
199818
157
-2
159
3643
-646
552
200843
129
-21
104
3713
-672
529
201868
98
-43
50
3795
-712
531
202893
69
-66
-6
3770
-711
595
203918
31
-87
-54
3684
-719
632
204943
4
-104
-91
3664
-789
605
197759
28
-115
-128
3654
-842
616
198784
74
-118
-165
3637
-842
645
199809
84
-118
-198
3681
-836
663
200834
67
-117
-218
3694
-838
679
201859
42
-117
-231
3680
-839
663
202884
31
-118
-241
3720
-871
658
203909
48
-113
-253
3737
-882
685
204934
53
-107
-260
3716
-864
682
205959
40
-103
-261
3744
-882
663
206984
45
-97
-263
3819
-905
647
208009
65
-81
-263
3814
-884
654
209034
55
-67
-254
3800
-850
639
210059
16
-61
-236
3847
-859
630
211084
-6
-53
-217
3857
-866
628
212109
-13
-45
-200
3807
-868
629
213134
-19
-39
-175
3753
-851
618
205952
-32
-34
-145
3751
-841
604
206977
-42
-30
-115
3785
-845
609
208002
-34
-23
-85
3805
-835
605
209027
-26
-18
-58
3801
-815
589
210052
-16
-16
-34
3791
-825
582
211077
7
-13
-16
3736
-810
594
212102
5
-12
-4
3737
-779
595
213127
-9
-12
8
3770
-783
582
214152
-1
-8
19
3792
-783
567
215177
17
-6
23
3825
-778
558
216202
37
-1
23
3811
-757
578
217227
39
1
24
3779
-717
600
218252
18
0
25
3781
-719
591
219277
6
2
25
3764
-733
603
220302
10
9
24
3754
-729
605
221327
18
18
26
3762
-712
582
214347
28
26
30
3771
-713
567
215372
29
34
27
3754
-703
566
216397
21
31
14
3769
-718
570
217422
24
26
1
3742
-719
581
218447
29
21
-5
3699
-694
563
219472
30
16
-3
3714
-705
533
220497
39
12
-1
3770
-719
534
221522
46
12
-3
3778
-698
544
222547
32
12
-6
3766
-684
533
223572
18
10
1
3764
-685
529
224597
5
10
14
3752
-676
531
225622
-14
5
33
3723
-679
516
226647
-26
-2
45
3714
-691
522
227672
-20
-10
48
3710
-714
513
228697
6
-16
40
3732
-720
517
229722
25
-19
28
3735
-693
513
222336
13
-24
24
3736
-658
520
223361
-15
-28
27
3757
-664
533
224386
-32
-27
29
3786
-693
518
225411
-25
-27
26
3773
-698
505
226436
-20
-30
20
3764
-685
514
227461
-21
-34
9
3777
-687
531
228486
-25
-36
-3
3789
-688
537
229511
-34
-38
-11
3789
-692
540
230536
-38
-35
-17
3796
-683
535
231561
-47
-31
-20
3784
-694
513
232586
-41
-32
-29
3801
-729
516
233611
-11
-31
-50
3809
-734
527
234636
14
-35
-76
3745
-746
531
235661
40
-42
-99
3687
-755
547
236686
69
-45
-112
3712
-757
552
237711
83
-39
-115
3778
-765
550
230528
72
-28
-116
3823
-730
531
231553
25
-19
-102
3819
-707
532
232578
-29
-13
-71
3809
-708
524
233603
-62
-13
-34
3776
-736
535
234628
-58
-14
-5
3772
-755
512
235653
-38
-17
11
3802
-757
488
236678
-25
-22
22
3829
-741
481
237703
-19
-27
26
3811
-743
465
238728
-6
-32
25
3776
-767
461
239753
31
-35
19
3758
-769
481
240778
65
-36
8
3732
-732
496
241803
63
-41
-1
3733
-727
486
242828
52
-45
-7
3769
-741
475
243853
56
-44
-11
3770
-740
458
244878
69
-46
-9
3766
-739
457
245903
87
-53
-8
3792
-730
479
238721
102
-63
-10
3821
-720
505
239746
110
-69
-17
3796
-730
494
240771
124
-73
-23
3771
-757
475
241796
163
-70
-25
3787
-748
480
242821
194
-60
-25
3811
-718
504
243846
199
-52
-24
3799
-705
495
244871
184
-50
-19
3795
-697
506
245896
171
-48
-11
3809
-694
522
246921
172
-43
1
3814
-688
519
247946
170
-37
19
3843
-668
517
248971
157
-26
41
3886
-646
492
249996
142
-16
63
3886
-642
484
251021
144
-11
77
3847
-640
517
252046
154
-1
84
3825
-607
527
253071
154
8
86
3820
-613
477
254096
160
14
78
3813
-650
433
246911
185
18
57
3798
-656
421
247936
229
19
22
3736
-660
434
248961
270
10
-24
3677
-651
442
249986
298
-7
-71
3689
-677
422
251011
343
-23
-123
3719
-701
419
252036
387
-33
-170
3698
-679
421
253061
400
-44
-199
3717
-673
427
254086
410
-49
-209
3774
-682
461
255111
412
-41
-203
3785
-639
474
256136
369
-37
-174
3794
-629
438
257161
326
-33
-125
3847
-646
442
258186
311
-25
-69
3830
-635
485
259211
287
-20
-8
3840
-620
492
260236
262
-14
56
3836
-614
462
261261
234
-8
117
3784
-601
437
262286
200
-5
171
3787
-611
432
255104
174
1
208
3812
-570
450
256129
130
7
237
3793
-545
454
257154
67
15
261
3808
-532
426
258179
6
27
279
3867
-540
396
259204
-31
43
292
3855
-547
388
260229
-56
54
301
3795
-536
371
261254
-95
53
306
3759
-512
393
262279
-151
46
303
3777
-502
400
263304
-206
34
299
3798
-525
392
264329
-231
22
282
3815
-559
381
265354
-220
9
251
3824
-604
384
266379
-177
-1
212
3791
-595
418
267404
-146
-11
165
3730
-581
468
268429
-139
-21
116
3669
-591
494
269454
-135
-28
60
3698
-621
506
270479
-120
-27
-5
3715
-652
518
263297
-99
-21
-71
3698
-648
534
264322
-87
-18
-137
3717
-670
539
265347
-66
-14
-205
3744
-693
581
266372
-47
-8
-267
3737
-670
613
267397
-55
-4
-319
3728
-680
605
268422
-67
-2
-348
3762
-709
611
269447
-61
10
-362
3814
-704
617
270472
-60
23
-362
3864
-708
617
271497
-62
36
-352
3908
-707
619
272522
-80
48
-328
3865
-704
623
273547
-111
52
-284
3838
-710
615
274572
-135
54
-237
3850
-759
620
275597
-129
59
-199
3833
-782
620
276622
-127
61
-170
3806
-782
601
277647
-125
63
-143
3767
-812
561
278672
-104
67
-112
3748
-821
556
271488
-73
69
-89
3761
-828
565
272513
-42
68
-75
3782
-815
573
273538
-24
64
-56
3786
-782
558
274563
-26
57
-26
3806
-795
541
275588
-13
51
11
3839
-788
551
276613
10
50
59
3812
-730
574
277638
4
46
114
3783
-690
572
278663
-22
38
169
3785
-696
560
279688
-30
31
214
3770
-714
555
280713
-8
31
241
3735
-706
554
281738
23
31
253
3721
-678
554
282763
26
32
255
3745
-655
545
283788
6
28
249
3779
-633
550
284813
-16
25
239
3751
-615
561
285838
-41
22
228
3766
-606
535
286863
-54
13
212
3795
-655
520
279680
-30
7
187
3730
-644
529
280705
-13
-3
159
3703
-629
549
281730
-5
-13
129
3688
-628
558
282755
-6
-23
97
3696
-633
557
283780
-2
-28
59
3708
-645
542
284805
13
-31
19
3732
-657
551
285830
35
-33
-18
3764
-651
587
286855
39
-30
-47
3752
-603
596
287880
11
-29
-66
3755
-628
589
288905
-5
-27
-79
3759
-646
591
289930
-16
-23
-86
3780
-646
589
290955
-15
-20
-92
3790
-669
588
291980
-8
-17
-99
3773
-667
581
293005
-17
-16
-104
3777
-665
581
294030
-28
-17
-107
3804
-670
599
295055
-41
-18
-105
3797
-665
601
287872
-47
-19
-99
3796
-699
590
288897
-27
-16
-95
3817
-723
589
289922
0
-11
-93
3793
-698
598
290947
-3
-10
-92
3763
-668
608
291972
-25
-11
-86
3760
-688
605
292997
-25
-9
-77
3754
-721
595
294022
-13
-6
-71
3761
-712
604
295047
-16
-6
-67
3785
-687
619
296072
-43
-7
-59
3806
-689
609
297097
-66
-7
-47
3797
-710
597
298122
-66
-3
-28
3800
-717
593
299147
-43
1
-6
3824
-724
587
300172
-14
-1
8
3777
-700
634
301197
-10
-3
19
3764
-661
629
302222
-30
-5
31
3830
-684
589
303247
-26
0
37
3827
-688
593
296064
-15
3
39
3773
-676
616
297089
-4
7
42
3748
-670
621
298114
2
8
44
3736
-672
634
299139
5
8
40
3757
-670
608
300164
10
10
34
3770
-655
599
301189
8
13
38
3745
-632
618
302214
-3
14
47
3744
-657
604
303239
1
17
50
3773
-664
591
304264
4
20
54
3766
-627
576
305289
-8
22
64
3747
-626
560
306314
-15
24
72
3757
-641
547
307339
-15
25
70
3774
-648
534
308364
-14
21
59
3756
-642
524
309389
-16
12
44
3750
-636
523
310414
-21
3
30
3766
-643
526
311439
-22
0
19
3738
-650
505
304256
-20
-6
13
3742
-668
482
305281
-8
-12
9
3769
-666
494
306306
-2
-18
6
3785
-638
514
307331
-15
-27
3
3785
-650
506
308356
-24
-34
0
3764
-668
494
309381
-19
-41
-1
3761
-672
501
310406
-1
-46
-5
3773
-676
515
311431
15
-50
-10
3757
-670
531
312456
17
-51
-16
3743
-670
537
313481
16
-52
-19
3762
-679
543
314506
16
-48
-23
3787
-676
537
315531
7
-48
-25
3782
-668
550
316556
-8
-49
-20
3757
-660
566
317581
-25
-47
-9
3812
-670
558
318606
-22
-42
1
3848
-707
544
319631
-5
-36
1
3823
-692
557
312448
1
-31
-3
3786
-681
561
313473
-10
-29
-4
3755
-676
591
314498
-27
-26
-1
3757
-697
587
315523
-25
-20
-1
3797
-711
562
316548
-15
-13
0
3806
-693
561
317573
-21
-7
10
3804
-664
576
318598
-41
-4
24
3799
-678
566
319623
-44
-2
30
3811
-706
554
320648
-22
1
24
3791
-713
545
321673
2
1
10
3751
-701
540
322698
7
-1
-1
3731
-697
558
323723
-5
-2
-5
3764
-702
541
324748
-7
0
-8
3796
-715
527
325773
-6
3
-6
3797
-695
531
326798
-15
0
1
3799
-711
523
327823
-7
-1
7
3804
-710
530
320640
3
-2
11
3783
-708
532
321665
10
-2
15
3762
-708
534
322690
10
-2
17
3758
-714
531
323715
13
0
19
3767
-704
538
324740
12
1
20
3780
-693
548
325765
2
1
23
3784
-694
541
326790
-5
1
29
3785
-694
529
327815
-5
1
35
3784
-695
526
328840
-4
3
37
3770
-688
524
329865
-4
3
36
3765
-678
536
330890
-4
2
31
3778
-684
522
331915
1
1
24
3774
-695
516
332940
5
0
16
3726
-668
551
333965
-17
0
13
3761
-649
543
334990
-39
1
14
3830
-688
517
336015
-26
5
8
3824
-694
516
328833
-3
5
-2
3774
-679
522
329858
4
3
-7
3744
-674
535
330883
-9
-2
-8
3726
-680
550
331908
-24
-4
-14
3738
-694
530
332933
-26
-1
-17
3764
-711
515
333958
-20
5
-14
3779
-701
520
334983
-21
7
-15
3804
-705
525
336008
-27
7
-19
3803
-702
524
337033
-41
2
-21
3778
-699
526
338058
-51
-5
-16
3765
-726
515
339083
-35
-10
-10
3761
-738
515
340108
-15
-11
-9
3754
-730
526
341133
-9
-13
-14
3757
-737
513
342158
-3
-16
-23
3754
-743
541
343183
-1
-17
-28
3766
-736
553
344208
8
-17
-27
3786
-759
541
337023
30
-14
-24
3785
-739
556
338048
28
-12
-20
3780
-724
566
339073
16
-12
-11
3785
-732
565
340098
8
-7
-2
3791
-734
574
341123
8
-4
10
3803
-737
568
342148
15
0
19
3823
-721
565
343173
13
4
27
3835
-706
572
344198
0
5
31
3789
-699
582
345223
-12
5
33
3738
-705
579
346248
-9
6
36
3753
-715
577
347273
9
11
35
3777
-701
567
348298
15
13
30
3775
-697
564
349323
19
13
25
3728
-682
578
350348
12
14
21
3771
-664
559
351373
6
16
17
3829
-694
552
352398
