Device = VHR-0009
time_stamp = 1777368374154
sample_rate = 50
Data format = INT16
TYPE = 6-AXIS IMU RAW DATA
-38
18
-20
-789
-3786
-1536
3409024
-53
26
-20
-790
-3798
-1556
3410049
-58
34
-23
-783
-3840
-1570
3411074
-39
35
-22
-763
-3861
-1587
3412099
-11
28
-23
-754
-3821
-1598
3413124
-9
17
-22
-759
-3796
-1603
3414149
-30
11
-21
-749
-3825
-1603
3415174
-27
9
-21
-760
-3824
-1579
3416199
-17
9
-15
-761
-3798
-1563
3417224
-12
11
-7
-765
-3809
-1620
3418249
-6
11
0
-763
-3811
-1638
3419274
-6
9
10
-742
-3819
-1637
3420299
-5
7
18
-730
-3801
-1627
3421324
-2
9
28
-731
-3772
-1600
3422349
-3
7
28
-740
-3747
-1611
3423374
-6
6
19
-745
-3758
-1637
3424399
-10
10
10
-742
-3762
-1636
3417217
-29
5
4
-737
-3776
-1625
3418242
-27
3
-5
-741
-3780
-1620
3419267
-10
0
-10
-742
-3760
-1615
3420292
-16
-3
-16
-735
-3763
-1617
3421317
-25
-1
-15
-730
-3766
-1610
3422342
-29
5
-11
-727
-3757
-1606
3423367
-31
7
-9
-729
-3770
-1610
3424392
-23
6
-12
-722
-3778
-1625
3425417
-19
4
-18
-708
-3785
-1642
3426442
-23
4
-21
-704
-3782
-1658
3427467
-39
5
-16
-700
-3792
-1658
3428492
-46
4
-14
-717
-3813
-1680
3429517
-22
-3
-18
-711
-3770
-1667
3430542
-29
-12
-31
-680
-3662
-1646
3431567
-90
-14
-61
-640
-3515
-1609
3432592
-23
6
-12
-722
-3778
-1625
3425417
-19
4
-18
-708
-3785
-1642
3426442
-23
4
-21
-704
-3782
-1658
3427467
-39
5
-16
-700
-3792
-1658
3428492
-46
4
-14
-717
-3813
-1680
3429517
-22
-3
-18
-711
-3770
-1667
3430542
-29
-12
-31
-680
-3662
-1646
3431567
-90
-14
-61
-640
-3515
-1609
3432592
-156
2
-94
-573
-3566
-1667
3425408
-120
24
-102
-632
-3811
-1701
3426433
-26
28
-100
-703
-3795
-1763
3427458
-81
21
-47
-726
-4115
-1813
3428483
-36
12
-4
-745
-3990
-1698
3429508
-14
8
4
-686
-3759
-1615
3430533
-33
3
22
-688
-3877
-1665
3431558
21
-12
19
-689
-3803
-1699
3432583
16
-23
4
-693
-3755
-1680
3433608
5
-31
3
-696
-3775
-1687
3434633
37
-34
-2
-697
-3744
-1690
3435658
42
-29
-7
-676
-3719
-1686
3436683
16
-25
-2
-668
-3735
-1710
3437708
2
-25
3
-652
-3732
-1722
3438733
-3
-28
9
-647
-3743
-1740
3439758
2
-32
13
-642
-3726
-1739
3440783
0
-33
12
-636
-3714
-1730
3433601
-18
-32
7
-626
-3720
-1716
3434626
-25
-37
1
-629
-3721
-1705
3435651
-27
-39
-5
-643
-3734
-1694
3436676
-36
-36
-13
-658
-3729
-1680
3437701
-34
-32
-22
-664
-3768
-1669
3438726
-22
-29
-24
-657
-3755
-1660
3439751
-28
-26
-21
-663
-3765
-1672
3440776
-29
-23
-20
-674
-3770
-1690
3441801
-29
-22
-12
-663
-3773
-1694
3442826
-24
-22
-14
-651
-3770
-1711
3443851
-13
-23
-12
-634
-3776
-1732
3444876
-7
-26
-10
-634
-3807
-1736
3445901
-6
-25
-13
-627
-3782
-1724
3446926
-14
-20
-16
-616
-3757
-1716
3447951
-16
-17
-17
-617
-3767
-1705
3448976
-17
-19
-17
-618
-3761
-1682
3441791
-14
-21
-20
-629
-3733
-1666
3442816
-13
-20
-21
-650
-3729
-1657
3443841
-12
-20
-18
-677
-3723
-1690
3444866
-12
-19
-22
-681
-3754
-1704
3445891
-5
-14
-26
-664
-3763
-1718
3446916
-16
-12
-19
-634
-3748
-1715
3447941
-36
-14
-12
-630
-3757
-1722
3448966
-38
-19
-10
-653
-3750
-1726
3449991
-23
-26
-13
-643
-3764
-1711
3451016
-10
-29
-14
-633
-3758
-1690
3452041
-18
-29
-14
-643
-3726
-1710
3453066
-39
-29
-17
-619
-3747
-1712
3454091
-39
-25
-13
-614
-3771
-1707
3455116
-29
-21
-7
-610
-3763
-1727
3456141
-22
-18
-1
-616
-3787
-1728
3457166
-5
-17
2
-637
-3750
-1709
3449984
-13
-12
4
-628
-3728
-1688
3451009
-22
-6
10
-635
-3767
-1706
3452034
-1
-2
11
-642
-3752
-1718
3453059
8
4
10
-644
-3760
-1721
3454084
2
13
10
-646
-3791
-1741
3455109
-11
24
9
-632
-3751
-1712
3456134
-28
30
3
-635
-3743
-1687
3457159
-24
31
-2
-648
-3723
-1699
3458184
-10
29
-9
-669
-3739
-1712
3459209
-4
25
-10
-680
-3760
-1715
3460234
-8
26
-4
-675
-3748
-1706
3461259
-11
29
-4
-690
-3716
-1707
3462284
-21
34
-3
-681
-3717
-1738
3463309
-28
35
-1
-674
-3719
-1746
3464334
-48
32
4
-663
-3731
-1732
3465359
-48
29
7
-671
-3749
-1754
3458176
-29
20
4
-670
-3691
-1732
3459201
-45
14
2
-646
-3700
-1737
3460226
-56
11
0
-649
-3708
-1754
3461251
-63
11
1
-667
-3736
-1786
3462276
-56
11
4
-662
-3776
-1793
3463301
-44
8
0
-660
-3721
-1754
3464326
-84
4
-7
-651
-3657
-1724
3465351
-131
-1
-23
-630
-3759
-1752
3466376
-99
-3
-23
-643
-3740
-1732
3467401
-82
-6
-14
-657
-3725
-1779
3468426
-68
-11
-22
-666
-3710
-1738
3469451
-85
-17
-39
-642
-3716
-1751
3470476
-112
-18
-40
-621
-3773
-1766
3471501
-73
0
-41
-573
-3690
-1843
3472526
-69
22
-35
-547
-3674
-1722
3473551
-118
42
-55
-541
-3730
-1810
3466368
-75
28
-65
-575
-3807
-1988
3467393
40
-1
-68
-510
-3823
-1834
3468418
89
-1
-21
-577
-3821
-1674
3469443
0
0
11
-674
-3713
-1820
3470468
-30
-16
10
-746
-3675
-1870
3471493
-114
-39
0
-701
-3519
-1815
3472518
-196
-37
-60
-656
-3377
-1896
3473543
-209
-54
-118
-616
-3434
-1992
3474568
-136
-80
-134
-569
-3848
-2000
3475593
97
-75
-108
-573
-4012
-1816
3476618
236
-37
-61
-574
-3853
-1606
3477643
168
-1
-8
-564
-3795
-1670
3478668
63
6
46
-695
-3823
-1870
3479693
58
-16
45
-700
-3899
-1913
3480718
153
-46
33
-650
-3826
-1810
3481743
160
-61
0
-568
-3546
-1684
3474847
-13
-66
-31
-495
-3452
-1879
3475872
-69
-78
-79
-545
-3509
-2006
3476897
1
-97
-111
-552
-3601
-1954
3477922
-2
-121
-89
-549
-3719
-1968
3478947
-16
-129
-43
-602
-3834
-2006
3479972
56
-124
4
-571
-3800
-1911
3480997
90
-95
48
-494
-3720
-1818
3482022
75
-48
80
-490
-3589
-1731
3483047
-103
-54
151
-609
-3877
-1985
3484072
-92
-112
151
-714
-4016
-2097
3485097
93
-167
129
-629
-3739
-1899
3486122
65
-185
128
-532
-3500
-1860
3487147
-74
-209
115
-625
-3577
-1942
3488172
-123
-254
84
-637
-3646
-2015
3489197
-63
-300
29
-664
-3617
-2024
3490222
-53
-341
-23
-583
-3614
-1934
3482753
-93
-320
-53
-501
-3588
-1784
3483778
-127
-267
-55
-487
-3730
-1732
3484803
-45
-208
-61
-585
-3783
-1669
3485828
135
-191
-122
-843
-3233
-1860
3486853
-4
-231
-235
-933
-3066
-1889
3487878
-194
-258
-353
-825
-3259
-1743
3488903
-216
-230
-406
-695
-3517
-1615
3489928
-89
-159
-437
-490
-3898
-1482
3490953
106
-69
-427
-401
-4192
-1547
3491978
314
60
-377
-177
-4685
-1395
3493003
804
269
-268
-50
-4744
-1202
3494028
1256
507
-180
87
-3848
-737
3495053
1197
742
-187
99
-3365
-527
3496078
1202
1004
-259
-147
-3915
-664
3497103
1938
1124
-503
-284
-2998
-767
3498128
2158
1175
-784
-47
-2422
-435
3490944
2144
1311
-1167
46
-2273
149
3491969
2173
1459
-1557
185
-2104
318
3492994
1869
1515
-1908
467
-2308
30
3494019
906
1440
-2063
950
-2827
-297
3495044
-162
1356
-2238
1134
-2646
-464
3496069
-885
1331
-2570
1143
-2257
-647
3497094
-1415
1342
-2823
1522
-2803
-1113
3498119
-1940
1312
-2800
2090
-3468
-1599
3499144
-2544
1276
-2672
2595
-3708
-1886
3500169
-2538
1317
-2700
2723
-3898
-1905
3501194
-1594
1358
-2824
2600
-3755
-1762
3502219
-388
1313
-2874
2691
-3537
-1659
3503244
464
1198
-2821
2838
-3383
-1645
3504269
901
1053
-2783
3050
-3346
-1578
3505294
1209
899
-2811
3387
-3295
-1392
3506319
1658
782
-2912
3608
-3244
-1105
3499136
2253
682
-2969
3749
-3204
-776
3500161
2945
575
-2943
3914
-3110
-478
3501186
3670
420
-2861
4059
-2933
-285
3502211
4262
198
-2705
4177
-2685
-120
3503236
4655
-39
-2517
4217
-2470
63
3504261
4860
-264
-2286
4184
-2099
318
3505286
4730
-474
-1973
4182
-1534
575
3506311
4146
-620
-1584
4308
-1093
904
3507336
3198
-659
-1183
4399
-836
1191
3508361
2131
-607
-805
4347
-673
1303
3509386
1089
-517
-488
4220
-646
1231
3510411
148
-432
-249
4196
-727
1070
3511436
-600
-313
-64
4181
-885
923
3512461
-1113
-184
90
4043
-1073
819
3513486
-1363
-92
203
3908
-1249
707
3514511
-1380
-38
270
3865
-1334
584
3507328
-1270
6
309
3867
-1378
436
3508353
-1109
50
327
3815
-1429
303
3509378
-910
70
323
3724
-1408
250
3510403
-697
66
310
3691
-1365
291
3511428
-515
46
303
3703
-1334
319
3512453
-366
20
301
3756
-1313
359
3513478
-225
7
304
3754
-1309
387
3514503
-88
-16
307
3751
-1277
381
3515528
20
-42
313
3792
-1206
357
3516553
76
-60
327
3839
-1143
339
3517578
90
-70
340
3903
-1124
296
3518603
91
-61
350
3927
-1104
281
3519628
99
-40
360
3864
-1081
301
3520653
115
-33
368
3833
-1049
324
3521678
118
-30
374
3809
-1026
344
3522703
123
-28
369
3803
-1019
384
3515520
123
-22
346
3768
-988
419
3516545
106
-15
307
3744
-991
413
3517570
92
-7
256
3726
-991
395
3518595
64
2
192
3725
-972
379
3519620
32
9
124
3729
-992
351
3520645
9
12
53
3728
-1028
337
3521670
7
14
-15
3730
-1064
321
3522695
14
10
-74
3745
-1072
299
3523720
0
13
-114
3755
-1122
312
3524745
9
15
-132
3750
-1214
318
3525770
59
13
-151
3749
-1196
319
3526795
89
14
-164
3753
-1164
315
3527820
92
14
-171
3793
-1189
317
3528845
86
23
-175
3807
-1201
324
3529870
71
32
-181
3814
-1192
330
3530895
46
40
-184
3815
-1200
344
3523712
20
47
-175
3780
-1232
375
3524737
-23
47
-147
3788
-1322
433
3525762
-204
38
-58
3907
-1474
496
3526787
-563
41
94
3985
-1471
561
3527812
-965
41
316
4077
-1623
584
3528837
-1361
51
634
4190
-1833
563
3529862
-1663
108
992
4063
-2220
485
3530887
-1851
133
1354
4042
-2629
323
3531912
-1997
139
1671
4100
-2668
202
3532937
-2188
142
1935
3924
-2598
227
3533962
-2362
94
2143
3576
-2665
64
3534987
-2307
-2
2237
3295
-2816
-145
3536012
-1997
-101
2222
3281
-2810
-320
3537037
-1512
-135
2104
3089
-2687
-435
3538062
-883
-162
1905
2829
-2553
-469
3539087
-206
-192
1652
2732
-2378
-411
3531903
377
-192
1368
2696
-2158
-312
3532928
735
-178
1087
2736
-2081
-249
3533953
687
-189
890
2943
-2101
-263
3534978
379
-207
752
3090
-2097
-308
3536003
-36
-235
732
3200
-2364
-223
3537028
-573
-269
896
3453
-2941
-109
3538053
-1103
-255
1175
3453
-3475
-232
3539078
-1377
-249
1397
3219
-3614
-518
3540103
-1397
-265
1536
2836
-3630
-796
3541128
-1280
-327
1640
2461
-3797
-967
3542153
-1008
-401
1665
2275
-3813
-909
3543178
-640
-422
1617
2024
-3534
-838
3544203
-249
-425
1524
1691
-3319
-838
3545228
57
-453
1385
1492
-3132
-931
3546253
156
-480
1217
1485
-3045
-917
3547278
227
-484
1040
1534
-3130
-817
3540096
187
-474
928
1606
-3125
-893
3541121
-28
-466
854
1680
-3112
-949
3542146
-117
-438
764
1530
-3228
-918
3543171
-89
-425
698
1459
-3325
-892
3544196
-85
-395
637
1446
-3415
-910
3545221
-28
-355
536
1352
-3388
-947
3546246
73
-325
417
1334
-3433
-931
3547271
244
-284
303
1301
-3446
-847
3548296
512
-232
185
1211
-3415
-785
3549321
797
-176
52
1165
-3315
-649
3550346
948
-117
-83
1157
-3210
-518
3551371
870
-56
-212
1196
-3129
-423
3552396
631
13
-342
1255
-3085
-362
3553421
316
82
-445
1353
-3213
-422
3554446
114
151
-528
1455
-3479
-491
3555471
148
220
-605
1537
-3674
-487
3548289
287
279
-661
1605
-3700
-407
3549314
440
339
-729
1570
-3572
-338
3550339
484
380
-809
1538
-3359
-306
3551364
377
410
-901
1595
-3269
-387
3552389
157
413
-952
1778
-3433
-419
3553414
19
417
-992
1906
-3525
-325
3554439
154
440
-1049
1811
-3517
-287
3555464
413
443
-1106
1809
-3494
-323
3556489
580
431
-1188
1939
-3299
-396
3557514
491
409
-1272
2169
-3051
-394
3558539
235
392
-1337
2335
-2930
-255
3559564
-11
390
-1373
2428
-3028
-183
3560589
-87
395
-1427
2529
-3133
-193
3561614
-42
402
-1502
2656
-3044
-235
3562639
-34
400
-1574
2825
-2827
-230
3563664
-110
399
-1629
2952
-2750
-200
3556480
-234
386
-1656
3076
-2723
-141
3557505
-350
378
-1669
3181
-2714
-58
3558530
-390
384
-1666
3260
-2767
-45
3559555
-358
385
-1639
3388
-2815
-96
3560580
-230
385
-1616
3522
-2747
-84
3561605
-27
380
-1594
3610
-2638
-38
3562630
189
368
-1551
3618
-2595
9
3563655
317
335
-1475
3614
-2511
20
3564680
283
290
-1373
3664
-2441
25
3565705
144
239
-1260
3697
-2363
74
3566730
39
183
-1144
3647
-2334
127
3567755
28
124
-1014
3551
-2360
170
3568780
92
55
-866
3430
-2382
176
3569805
213
-18
-726
3358
-2328
177
3570830
372
-85
-618
3368
-2231
188
3571855
554
-133
-556
3432
-2159
213
3564672
769
-151
-527
3505
-2155
234
3565697
1026
-155
-523
3550
-2140
230
3566722
1287
-157
-537
3559
-2038
234
3567747
1498
-161
-549
3488
-1915
281
3568772
1651
-184
-545
3414
-1786
353
3569797
1740
-219
-522
3413
-1642
431
3570822
1746
-253
-482
3503
-1520
507
3571847
1681
-269
-416
3574
-1419
553
3572872
1562
-275
-337
3639
-1312
553
3573897
1379
-272
-263
3733
-1226
547
3574922
1139
-258
-195
3863
-1169
535
3575947
865
-227
-122
3941
-1120
508
3576972
574
-195
-41
3946
-1080
498
3577997
284
-172
38
3921
-1074
484
3579022
30
-161
109
3875
-1099
488
3580047
-138
-154
175
3690
-1154
487
3572867
-185
-170
228
3460
-1216
450
3573892
-133
-221
228
3475
-1271
380
3574917
5
-263
157
3778
-1344
326
3575942
217
-252
31
4063
-1410
346
3576967
434
-204
-137
4249
-1475
410
3577992
557
-125
-314
4269
-1490
475
3579017
558
-45
-465
4170
-1422
496
3580042
460
15
-561
4109
-1312
529
3581067
253
73
-562
3947
-1236
592
3582092
3
99
-505
3752
-1278
658
3583117
-150
94
-431
3650
-1377
710
3584142
-133
76
-353
3618
-1478
707
3585167
6
57
-281
3649
-1558
642
3586192
231
57
-232
3656
-1619
605
3587217
486
67
-224
3644
-1541
619
3588242
653
90
-240
3701
-1410
648
3581055
701
131
-265
3796
-1315
649
3582080
643
195
-294
3783
-1187
643
3583105
472
257
-324
3725
-1099
624
3584130
229
302
-352
3771
-1070
589
3585155
-37
330
-381
4005
-1066
530
3586180
-282
359
-410
4331
-1099
472
3587205
-474
399
-422
4518
-1116
401
3588230
-617
419
-407
4593
-1107
360
3589255
-746
375
-357
4838
-1017
205
3590280
-886
299
-285
5168
-995
1
3591305
-948
245
-188
5040
-1104
-44
3592330
-814
133
-110
4671
-1217
51
3593355
-500
-65
-99
4879
-1109
131
3594380
-197
-141
-141
4713
-640
115
3595405
-2
-156
-169
4055
-277
253
3596430
128
-185
-215
3634
-56
399
3589248
121
-146
-215
3189
54
460
3590273
-50
-119
-164
3016
211
421
3591298
-310
-101
-126
3364
421
305
3592323
-545
2
-96
3633
530
245
3593348
-743
128
-47
3458
494
293
3594373
-898
165
-19
3345
398
422
3595398
-939
146
-19
3339
341
585
3596423
-880
100
-37
3299
187
691
3597448
-715
35
-109
3315
14
773
3598473
-483
-18
-229
3305
-136
812
3599498
-236
-49
-365
3268
-270
799
3600523
26
-86
-492
3246
-442
878
3601548
295
-133
-582
3266
-532
1010
3602573
544
-155
-647
3271
-598
1113
3603598
755
-187
-669
3286
-658
1144
3604623
890
-212
-652
3218
-603
1190
3597440
893
-235
-600
3146
-564
1264
3598465
787
-256
-524
3132
-517
1309
3599490
599
-259
-436
3093
-498
1318
3600515
373
-244
-335
2999
-592
1304
3601540
221
-239
-252
2990
-723
1275
3602565
209
-244
-196
3197
-938
1254
3603590
354
-250
-146
3685
-1207
1200
3604615
594
-217
-90
4167
-1356
1142
3605640
833
-165
-25
4582
-1386
1030
3606665
960
-114
54
4922
-1243
916
3607690
929
-111
151
5454
-1158
919
3608715
823
-82
245
6081
-1243
1109
3609740
778
14
359
6505
-1410
1379
3610765
827
231
489
6204
-1506
1484
3611790
855
526
691
4888
-1391
1295
3612815
834
625
935
4127
-1302
805
3605632
992
545
1119
4475
-1317
531
3606657
1285
496
1281
5281
-1370
597
3607682
1593
626
1420
5635
-1398
653
3608707
1899
813
1500
5406
-1164
558
3609732
2014
977
1530
4920
-907
494
3610757
1877
1071
1531
4659
-861
519
3611782
1636
1157
1567
4438
-897
543
3612807
1421
1218
1644
4198
-778
528
3613832
1188
1251
1707
4042
-679
418
3614857
927
1280
1732
3953
-715
236
3615882
679
1307
1732
3927
-726
74
3616907
453
1343
1718
3864
-669
-54
3617932
212
1370
1708
3699
-567
-138
3618957
-80
1359
1705
3495
-468
-197
3619982
-436
1310
1707
3237
-433
-211
3621007
-809
1221
1725
2954
-475
-194
3614000
-1126
1079
1742
2736
-554
-159
3615025
-1332
879
1712
2727
-679
-125
3616050
-1344
658
1588
2964
-880
-68
3617075
-1126
474
1364
3254
-1018
-9
3618100
-763
340
1054
3412
-1066
19
3619125
-405
217
701
3575
-995
96
3620150
-207
95
314
3786
-845
76
3621175
-206
-62
-161
4126
-744
-21
3622200
-352
-288
-750
4568
-735
-5
3623225
-509
-526
-1403
4662
-1015
422
3624250
-476
-692
-1977
3829
-1345
1199
3625275
-287
-927
-2427
3024
-1318
1792
3626300
-56
-1209
-2723
3135
-1377
2089
3627325
268
-1408
-2860
3803
-1650
2211
3628350
762
-1503
-2849
4615
-1501
2107
3629375
1141
-1435
-2736
4988
-963
1651
3622016
1195
-1262
-2607
4913
-553
1025
3623041
915
-1102
-2434
4656
-189
678
3624066
276
-959
-2242
4362
157
835
3625091
-597
-822
-2001
4160
96
1265
3626116
-1410
-671
-1750
3981
-360
1601
3627141
-1988
-535
-1550
3751
-719
1722
3628166
-2435
-430
-1372
3582
-970
1469
3629191
-2602
-354
-1212
3485
-1283
1183
3630216
-2508
-321
-1109
3396
-1388
1049
3631241
-2326
-319
-1041
3429
-1526
1024
3632266
-2078
-297
-997
3368
-1711
1065
3633291
-1737
-279
-969
3068
-1818
1131
3634316
-1350
-309
-944
2798
-1871
1159
3635341
-922
-382
-910
2652
-1960
1210
3636366
-407
-501
-860
2855
-2015
1327
3637391
146
-593
-780
3402
-2051
1499
3630208
657
-591
-636
3907
-2064
1637
3631233
1033
-534
-431
4155
-1828
1655
3632258
1125
-457
-157
4316
-1403
1560
3633283
901
-401
187
4699
-1057
1505
3634308
513
-347
509
5447
-877
1565
3635333
91
-180
819
5898
-850
1757
3636358
-228
40
1116
6069
-1106
1933
3637383
-350
315
1392
5776
-1238
1693
3638408
-343
524
1633
5453
-1172
1312
3639433
-264
605
1909
5857
-1192
1121
3640458
-100
718
2184
6250
-1116
1061
3641483
133
861
2455
6237
-920
1002
3642508
317
1008
2713
5712
-788
1003
3643533
422
1060
2915
5210
-774
1028
3644558
470
1060
3049
4940
-753
982
3645583
482
1082
3156
4519
-700
861
3638401
473
1073
3204
4044
-634
749
3639426
451
1026
3165
3704
-632
645
3640451
421
980
3032
3494
-662
536
3641476
365
956
2825
3234
-634
416
3642501
274
935
2539
3020
-595
244
3643526
156
920
2192
2841
-608
130
3644551
13
901
1837
2643
-662
104
3645576
-164
873
1482
2449
-702
108
3646601
-317
836
1142
2303
-713
130
3647626
-411
774
821
2264
-666
120
3648651
-458
677
483
2471
-706
112
3649676
-438
563
102
2914
-875
157
3650701
-330
472
-312
3311
-961
231
3651726
-245
397
-734
3613
-832
264
3652751
-340
315
-1122
3841
-666
252
3653776
-603
201
-1477
4132
-625
210
3646591
-1006
57
-1812
4629
-553
174
3647616
-1556
-57
-2138
5394
-416
193
3648641
-2319
-42
-2460
5967
-333
65
3649666
-3273
72
-2746
5757
-479
12
3650691
-4105
152
-2974
5426
-905
555
3651716
-4564
260
-3181
6010
-1214
788
3652741
-4636
613
-3314
6386
-1324
411
3653766
-4360
1061
-3328
6290
-1557
-129
3654791
-3709
1438
-3308
6018
-1755
-429
3655816
-3008
1678
-3312
5710
-1727
-377
3656841
-2735
1814
-3284
5374
-1537
-203
3657866
-2905
1894
-3151
4778
-1420
-189
3658891
-3198
1890
-2912
4130
-1392
-184
3659916
-3416
1791
-2661
3813
-1318
-181
3660941
-3565
1677
-2444
3782
-1236
-223
3661966
-3652
1584
-2246
3775
-1242
-314
3654784
-3637
1493
-2078
3652
-1354
-460
3655809
-3493
1377
-1970
3537
-1533
-641
3656834
-3198
1237
-1922
3441
-1694
-764
3657859
-2758
1077
-1916
3341
-1810
-792
3658884
-2220
893
-1925
3122
-1860
-755
3659909
-1674
659
-1935
2940
-1842
-707
3660934
-1207
375
-1935
2949
-1825
-663
3661959
-806
55
-1936
3318
-1896
-541
3662984
-420
-269
-1921
3838
-2059
-329
3664009
-30
-585
-1846
4301
-2246
-37
3665034
365
-916
-1685
5065
-2502
240
3666059
907
-1228
-1430
5955
-2772
566
3667084
1535
-1409
-1055
5995
-2779
1075
3668109
2121
-1511
-491
5666
-2672
1503
3669134
2645
-1531
248
5434
-2624
1660
3670159
2974
-1414
1133
5070
-1987
1861
3662976
2990
-1199
2056
5298
-1189
2139
3664001
2934
-913
2902
5904
-826
2280
3665026
2906
-595
3663
6450
-664
2291
3666051
2980
-296
4327
6822
-540
2021
3667076
3220
-8
4781
6888
-236
1704
3668101
3480
334
4978
6661
71
1484
3669126
3514
717
4976
6060
329
1377
3670151
3272
1046
4787
5215
316
1281
3671176
2875
1260
4412
4504
119
1193
3672201
2178
1403
4007
3936
-308
1153
3673226
1447
1453
3416
3586
-746
927
3674251
859
1469
2743
3476
-869
709
3675276
405
1487
2139
3447
-1084
394
3676301
312
1513
1533
3411
-1248
34
3677326
443
1551
896
3438
-1008
-122
3678351
410
1628
367
3412
-810
-103
3671167
195
1685
15
3219
-757
-101
3672192
-127
1644
-216
3123
-625
-156
3673217
-566
1517
-353
3201
-417
-209
3674242
-1035
1354
-410
3376
-423
-207
3675267
-1351
1156
-431
3414
-561
-118
3676292
-1531
875
-461
3418
-538
43
3677317
-1649
557
-440
3305
-635
155
3678342
-1619
204
-533
3494
-1017
359
3679367
-1302
-126
-743
4071
-1280
296
3680392
-973
-292
-1081
4127
-829
165
3681417
-885
-479
-1598
4428
-761
-8
3682442
-582
-613
-2187
4616
-1255
26
3683467
-88
-652
-2677
4253
-950
605
3684492
65
-767
-3068
4185
-594
903
3685517
18
-893
-3349
4533
-703
1174
3686542
-38
-1006
-3438
4791
-796
1357
3679360
-168
-1054
-3435
5024
-705
1490
3680385
-332
-1003
-3312
5077
-688
1536
3681410
-592
-876
-3076
4746
-460
1424
3682435
-1073
-755
-2795
4315
-262
1255
3683460
-1688
-673
-2538
4051
-310
1139
3684485
-2208
-632
-2336
4089
-541
1039
3685510
-2576
-569
-2178
4221
-815
891
3686535
-2811
-471
-2041
4247
-1022
720
3687560
-2915
-378
-1926
4143
-1190
585
3688585
-2885
-319
-1832
4009
-1444
478
3689610
-2659
-289
-1760
3884
-1789
594
3690635
-2246
-309
-1709
3806
-1964
789
3691660
-1788
-342
-1643
3597
-1902
877
3692685
-1366
-414
-1552
3437
-1855
911
3693710
-934
-526
-1446
3538
-2025
1053
3694735
-417
-645
-1323
3933
-2163
1338
3687553
91
-713
-1167
4199
-2007
1491
3688578
463
-703
-952
4191
-1874
1567
3689603
686
-673
-673
4312
-1926
1651
3690628
885
-676
-367
5097
-1954
1837
3691653
1074
-568
-32
6021
-1916
2032
3692678
1264
-276
357
6420
-1911
2192
3693703
1360
129
803
6024
-1644
1952
3694728
1194
487
1299
5193
-1196
1466
3695753
994
604
1770
5521
-1148
1314
3696778
1072
712
2203
6192
-1355
1353
3697803
1370
887
2623
6275
-1268
1167
3698828
1663
1075
2981
6042
-1046
904
3699853
1874
1238
3237
5695
-909
689
3700878
2042
1335
3422
5486
-854
520
3701903
2214
1396
3534
5398
-764
395
3702928
2332
1473
3545
5302
-556
302
3695743
2288
1585
3455
5095
-404
242
3696768
2098
1691
3279
4865
-412
210
3697793
1829
1783
3036
4663
-450
186
3698818
1470
1856
2748
4478
-421
119
3699843
988
1922
2455
4248
-374
33
3700868
429
1963
2213
3979
-312
-59
3701893
-170
1969
2041
3682
-192
-179
3702918
-793
1925
1950
3361
-148
-264
3703943
-1372
1800
1912
3198
-220
-225
3704968
-1826
1621
1873
3270
-284
-168
3705993
-2202
1449
1765
3401
-70
-242
3707018
-2595
1293
1554
3239
176
-442
3708043
-2933
1063
1278
2837
-10
-410
3709068
-2941
700
871
2628
-477
-122
3710093
-2541
328
290
2823
-1070
147
3711118
-1786
82
-472
2951
-1469
330
3703936
-844
-113
-1316
2823
-1565
556
3704961
113
-378
-2222
2932
-1607
831
3705986
1005
-618
-3069
3089
-1692
1268
3707011
1699
-864
-3721
3297
-1523
1528
3708036
2034
-1228
-4207
3963
-1211
1460
3709061
2007
-1602
-4524
4688
-839
1287
3710086
1679
-1848
-4668
5464
-553
1364
3711111
1313
-1832
-4587
6036
-680
1596
3712136
1184
-1581
-4284
6079
-766
1668
3713161
1058
-1228
-3797
5299
-460
1548
3714186
608
-1005
-3268
4469
-52
1391
3715211
-97
-905
-2739
4001
125
1412
3716236
-846
-851
-2231
3887
28
1455
3717261
-1566
-776
-1749
3829
-153
1395
3718286
-2272
-699
-1359
3792
-334
1184
3719311
-2880
-644
-1082
3922
-619
861
3712128
-3285
-577
-918
4112
-1016
607
3713153
-3381
-479
-869
4139
-1550
585
3714178
-3094
-385
-946
3956
-2023
752
3715203
-2539
-316
-1095
3580
-2274
886
3716228
-1877
-323
-1287
3266
-2396
918
3717253
-1061
-437
-1499
3501
-2508
977
3718278
-68
-533
-1660
4113
-2652
1263
3719303
935
-522
-1661
4512
-2853
1608
3720328
1817
-557
-1533
4613
-2432
1723
3721353
2169
-532
-1242
4466
-1703
1822
3722378
1950
-464
-739
4403
-1376
1836
3723403
1482
-441
-193
5086
-911
1883
3724428
964
-313
360
5900
-736
1956
3725453
586
-23
930
6147
-878
1892
3726478
364
284
1454
5830
-1129
1481
3727503
440
471
1853
5939
-1495
1221
3720320
888
642
2119
6285
-1726
1166
3721345
1580
862
2319
6299
-1697
1065
3722370
2289
1105
2467
6005
-1468
823
3723395
2820
1342
2543
5584
-1069
626
3724420
3043
1557
2579
5105
-697
566
3725445
2988
1700
2622
4801
-472
606
3726470
2717
1792
2656
4691
-298
593
3727495
2261
1872
2684
4625
-289
492
3728520
1751
1927
2644
4620
-380
331
3729545
1268
1982
2535
4689
-426
195
3730570
772
2049
2391
4594
-416
17
3731595
297
2098
2236
4369
-479
-168
3732620
-132
2105
2085
4111
-469
-322
3733645
-559
2051
1960
3959
-447
-409
3734670
-990
1949
1875
3876
-426
-466
3735695
-1410
1788
1832
3781
-380
-536
3728512
-1775
1542
1790
3754
-472
-573
3729537
-1959
1236
1715
3752
-657
-508
3730562
-1904
907
1615
3624
-857
-376
3731587
-1651
583
1484
3382
-1020
-131
3732612
-1221
266
1308
3267
-1092
123
3733637
-707
-14
1034
3392
-986
234
3734662
-224
-235
676
3433
-831
220
3735687
158
-434
228
3214
-637
292
3736712
424
-647
-315
2936
-650
737
3737737
702
-830
-880
2546
-933
1397
3738762
995
-1026
-1466
2435
-925
1596
3739787
1098
-1266
-2011
2801
-854
1503
3740812
947
-1495
-2482
3291
-667
1492
3741837
596
-1687
-2874
3831
-305
1555
3742862
87
-1790
-3134
4415
-138
1607
3743887
-439
-1761
-3234
4787
-287
1551
3736703
-802
-1631
-3218
4728
-518
1405
3737728
-942
-1502
-3140
4438
-572
1301
3738753
-963
-1437
-3034
4224
-612
1260
3739778
-933
-1396
-2924
4157
-809
1273
3740803
-855
-1353
-2817
4189
-997
1296
3741828
-774
-1302
-2708
4289
-1123
1299
3742853
-702
-1255
-2603
4460
-1174
1297
3743878
-649
-1205
-2498
4603
-1204
1293
3744903
-588
-1148
-2389
4642
-1337
1330
3745928
-475
-1094
-2267
4556
-1446
1438
3746953
-359
-1047
-2095
4314
-1491
1622
3747978
-295
-1021
-1880
4102
-1479
1776
3749003
-231
-1010
-1646
4231
-1634
1966
3750028
-79
-949
-1399
4489
-1793
2171
3751053
138
-811
-1112
4518
-1777
2270
3752078
311
-666
-801
4589
-1677
2148
3744896
392
-525
-478
4964
-1561
1986
3745921
410
-356
-130
5615
-1435
1946
3746946
371
-117
243
6367
-1392
2021
3747971
329
247
650
6740
-1338
2076
3748996
132
794
1116
5520
-1021
1810
3750021
-137
1025
1608
4653
-1010
1384
3751046
-81
925
2039
5456
-1246
1195
3752071
323
948
2381
6123
-1267
1194
3753096
800
1079
2670
6168
-1259
1020
3754121
1276
1230
2839
5868
-1298
719
3755146
1771
1381
2867
5331
-1246
560
3756171
2187
1482
2822
4807
-1106
530
3757196
2462
1531
2728
4457
-886
556
3758221
2532
1575
2597
4228
-668
554
3759246
2404
1614
2425
4162
-594
464
3760271
2159
1667
2198
4189
-667
323
3753154
1873
1735
1915
4221
-687
126
3754179
1540
1814
1612
4251
-597
-66
3755204
1148
1892
1327
4301
-505
-208
3756229
679
1963
1107
4324
-490
-268
3757254
107
2022
979
4184
-381
-295
3758279
-582
2026
965
3903
-257
-380
3759304
-1316
1920
1055
3701
-244
-473
3760329
-1929
1687
1172
3758
-368
-489
3761354
-2318
1407
1262
3833
-500
-374
3762379
-2476
1110
1311
3753
-611
-239
3763404
-2417
811
1313
3600
-684
-40
3764429
-2194
525
1224
3512
-793
75
3765454
-1793
256
1005
3534
-999
199
3766479
-1222
50
698
3352
-1070
421
3767504
-623
-166
330
3130
-976
521
3768529
-83
-390
-128
3066
-876
668
3761280
445
-493
-558
2804
-1101
942
3762305
827
-646
-1010
2719
-976
1001
3763330
822
-890
-1507
3036
-664
1099
3764355
406
-1113
-1989
3316
-543
1284
3765380
-183
-1333
-2421
3536
-490
1382
3766405
-739
-1529
-2761
3814
-569
1362
3767430
-1090
-1639
-3011
4061
-897
1267
3768455
-1098
-1658
-3189
4139
-1129
1174
3769480
-825
-1649
-3298
4159
-1228
1147
3770505
-388
-1639
-3356
4233
-1323
1156
3771530
101
-1626
-3366
4333
-1350
1143
3772555
482
-1618
-3328
4453
-1232
1157
3773580
646
-1612
-3240
4594
-1090
1201
3774605
594
-1592
-3104
4736
-970
1302
3775630
361
-1552
-2922
4882
-906
1466
3776655
28
-1478
-2678
4921
-913
1682
3769472
-328
-1371
-2378
4763
-952
1878
3770497
-677
-1267
-2061
4551
-1014
1943
3771522
-916
-1181
-1749
4547
-1238
1962
3772547
-911
-1079
-1457
4726
-1576
2068
3773572
-657
-914
-1160
4770
-1882
2224
3774597
-220
-722
-863
4736
-2088
2308
3775622
271
-518
-554
4704
-2048
2269
3776647
668
-303
-183
4700
-1856
2152
3777672
986
-117
216
5098
-1603
2069
3778697
1195
120
592
5501
-1410
2120
3779722
1315
385
899
6074
-1354
2152
3780747
1274
779
1182
6158
-1050
1923
3781772
980
1203
1475
5505
-815
1429
3782797
748
1348
1720
5538
-941
1049
3783822
811
1413
1907
5969
-1090
947
3784847
1082
1550
2081
6046
-1092
971
3777664
1334
1725
2214
5751
-1012
893
3778689
1473
1870
2275
5347
-986
728
3779714
1557
1959
2268
5057
-1018
608
3780739
1623
2015
2240
4839
-979
502
3781764
1680
2042
2200
4737
-853
379
3782789
1667
2071
2122
4783
-712
195
3783814
1533
2130
2017
4785
-648
27
3784839
1297
2184
1896
4777
-600
-124
3785864
956
2232
1787
4750
-509
-216
3786889
483
2261
1722
4540
-358
-304
3787914
-108
2230
1720
4229
-239
-370
3788939
-756
2133
1789
3932
-218
-400
3789964
-1372
1961
1925
3708
-236
-401
3790989
-1898
1677
2062
3807
-255
-445
3792014
-2330
1368
2083
3930
52
-519
3793039
-2639
1103
1985
3459
156
-406
3785856
-2565
710
1813
3292
-310
-83
3786881
-2055
379
1473
3324
-590
211
3787906
-1326
159
1079
3110
-782
282
3788931
-484
-77
674
3010
-749
262
3789956
341
-283
222
2853
-487
331
3790981
939
-466
-234
2645
-445
492
3792006
1274
-682
-707
2780
-483
752
3793031
1417
-850
-1194
2832
-419
984
3794056
1271
-1038
-1641
2751
-281
1000
3795081
786
-1351
-2078
3144
-292
915
3796106
146
-1664
-2538
3852
-434
1051
3797131
-375
-1863
-2955
4477
-682
1328
3798156
-634
-1939
-3256
4925
-911
1367
3799181
-602
-1910
-3431
5205
-990
1240
3800206
-449
-1814
-3462
5248
-941
1106
3801231
-351
-1698
-3356
5033
-818
1024
3794048
-432
-1624
-3144
4724
-621
1028
3795073
-703
-1604
-2899
4533
-540
1095
3796098
-1022
-1626
-2676
4586
-596
1179
3797123
-1308
-1640
-2484
4844
-726
1280
3798148
-1571
-1587
-2311
5099
-985
1392
3799173
-1724
-1478
-2163
5136
-1281
1436
3800198
-1687
-1366
-2065
5002
-1484
1487
3801223
-1452
-1262
-1980
4826
-1722
1639
3802248
-1037
-1162
-1863
4534
-1916
1833
3803273
-527
-1098
-1710
4250
-1959
1997
3804298
-28
-1060
-1540
4152
-1965
2186
3805323
457
-994
-1351
4232
-1986
2445
3806348
876
-858
-1114
4347
-1948
2703
3807373
1132
-672
-838
4489
-1705
2811
3808398
1071
-433
-525
4743
-1303
2700
3809423
765
-132
-188
5176
-1069
2539
3802240
376
229
179
5565
-973
2414
3803265
25
583
589
6076
-1012
2314
3804290
-256
996
1039
6281
-970
2016
3805315
-577
1464
1548
5375
-874
1548
3806340
-768
1583
2044
5123
-1012
1263
3807365
-638
1517
2471
5772
-1086
1157
3808390
-316
1558
2848
6049
-1090
1106
3809415
53
1598
3145
6056
-1155
869
3810440
441
1630
3297
5934
-1181
566
3811465
824
1658
3304
5660
-1152
370
3812490
1195
1656
3220
5337
-1131
280
3813515
1562
1638
3069
5041
-1020
259
3814540
1828
1631
2869
4756
-853
224
3815565
1896
1641
2641
4506
-726
133
3816590
1778
1653
2401
4314
-656
-6
3817615
1505
1657
2157
4167
-524
-139
3810432
1114
1659
1931
4052
-474
-209
3811457
699
1661
1744
3869
-476
-232
3812482
322
1644
1624
3642
-471
-234
3813507
-40
1595
1573
3375
-411
-253
3814532
-417
1490
1579
3135
-354
-326
3815557
-742
1294
1595
3083
-297
-274
3816582
-935
1049
1540
3063
98
-30
3817607
-1117
825
1300
2865
701
57
3818632
-1165
584
833
2527
1031
254
3819657
-948
258
274
2520
480
476
3820682
-530
-99
-324
3080
-575
456
3821707
79
-404
-1004
3701
-967
342
3822732
593
-734
-1708
4132
-871
301
3823757
1055
-1063
-2353
4123
-811
539
3824782
1593
-1371
-2730
3706
-858
1069
3825807
2056
-1688
-2934
3680
-705
1449
3818625
2295
-2061
-2926
4531
-513
1452
3819650
2244
-2210
-2688
5123
-431
1211
3820675
1940
-2174
-2367
5054
-75
859
3821700
1158
-2107
-2056
4773
428
558
3822725
-123
-2014
-1854
4630
515
342
3823750
-1407
-1921
-1729
4577
300
284
3824775
-2452
-1842
-1583
4527
-115
446
3825800
-3170
-1816
-1461
4472
-566
647
3826825
-3500
-1822
-1436
4515
-980
884
3827850
-3555
-1765
-1484
4492
-1479
1093
3828875
-3306
-1694
-1579
4377
-1902
1202
3829900
-2689
-1655
-1690
4203
-2082
1291
3830925
-1757
-1626
-1769
4066
-2219
1449
3831950
-637
-1609
-1767
3957
-2398
1685
3832975
502
-1632
-1682
3987
-2401
1929
3834000
1505
-1616
-1501
3975
-2180
2210
3826943
2188
-1547
-1210
3905
-1781
2481
3827968
2454
-1458
-873
4163
-1333
2758
3828993
2293
-1253
-549
4567
-824
2955
3830018
1732
-913
-262
4832
-356
3004
3831043
902
-520
-31
5088
-115
2803
3832068
28
-116
173
5359
-116
2437
3833093
-701
247
376
5850
-333
2186
3834118
-1212
620
596
6376
-740
2187
3835143
-1434
1017
823
6688
-1140
2205
3836168
-1518
1516
1124
5975
-1257
1936
3837193
-1579
1822
1518
4953
-1299
1448
3838218
-1391
1717
1839
5295
-1381
1088
3839243
-867
1623
2082
6020
-1447
955
3840268
-172
1634
2275
6372
-1449
813
3841293
498
1706
2369
6414
-1389
637
3842318
1033
1847
2369
5924
-1251
447
3835009
1371
1936
2317
5207
-1089
355
3836034
1570
1911
2258
4763
-982
291
3837059
1696
1868
2193
4500
-795
241
3838084
1698
1844
2127
4294
-643
154
3839109
1569
1817
2048
4166
-605
0
3840134
1365
1801
1942
4111
-617
-147
3841159
1136
1806
1821
4043
-602
-230
3842184
869
1816
1704
3943
-523
-274
3843209
540
1813
1617
3794
-418
-310
3844234
138
1793
1589
3489
-334
-329
3845259
-337
1715
1625
3174
-256
-348
3846284
-850
1564
1702
2957
-211
-388
3847309
-1342
1329
1730
2968
-80
-393
3848334
-1777
1069
1630
3059
78
-416
3849359
-2068
834
1377
3005
132
-284
3850384
-1962
608
964
2851
58
176
3843200
-1577
360
441
2847
-210
506
3844225
-1159
189
-170
2806
-562
528
3845250
-663
-42
-780
2929
-930
382
3846275
-159
-362
-1431
3362
-982
341
3847300
257
-685
-2088
3873
-927
737
3848325
668
-939
-2628
4042
-1002
1295
3849350
986
-1206
-3042
4054
-882
1421
3850375
1076
-1587
-3321
4519
-716
1383
3851400
979
-1905
-3437
5078
-729
1496
3852425
797
-2021
-3404
5262
-740
1735
3853450
572
-1998
-3176
5240
-758
1652
3854475
389
-1843
-2832
4845
-699
1242
3855500
308
-1720
-2470
4363
-624
831
3856525
272
-1706
-2126
4157
-503
636
3857550
151
-1733
-1807
4168
-386
741
3858575
-109
-1719
-1544
4286
-450
1042
3851392
-500
-1659
-1362
4320
-570
1253
3852417
-994
-1594
-1252
4290
-677
1377
3853442
-1538
-1515
-1194
4254
-895
1444
3854467
-1958
-1428
-1201
4191
-1201
1492
3855492
-2096
-1326
-1251
3986
-1490
1541
3856517
-1875
-1238
-1320
3722
-1800
1629
3857542
-1308
-1166
-1363
3572
-2087
1749
3858567
-537
-1104
-1342
3539
-2252
1908
3859592
259
-1065
-1275
3763
-2255
2111
3860617
996
-985
-1169
4180
-2169
2402
3861642
1562
-825
-1010
4605
-1882
2640
3862667
1706
-595
-789
5036
-1332
2596
3863692
1268
-260
-487
5268
-669
2298
3864717
354
132
-122
5215
-235
1993
3865742
-605
399
277
5531
-299
1834
3866767
-1271
616
715
5964
-581
1833
3859584
-1616
833
1188
6152
-956
1868
3860609
-1661
1016
1634
6240
-1222
1758
3861634
-1588
1183
2069
6106
-1351
1421
3862659
-1329
1258
2496
6158
-1599
1106
3863684
-695
1235
2851
6377
-1653
970
3864709
120
1209
3120
6426
-1466
857
3865734
885
1237
3306
6083
-1284
683
3866759
1559
1262
3363
5532
-1122
481
3867784
2098
1270
3286
5041
-988
361
3868809
2475
1292
3116
4653
-850
316
3869834
2590
1348
2897
4254
-634
248
3870859
2438
1402
2646
3809
-496
155
3871884
2101
1414
2351
3530
-457
125
3872909
1708
1414
2035
3482
-560
81
3873934
1352
1449
1713
3470
-650
-3
3874959
1099
1493
1394
3512
-691
-108
3867797
895
1542
1090
3613
-706
-234
3868822
708
1595
844
3707
-675
-263
3869847
470
1629
695
3743
-510
-253
3870872
68
1627
650
3596
-327
-317
3871897
-471
1532
655
3418
-267
-365
3872922
-991
1332
674
3345
-364
-360
3873947
-1339
1073
692
3280
-464
-239
3874972
-1520
788
678
3174
-404
-156
3875997
-1643
500
598
2913
-366
-82
3877022
-1609
155
398
2794
-332
73
3878047
-1363
-200
-13
2940
-311
331
3879072
-973
-523
-609
3251
-561
541
3880097
-536
-840
-1343
3759
-1125
713
3881122
94
-1062
-2099
3936
-1739
1131
3882147
872
-1207
-2753
3511
-1561
1450
3883172
1408
-1477
-3223
3525
-961
1509
3875967
1502
-1866
-3502
4272
-546
1633
3876992
1313
-2180
-3594
5253
-382
1953
3878017
953
-2267
-3415
5909
-154
2197
3879042
359
-2090
-3021
5950
76
2132
3880067
-387
-1784
-2578
5392
139
1672
3881092
-973
-1547
-2183
4774
-29
1185
3882117
-1233
-1407
-1833
4293
-207
1025
3883142
-1325
-1337
-1502
3972
-307
1224
3884167
-1495
-1261
-1215
3875
-466
1467
3885192
-1753
-1133
-1031
3772
-604
1547
3886217
-2051
-982
-950
3653
-772
1478
3887242
-2347
-839
-937
3589
-940
1323
3888267
-2588
-723
-998
3585
-1083
1169
3889292
-2703
-623
-1095
3586
-1244
1080
3890317
-2666
-529
-1192
3467
-1393
1077
3891342
-2537
-456
-1274
3245
-1482
1106
3884160
-2361
-426
-1324
3080
-1579
1160
3885185
-2111
-477
-1353
3231
-1691
1185
3886210
-1771
-564
-1368
3738
-1799
1217
3887235
-1357
-623
-1335
4372
-1921
1320
3888260
-927
-622
-1230
4868
-1922
1379
3889285
-611
-587
-1014
5076
-1790
1330
3890310
-404
-610
-727
5454
-1757
1403
3891335
-139
-656
-407
6380
-1864
1690
3892360
254
-534
1
7202
-1934
1954
3893385
599
-79
547
6365
-1617
1979
3894410
626
355
1173
4481
-966
1618
3895435
446
408
1844
4167
-777
1081
3896460
454
337
2449
5172
-709
597
3897485
450
297
2912
5965
705
-105
3898510
269
514
2960
6029
2515
-886
3899535
375
1255
3064
4402
1168
-124
3892352
793
1116
3015
3772
-281
40
3893377
838
868
1943
4367
1996
-1735
3894402
168
889
1476
4056
3229
-2400
3895427
-540
667
1549
4210
2372
-2093
3896452
-751
489
1684
4203
2191
-1795
3897477
-1078
423
1660
3864
2155
-1250
3898502
-1656
356
1518
4104
1150
-941
3899527
-1843
430
1345
4462
547
-981
3900552
-1776
622
1240
4504
654
-983
3901577
-1811
870
1136
4183
767
-751
3902602
-1967
1108
991
3926
515
-453
3903627
-2219
1347
762
4016
319
-213
3904652
-2643
1612
490
4435
83
-218
3905677
-3176
1922
123
4978
57
-432
3906702
-3755
2295
-248
4927
-17
-594
3907727
-4307
2554
-644
4845
-193
-785
3900543
-4784
2685
-1061
5206
-446
-1000
3901568
-5184
2822
-1416
5289
-717
-1108
3902593
-5541
2907
-1688
4781
-975
-1099
3903618
-5741
2854
-1895
4120
-1300
-917
3904643
-5705
2696
-2064
3704
-1483
-682
3905668
-5457
2508
-2182
3560
-1460
-586
3906693
-5005
2335
-2273
3563
-1311
-589
3907718
-4413
2201
-2385
3672
-1161
-678
3908743
-3772
2106
-2500
3889
-1215
-910
3909768
-3115
2041
-2600
4188
-1280
-1233
3910793
-2518
1972
-2664
4373
-1150
-1457
3911818
-2137
1830
-2674
4466
-900
-1486
3912843
-2105
1613
-2607
4324
-714
-1368
3913868
-2349
1298
-2435
4094
-696
-1128
3914893
-2699
938
-2216
3854
-689
-875
3915918
-3019
591
-1997
3633
-724
-654
3908736
-3180
265
-1818
3570
-846
-546
3909761
-3127
-17
-1695
3608
-1009
-572
3910786
-2863
-255
-1631
3696
-1288
-600
3911811
-2386
-443
-1637
3831
-1575
-505
3912836
-1749
-578
-1695
3921
-1750
-365
3913861
-1074
-700
-1772
4005
-1782
-259
3914886
-459
-838
-1831
4111
-1780
-153
3915911
42
-981
-1837
4123
-1750
74
3916936
366
-1125
-1741
3971
-1579
370
3917961
468
-1291
-1524
3890
-1359
725
3918986
357
-1445
-1201
3971
-1169
1089
3920011
76
-1531
-809
4011
-991
1445
3921036
-325
-1567
-401
4030
-872
1733
3922061
-757
-1570
-44
4207
-881
1859
3923086
-1058
-1554
178
4745
-1000
1818
3924111
-1010
-1489
245
5886
-1500
1998
3916928
-493
-1228
238
7192
-2042
2266
3917953
-26
-626
318
6633
-1478
2054
3918978
-82
-55
510
4993
-767
1672
3920003
-426
126
714
4602
-713
1668
3921028
-740
224
966
4641
-966
1961
3922053
-774
291
1255
4518
-1238
2105
3923078
-453
329
1475
4422
-1431
1926
3924103
100
419
1602
4218
-1582
1517
3925128
748
537
1684
3911
-1588
1163
3926153
1394
628
1751
3705
-1365
1000
3927178
1893
694
1802
3692
-1024
929
3928203
2126
777
1798
3837
-786
879
3929228
2113
898
1720
4008
-653
792
3930253
1932
1036
1568
4201
-589
674
3931278
1642
1180
1354
4383
-564
552
3932303
1280
1331
1124
4443
-546
430
3925121
829
1463
905
4400
-529
305
3926146
278
1550
725
4297
-506
179
3927171
-327
1581
607
4143
-486
53
3928196
-940
1556
567
3890
-492
-78
3929221
-1490
1460
605
3610
-526
-137
3930246
-1920
1296
676
3464
-621
-133
3931271
-2146
1092
741
3480
-814
-106
3932296
-2070
892
787
3593
-1076
-48
3933321
-1668
702
798
3830
-1274
-39
3934346
-1074
540
770
4103
-1190
-137
3935371
-576
402
633
4427
-335
-363
3936396
-505
359
401
4300
548
-532
3937421
-856
217
133
4137
907
-475
3938446
-1285
16
-296
4308
1087
-337
3939471
-1559
-68
-822
4619
574
-125
3940496
-1573
-156
-1376
4910
-507
77
3933312
-1362
-302
-1900
4837
-1207
240
3934337
-946
-465
-2477
4462
-1239
465
3935362
-168
-636
-2858
3889
-1595
1045
3936387
1043
-791
-2942
3507
-1744
1713
3937412
2485
-980
-2819
3462
-1155
2006
3938437
3523
-1171
-2408
3694
-564
1796
3939462
3842
-1265
-1870
3896
48
1302
3940487
3298
-1261
-1322
4123
634
882
3941512
1857
-1079
-945
4309
1058
767
3942537
28
-768
-727
4109
1274
891
3943562
-1553
-536
-565
3811
806
1061
3944587
-2506
-427
-387
3749
-81
1199
3945612
-2778
-351
-245
3595
-690
1230
3946637
-2688
-304
-162
3307
-994
1222
3947662
-2481
-278
-141
3219
-1248
1217
3948687
-2131
-239
-163
3173
-1447
1202
3941505
-1647
-230
-216
3066
-1422
1240
3942530
-1132
-265
-263
3071
-1387
1299
3943555
-620
-302
-291
3050
-1341
1327
3944580
-173
-328
-283
2934
-1290
1366
3945605
194
-370
-251
2964
-1298
1396
3946630
511
-399
-201
3171
-1340
1456
3947655
807
-419
-146
3582
-1362
1479
3948680
1076
-403
-92
4035
-1337
1442
3949705
1247
-331
-27
4341
-1213
1385
3950730
1275
-242
65
4506
-1065
1320
3951755
1131
-188
170
4757
-923
1294
3952780
873
-169
262
5309
-985
1358
3953805
727
-144
336
6107
-1329
1448
3954830
891
-3
363
6768
-1745
1554
3955855
1251
369
448
6080
-1659
1421
3956880
1523
671
646
4760
-1358
1002
3949696
1728
671
869
4767
-1388
626
3950721
2060
706
1103
5231
-1345
723
3951746
2440
835
1369
5353
-1113
924
3952771
2678
987
1567
5217
-812
815
3953796
2743
1146
1642
5037
-617
567
3954821
2695
1303
1662
4887
-613
419
3955846
2575
1478
1707
4722
-709
458
3956871
2324
1626
1714
4579
-557
585
3957896
1851
1751
1685
4473
-420
647
3958921
1189
1824
1651
4397
-422
487
3959946
492
1853
1628
4333
-393
245
3960971
-180
1861
1631
4158
-395
-13
3961996
-787
1833
1643
3944
-437
-198
3963021
-1279
1776
1662
3707
-518
-276
3964046
-1638
1685
1689
3446
-562
-339
3965071
-1881
1560
1710
3118
-572
-427
3957888
-2012
1361
1696
3002
-629
-486
3958913
-1955
1101
1605
3245
-805
-477
3959938
-1667
875
1423
3492
-885
-368
3960963
-1273
689
1165
3635
-547
-299
3961988
-1021
583
837
3443
-16
-276
3963013
-959
420
516
3220
316
-72
3964038
-1079
176
75
3557
678
-12
3965063
-1326
-46
-447
3938
416
-19
3966088
-1434
-299
-971
4249
-376
211
3967113
-1215
-430
-1509
4035
-936
786
3968138
-772
-464
-1989
3429
-930
1307
3969163
-295
-600
-2399
3372
-635
1413
3970188
15
-810
-2721
3848
-301
1231
3971213
196
-969
-2911
4353
-296
1078
3972238
293
-1021
-3006
4821
-420
1141
3973263
40
-999
-3043
5181
-175
1157
3966100
-795
-904
-3036
5201
14
1077
3967125
-1855
-827
-3036
5173
-237
982
3968150
-2671
-800
-3006
5199
-615
955
3969175
-2991
-754
-2953
5161
-1111
1072
3970200
-2691
-686
-2890
4998
-1701
1108
3971225
-1801
-631
-2795
4750
-2158
1012
3972250
-568
-647
-2624
4541
-2242
980
3973275
567
-729
-2375
4305
-2003
1072
3974300
1303
-856
-2107
4157
-1634
1154
3975325
1649
-962
-1833
4038
-1309
1200
3976350
1705
-1023
-1562
3837
-1129
1265
3977375
1564
-1070
-1299
3671
-972
1367
3978400
1254
-1089
-1073
3609
-917
1526
3979425
888
-1074
-904
3778
-1111
1765
3980450
654
-990
-786
3990
-1384
2006
3981475
652
-873
-679
4189
-1572
2218
3974272
810
-729
-554
4528
-1687
2371
3975297
1026
-549
-385
5072
-1653
2435
3976322
1183
-302
-147
5755
-1518
2503
3977347
1207
44
162
6385
-1326
2659
3978372
1080
468
526
6971
-1149
2666
3979397
749
1091
1008
6198
-739
2267
3980422
317
1592
1532
4668
-447
1795
3981447
126
1609
1999
4671
-640
1544
3982472
199
1590
2431
5215
-1133
1451
3983497
534
1669
2731
5592
-1486
1267
3984522
1062
1779
2805
5838
-1532
910
3985547
1614
1931
2685
5796
-1411
577
3986572
2148
2055
2439
5577
-1244
413
3987597
2547
2136
2127
5348
-978
345
3988622
2652
2215
1809
5139
-722
270
3989647
2396
2288
1512
4963
-553
127
3982464
1848
2345
1280
4873
-522
-39
3983489
1173
2389
1129
4835
-484
-191
3984514
490
2408
1070
4786
-424
-340
3985539
-175
2400
1111
4655
-388
-436
3986564
-806
2317
1237
4596
-343
-500
3987589
-1407
2216
1448
4293
-238
-501
3988614
-2053
2038
1700
3766
376
-531
3989639
-2889
1770
1906
3157
941
-529
3990664
-3637
1333
2041
2917
659
-358
3991689
-3692
868
1953
3156
-38
-42
3992714
-3045
598
1629
3298
-404
202
3993739
-2008
465
1205
2983
-386
153
3994764
-773
339
746
2551
-220
84
3995789
218
194
227
2408
257
61
3996814
616
10
-296
2725
552
44
3997839
524
-219
-758
3291
452
93
3990655
246
-411
-1156
3494
196
318
3991680
-92
-579
-1476
3231
-4
595
3992705
-435
-839
-1824
3443
-4
667
3993730
-743
-1154
-2180
4320
-188
502
3994755
-916
-1350
-2527
4926
-239
381
3995780
-969
-1485
-2844
5116
-241
424
3996805
-995
-1633
-3093
5298
-600
519
3997830
-848
-1730
-3267
5437
-1147
518
3998855
-433
-1784
-3409
5430
-1385
520
3999880
85
-1880
-3432
5439
-1279
551
4000905
499
-2004
-3395
5561
-1073
650
4001930
710
-2114
-3314
5735
-925
779
4002955
677
-2181
-3192
5835
-909
992
4003980
430
-2199
-3027
5920
-963
1287
4005005
68
-2141
-2839
5936
-1069
1571
4006030
-278
-2006
-2648
5753
-1217
1775
3998849
-491
-1848
-2435
5476
-1274
1902
3999874
-581
-1659
-2152
5137
-1399
2069
4000899
-629
-1470
-1808
4765
-1493
2320
4001924
-704
-1315
-1441
4662
-1486
2622
4002949
-792
-1102
-1092
4741
-1686
2919
4003974
-738
-814
-791
4738
-1993
3102
4004999
-510
-538
-542
4756
-2203
3041
4006024
-180
-282
-304
4794
-2109
2784
4007049
122
-29
-61
4883
-1888
2613
4008074
354
204
191
5268
-1774
2531
4009099
588
499
442
5660
-1874
2586
4010124
941
797
685
6276
-1983
2568
4011149
1176
1268
975
5983
-1504
2081
4012174
1168
1738
1359
4933
-1116
1498
4013199
1169
1873
1730
5001
-1081
1118
4014224
1339
1931
2026
5702
-981
950
4007040
1564
2057
2259
6306
-821
781
4008065
1704
2279
2416
6619
-800
559
4009090
1720
2554
2467
6522
-821
297
4010115
1640
2739
2431
6385
-800
132
4011140
1484
2846
2362
6267
-709
117
4012165
1240
2891
2321
6141
-595
82
4013190
919
2865
2341
6150
-478
-93
4014215
386
2851
2412
6061
-114
-353
4015240
-449
2847
2564
5381
87
-595
4016265
-1348
2675
2771
4804
20
-663
4017290
-2084
2368
2989
4726
-147
-676
4018315
-2571
2069
3186
4515
-324
-708
4019340
-2776
1759
3335
4008
-504
-738
4020365
-2678
1381
3377
3573
-695
-760
4021390
-2312
1009
3278
3246
-745
-698
4022415
-1739
704
3042
2949
-626
-608
4015232
-1120
461
2654
2801
-409
-593
4016257
-558
271
2121
2592
-235
-590
4017282
-66
61
1528
2338
-360
-480
4018307
352
-188
909
2263
-719
-285
4019332
700
-434
270
2441
-877
-98
4020357
975
-665
-363
2692
-748
74
4021382
1180
-886
-929
3038
-705
314
4022407
1321
-1048
-1431
3473
-841
721
4023432
1549
-1132
-1806
3309
-891
1154
4024457
1762
-1233
-2062
2819
-720
1326
4025482
1692
-1472
-2271
2938
-469
1228
4026507
1182
-1803
-2511
3659
-221
1162
4027532
326
-2060
-2792
4356
-34
1197
4028557
-614
-2182
-3030
4829
-81
1353
4029582
-1365
-2217
-3217
5221
-422
1525
4030607
-1775
-2185
-3384
5519
-830
1456
4023424
-1722
-2055
-3500
5655
-1336
1297
4024449
-1139
-1920
-3515
5572
-1691
1286
4025474
-298
-1856
-3422
5426
-1588
1376
4026499
377
-1827
-3220
5152
-1236
1455
4027524
729
-1851
-2946
5005
-971
1533
4028549
713
-1852
-2627
5015
-668
1671
4029574
261
-1772
-2282
4971
-423
1707
4030599
-389
-1639
-1991
4936
-471
1632
4031624
-934
-1467
-1760
4846
-744
1664
4032649
-1300
-1274
-1541
4585
-1017
1787
4033674
-1500
-1095
-1337
4300
-1307
1834
4034699
-1489
-976
-1193
4351
-1629
1877
4035724
-1220
-835
-1099
4523
-1950
2072
4036749
-754
-652
-1011
4501
-2116
2254
4037774
-226
-493
-935
4672
-2180
2277
4038799
199
-307
-849
4999
-2072
2217
4031616
389
-68
-703
5337
-1895
2113
4032641
358
221
-462
5418
-1626
1992
4033666
159
486
-109
5447
-1481
1904
4034691
-74
695
344
5702
-1423
1857
4035716
-292
1021
894
5020
-1193
1793
4036741
-502
1193
1467
4241
-1064
1435
4037766
-508
1112
1975
4707
-1250
1078
4038791
-200
1094
2382
5367
-1489
953
4039816
387
1136
2689
5791
-1660
869
4040841
1148
1222
2850
6128
-1700
658
4041866
1916
1400
2871
6190
-1613
414
4042891
2579
1597
2795
6033
-1360
253
4043916
3023
1787
2658
5741
-954
243
4044941
3132
1938
2511
5399
-577
305
4045966
2873
2027
2387
5196
-315
290
4046991
2289
2090
2286
5078
-147
203
4039893
1475
2132
2221
4923
-93
65
4040918
597
2133
2185
4714
-132
-111
4041943
-236
2099
2168
4395
-168
-261
4042968
-941
2003
2175
4064
-243
-363
4043993
-1467
1860
2199
3696
-368
-418
4045018
-1787
1663
2236
3349
-490
-439
4046043
-1909
1413
2269
3099
-592
-442
4047068
-1861
1125
2224
2989
-563
-423
4048093
-1659
838
2049
3044
-549
-382
4049118
-1291
572
1768
3217
-471
-250
4050143
-784
382
1335
3197
-95
32
4051168
-361
221
832
3038
39
223
4052193
-150
19
282
3120
-125
235
4053218
-46
-183
-321
3216
-307
227
4054243
5
-400
-941
3206
-492
370
4055268
114
-659
-1582
3550
-745
774
4048000
363
-781
-2129
3545
-810
1156
4049025
510
-865
-2483
3141
-609
1109
4050050
367
-1111
-2700
3373
-457
851
4051075
40
-1371
-2889
4035
-487
751
4052100
-224
-1539
-3057
4568
-655
805
4053125
-305
-1619
-3156
4862
-753
880
4054150
-279
-1663
-3227
5111
-822
875
4055175
-203
-1660
-3263
5275
-1029
836
4056200
-132
-1606
-3245
5138
-1127
908
4057225
-129
-1584
-3135
4984
-1048
1060
4058250
-249
-1576
-2950
4863
-979
1192
4059275
-451
-1563
-2719
4764
-922
1245
4060300
-671
-1541
-2463
4694
-880
1292
4061325
-884
-1500
-2187
4655
-944
1379
4062350
-1045
-1431
-1910
4585
-1104
1443
4063375
-1106
-1351
-1656
4485
-1294
1487
4056192
-1031
-1262
-1431
4349
-1517
1589
4057217
-805
-1158
-1225
4087
-1678
1734
4058242
-474
-1061
-1034
3804
-1783
1857
4059267
-54
-1000
-870
3780
-1908
1980
4060292
411
-928
-724
3998
-1945
2153
4061317
831
-788
-577
4260
-1916
2343
4062342
1129
-600
-421
4557
-1759
2436
4063367
1177
-347
-240
4746
-1449
2354
4064392
905
-43
-7
4760
-1049
2187
4065417
417
228
259
4962
-867
2092
4066442
-41
431
538
5593
-1020
2113
4067467
-282
660
858
6225
-1320
2100
4068492
-307
983
1232
6151
-1377
1863
4069517
-333
1333
1646
5009
-1150
1395
4070542
-232
1325
2013
4986
-1309
1041
4071567
251
1228
2270
5921
-1527
937
4064384
976
1283
2438
6532
-1555
886
4065409
1671
1445
2492
6804
-1454
629
4066434
2211
1722
2426
6454
-1247
383
4067459
2544
1946
2310
5851
-994
258
4068484
2585
2077
2215
5282
-667
225
4069509
2337
2125
2183
4847
-323
236
4070534
1803
2112
2194
4597
-75
222
4071559
1033
2068
2230
4482
-24
155
4072584
204
1997
2267
4391
-115
26
4073609
-493
1905
2281
4260
-324
-102
4074634
-970
1811
2263
4045
-518
-213
4075659
-1219
1697
2207
3831
-668
-315
4076684
-1276
1565
2131
3638
-753
-373
4077709
-1205
1429
2051
3388
-657
-448
4078734
-1179
1292
1890
3083
-1
-504
4079759
-1376
1146
1600
2814
507
-556
4072576
-1580
927
1194
2661
498
-336
4073601
-1452
629
718
2706
86
-11
4074626
-1161
389
226
2722
-294
213
4075651
-767
181
-263
2572
-238
240
4076676
-352
-102
-766
2818
-66
81
4077701
63
-412
-1309
3537
-59
116
4078726
443
-621
-1789
4029
-342
421
4079751
720
-789
-2237
4342
-540
622
4080776
814
-896
-2653
4269
-206
769
4081801
511
-973
-2846
3693
-111
975
4082826
-66
-1148
-2892
3594
-381
994
4083851
-542
-1336
-2920
4194
-565
886
4084876
-779
-1442
-2931
4926
-716
730
4085901
-719
-1491
-2928
5532
-867
601
4086926
-478
-1505
-2900
5903
-1063
585
4087951
-214
-1480
-2825
5887
-1258
725
4080767
-50
-1437
-2689
5435
-1222
962
4081792
-79
-1442
-2497
5010
-1028
1190
4082817
-291
-1446
-2256
4648
-920
1317
4083842
-574
-1448
-2012
4404
-935
1362
4084867
-832
-1445
-1802
4355
-1001
1362
4085892
-1035
-1393
-1644
4343
-1095
1291
4086917
-1154
-1307
-1544
4353
-1245
1204
4087942
-1132
-1202
-1493
4350
-1461
1203
4088967
-976
-1082
-1462
4224
-1645
1320
4089992
-770
-972
-1420
3998
-1717
1531
4091017
-586
-893
-1368
3879
-1749
1753
4092042
-419
-827
-1301
3931
-1829
1940
4093067
-193
-751
-1196
4162
-1953
2146
4094092
106
-628
-1029
4444
-2052
2341
4095117
399
-455
-787
4640
-2022
2386
4096142
564
-248
-471
4737
-1865
2282
4088960
608
-68
-82
5152
-1729
2224
4089985
655
101
351
6057
-1654
2252
4091010
694
376
835
6782
-1553
2213
4092035
714
760
1337
6896
-1426
2078
4093060
662
1259
1840
5663
-1125
1810
4094085
549
1509
2337
4509
-932
1404
4095110
582
1431
2748
4905
-1010
1044
4096135
874
1410
3026
5583
-1084
846
4097160
1322
1465
3160
6043
-1165
696
4098185
1808
1577
3125
6400
-1169
479
4099210
2233
1787
2927
6374
-1045
335
4100235
2510
1989
2628
6087
-947
280
4101260
2596
2129
2291
5753
-820
257
4102285
2429
2232
1981
5391
-632
208
4103310
1993
2288
1747
5068
-449
85
4104335
1339
2307
1602
4826
-245
-77
4097152
544
2295
1560
4561
-98
-272
4098177
-274
2246
1604
4222
-94
-382
4099202
-989
2139
1709
3866
-226
-433
4100227
-1550
1984
1828
3520
-330
-482
4101252
-1965
1774
1942
3168
-378
-545
4102277
-2242
1510
2035
2846
-297
-585
4103302
-2423
1243
2035
2391
6
-569
4104327
-2501
921
1951
2079
-123
-558
4105352
-2266
525
1682
2376
-500
-455
4106377
-1632
215
1250
2757
-817
-194
4107402
-778
23
746
2807
-816
43
4108427
16
-125
187
2704
-594
14
4109452
613
-348
-395
2864
-562
-131
4110477
1006
-639
-1001
3282
-614
-15
4111502
1278
-910
-1576
3511
-688
450
4112527
1523
-1151
-2049
3673
-858
1117
4105344
1765
-1374
-2446
3851
-923
1345
4106369
1890
-1578
-2722
3742
-759
1254
4107394
1635
-1828
-2864
3609
-401
1095
4108419
1037
-2158
-2976
4153
-185
1103
4109444
445
-2349
-3091
5147
-443
1327
4110469
205
-2299
-3091
5822
-861
1549
4111494
303
-2126
-2957
5958
-954
1548
4112519
425
-1941
-2742
5825
-801
1435
4113544
353
-1760
-2450
5431
-585
1385
4114569
2
-1621
-2088
4950
-323
1427
4115594
-582
-1529
-1695
4597
-160
1521
4116619
-1201
-1472
-1354
4437
-148
1553
4117644
-1748
-1410
-1125
4377
-343
1499
4118669
-2230
-1288
-1007
4322
-727
1358
4119694
-2534
-1118
-1002
4213
-1102
1218
4120719
-2564
-954
-1087
4028
-1437
1158
4113537
-2305
-828
-1205
3856
-1781
1208
4114562
-1784
-742
-1318
3678
-2023
1372
4115587
-1139
-688
-1393
3480
-2050
1530
4116612
-547
-652
-1407
3271
-1963
1665
4117637
-78
-654
-1355
3342
-1914
1810
4118662
317
-663
-1261
3838
-1944
2052
4119687
663
-591
-1106
4453
-1876
2323
4120712
876
-416
-867
4875
-1662
2330
4121737
822
-187
-535
5038
-1370
2008
4122762
548
32
-123
5260
-1180
1794
4123787
243
201
348
5799
-1096
1891
4124812
-35
420
882
6018
-1055
1988
4125837
-146
587
1372
6255
-1320
1925
4126862
5
801
1752
6251
-1559
1787
4127887
244
1145
2106
5061
-1466
1485
4128912
531
1221
2432
4393
-1374
1061
4121749
994
1105
2614
4963
-1401
718
4122774
1605
1100
2653
5601
-1403
621
4123799
2278
1189
2583
6054
-1386
548
4124824
2868
1392
2391
6199
-1208
393
4125849
3204
1646
2107
5951
-986
289
4126874
3224
1837
1803
5663
-794
230
4127899
2942
1982
1547
5331
-597
168
4128924
2394
2082
1405
4923
-318
120
4129949
1623
2121
1378
4539
-105
81
4130974
722
2106
1453
4214
-48
27
4131999
-170
2040
1592
3912
-91
-44
4133024
-924
1921
1745
3705
-285
-123
4134049
-1452
1770
1875
3549
-471
-258
4135074
-1762
1591
1973
3359
-588
-429
4136099
-1879
1376
2028
3170
-678
-526
4137124
-1849
1144
2047
2901
-716
-592
4129920
-1745
880
1987
2647
-592
-620
4130945
-1581
586
1799
2630
-526
-600
4131970
-1279
297
1485
2819
-680
-492
4132995
-739
17
1076
2978
-821
-181
4134020
-131
-213
626
3035
-893
195
4135045
388
-371
154
3039
-939
366
4136070
808
-530
-306
3121
-771
343
4137095
1141
-736
-746
3438
-524
401
4138120
1212
-934
-1153
3501
9
486
4139145
1136
-1117
-1516
3782
251
668
4140170
1297
-1066
-1795
4063
-513
1464
4141195
1375
-926
-2009
3707
-771
2129
4142220
699
-954
-2214
3415
-38
2312
4143245
-825
-1111
-2416
3874
273
2172
4144270
-2460
-1204
-2608
4752
-127
2022
4145295
-3543
-1132
-2752
5317
-676
1835
4138113
-4013
-945
-2854
5562
-1128
1556
4139138
-3976
-718
-2912
5571
-1557
1393
4140163
-3507
-506
-2895
5167
-1786
1404
4141188
-2744
-364
-2807
4538
-1793
1408
4142213
-1829
-326
-2695
4031
-1778
1290
4143238
-806
-368
-2562
3771
-1846
1069
4144263
212
-452
-2379
3668
-1891
838
4145288
1032
-555
-2156
3674
-1764
686
4146313
1506
-641
-1916
3754
-1465
657
4147338
1598
-680
-1688
3837
-1175
774
4148363
1413
-687
-1442
3860
-938
1039
4149388
981
-694
-1168
3808
-595
1266
4150413
218
-709
-895
3670
-127
1394
4151438
-889
-672
-646
3553
-81
1465
4152463
-2051
-581
-452
3707
-865
1429
4153488
-2750
-496
-298
4226
-1701
1401
4146305
-2841
-411
-214
4737
-2280
1400
4147330
-2300
-328
-195
5097
-2851
1336
4148355
-1259
-271
-173
4933
-2909
1343
4149380
-183
-328
-92
4853
-2428
1453
4150405
647
-387
87
5098
-2234
1716
4151430
1292
-319
354
4719
-2059
1963
4152455
1801
-299
639
4750
-2035
2014
4153480
2314
-178
895
5086
-2118
1958
4154505
2838
142
1168
4489
-1809
1730
4155530
3176
324
1440
4463
-1615
1352
4156555
3404
454
1617
5214
-1491
1152
4157580
3610
684
1690
5901
-1291
1120
4158605
3745
973
1700
6266
-1053
927
4159630
3708
1294
1664
6097
-783
681
4160655
3398
1562
1591
5619
-539
507
4161680
2837
1760
1537
5140
-388
451
4154496
2126
1912
1546
4689
-246
417
4155521
1315
2015
1620
4319
-144
349
4156546
489
2055
1733
4108
-156
261
4157571
-248
2050
1854
4005
-251
167
4158596
-837
2007
1958
3960
-381
-19
4159621
-1270
1925
2024
3930
-541
-232
4160646
-1540
1796
2045
3909
-635
-355
4161671
-1674
1636
2022
3795
-690
-441
4162696
-1679
1461
1976
3505
-708
-456
4163721
-1635
1263
1908
3082
-578
-483
4164746
-1647
1014
1743
2874
-436
-609
4165771
-1634
722
1445
2968
-575
-640
4166796
-1283
406
1058
3055
-924
-362
4167821
-576
97
648
2971
-1045
58
4168846
95
-129
214
2808
-811
264
4169871
658
-374
-237
2937
-566
219
4162688
1200
-641
-661
3311
-455
295
4163713
1664
-853
-1060
3663
-268
605
4164738
1867
-1030
-1452
3994
125
739
4165763
1652
-1173
-1806
4044
225
754
4166788
1144
-1273
-2054
3660
83
932
4167813
448
-1363
-2256
3384
86
1183
4168838
-314
-1477
-2394
3725
43
1262
4169863
-836
-1518
-2470
4419
-124
1145
4170888
-965
-1430
-2484
4960
-319
983
4171913
-890
-1298
-2428
5194
-568
862
4172938
-820
-1198
-2298
5163
-770
870
4173963
-849
-1124
-2120
4827
-786
991
4174988
-1005
-1115
-1873
4458
-705
1116
4176013
-1221
-1157
-1604
4300
-839
1187
4177038
-1265
-1211
-1381
4467
-1181
1285
4178063
-1061
-1207
-1192
4631
-1458
1285
4170879
-776
-1142
-1025
4425
-1366
1093
4171904
-614
-1095
-891
4091
-1184
930
4172929
-603
-1088
-807
3947
-1130
851
4173954
-657
-1055
-755
3798
-1194
961
4174979
-717
-1018
-712
3601
-1211
1211
4176004
-816
-976
-679
3359
-1207
1396
4177029
-917
-946
-669
3246
-1330
1492
4178054
-871
-936
-694
3548
-1579
1577
4179079
-600
-878
-713
3940
-1787
1687
4180104
-171
-787
-705
4285
-1839
1820
4181129
266
-660
-662
4589
-1824
1947
4182154
566
-506
-576
4856
-1677
2004
4183179
688
-358
-445
5303
-1491
2126
4184204
702
-158
-252
5811
-1412
2394
4185229
684
71
4
6382
-1499
2597
4186254
757
413
318
6487
-1478
2494
4179072
827
896
729
5164
-1144
2073
4180097
872
1088
1141
4490
-1109
1645
4181122
1134
1102
1455
5179
-1430
1493
4182147
1654
1262
1648
5687
-1483
1396
4183172
2212
1469
1697
5830
-1278
1134
4184197
2621
1700
1591
5818
-1094
820
4185222
2805
1945
1392
5656
-924
636
4186247
2692
2172
1204
5370
-638
539
4187272
2240
2371
1095
4894
-310
447
4188297
1492
2489
1075
4528
-101
394
4189322
577
2539
1139
4479
-72
240
4190347
-327
2571
1270
4513
-89
-8
4191372
-1212
2565
1346
4444
570
-369
4192397
-2310
2560
1308
4152
1110
-607
4193422
-3389
2490
1381
4108
415
-564
4194447
-3852
2289
1463
4341
-200
-564
4187264
-3854
2100
1429
4278
-134
-755
4188289
-3461
1839
1456
4033
-444
-852
4189314
-2562
1456
1472
4145
-542
-712
4190339
-1551
1080
1432
4268
-441
-543
4191364
-876
719
1360
4354
-414
-531
4192389
-430
393
1255
3882
-210
-352
4193414
-111
6
1123
3172
10
59
4194439
109
-396
901
2966
-332
584
4195464
461
-626
581
2596
-831
1018
4196489
1060
-751
212
1864
-891
1226
4197514
1735
-920
-192
1731
-639
1409
4198539
2113
-1083
-627
2153
-205
1365
4199564
2035
-1192
-1032
2602
134
1210
4200589
1592
-1284
-1390
3001
334
1219
4201614
906
-1357
-1691
3428
239
1502
4202639
180
-1388
-1944
3760
-62
1793
4195456
-448
-1407
-2153
3873
-229
1654
4196481
-926
-1447
-2325
3982
-302
1486
4197506
-1328
-1491
-2478
4137
-487
1516
4198531
-1642
-1526
-2618
4312
-733
1553
4199556
-1790
-1546
-2731
4539
-1004
1505
4200581
-1675
-1543
-2810
4700
-1200
1416
4201606
-1262
-1539
-2837
4910
-1370
1373
4202631
-649
-1519
-2787
5073
-1613
1442
4203656
18
-1498
-2647
5016
-1637
1653
4204681
534
-1480
-2417
4718
-1431
1966
4205706
809
-1474
-2105
4496
-1311
2285
4206731
916
-1476
-1765
4635
-1295
2496
4207756
976
-1397
-1422
4911
-1278
2520
4208781
1030
-1215
-1066
4895
-1242
2457
4209806
1019
-1004
-709
4662
-1196
2398
4210831
891
-825
-383
4580
-1060
2358
4203648
610
-612
-89
4574
-937
2408
4204673
239
-369
164
4534
-978
2442
4205698
-69
-158
349
4705
-1149
2369
4206723
-249
68
495
4909
-1332
2226
4207748
-397
307
645
4894
-1356
2038
4208773
-672
516
835
4803
-1338
1884
4209798
-1150
710
1096
4581
-1326
1667
4210823
-1735
859
1433
4052
-1322
1318
4211848
-2229
834
1797
3876
-1588
1028
4212873
-2404
719
2109
4175
-2141
638
4213898
-1959
625
2317
4456
-2692
363
4214923
-1110
559
2402
4706
-2918
124
4215948
-162
584
2371
4743
-2899
-136
4216973
718
660
2271
4628
-2625
-256
4217998
1307
758
2188
4538
-2120
-249
4219023
1492
863
2150
4465
-1547
-218
4211840
1317
950
2127
4340
-1168
-204
4212865
921
1006
2104
4119
-1024
-119
4213890
474
1012
2080
3922
-1034
-65
4214915
96
983
2038
3772
-1037
-218
4215940
-152
923
1950
3582
-1043
-381
4216965
-236
811
1814
3420
-1073
-431
4217990
-154
689
1633
3245
-1019
-384
4219015
82
575
1416
2984
-922
-277
4220040
414
439
1118
2885
-776
-215
4221065
830
280
719
3216
-900
-137
4222090
1384
148
289
3707
-1071
-23
4223115
1964
62
-137
3934
-678
16
4224140
2231
-7
-571
3872
284
-55
4225165
1977
-143
-938
3920
676
-111
4226190
1354
-357
-1217
4123
455
-93
4227215
656
-585
-1505
4252
409
96
4220032
14
-825
-1828
4546
311
359
4221057
-387
-967
-2111
4583
-48
652
4222082
-328
-987
-2292
3915
-479
965
4223107
49
-1011
-2391
3330
-632
1070
4224132
479
-1083
-2481
3378
-217
908
4225157
664
-1163
-2530
3960
188
652
4226182
541
-1168
-2530
4540
386
513
4227207
196
-1113
-2472
4908
351
536
4228232
-295
-1056
-2427
5249
122
678
4229257
-749
-995
-2277
5252
-364
1013
4230282
-1032
-989
-1993
4921
-731
1362
4231307
-1105
-1016
-1655
4505
-986
1513
4232332
-993
-1042
-1300
4147
-1044
1445
4233357
-811
-1055
-980
3863
-1046
1272
4234382
-629
-1051
-712
3744
-1195
1165
4235407
-443
-1028
-516
3734
-1235
1140
4228224
-307
-970
-394
3731
-1164
1135
4229249
-258
-863
-332
3617
-1190
1262
4230274
-281
-748
-305
3419
-1194
1469
4231299
-396
-657
-308
3264
-1131
1689
4232324
-571
-594
-302
3196
-1098
1846
4233349
-731
-578
-289
3449
-1242
1920
4234374
-739
-553
-287
3916
-1587
2018
4235399
-459
-480
-288
4382
-1840
2091
4236424
-3
-363
-263
4653
-1800
1997
4237449
462
-246
-182
4960
-1707
1825
4238474
902
-132
-27
5455
-1739
1798
4239499
1279
39
191
5833
-1577
1855
4240524
1540
229
459
6218
-1488
1955
4241549
1696
505
747
6299
-1343
1935
4242574
1607
906
1122
5240
-957
1619
4243599
1236
1056
1530
4864
-886
1225
4236416
773
1058
1883
5682
-1050
946
4237441
379
1186
2221
6115
-1240
807
4238466
121
1308
2543
6013
-1417
408
4239491
112
1352
2776
5404
-1505
-258
4240516
237
1254
2923
4853
-1533
-513
4241541
331
1092
3016
4598
-1672
-541
4242566
416
961
3068
4254
-1607
-630
4243591
479
834
3051
4099
-1383
-773
4244616
488
767
2958
3994
-1332
-879
4245641
544
752
2794
3840
-1316
-994
4246666
688
750
2579
3659
-1212
-1081
4247691
859
757
2333
3425
-1059
-1046
4248716
989
763
2056
3290
-929
-944
4249741
1027
780
1755
3224
-804
-797
4250766
962
798
1432
3182
-758
-611
4251791
864
772
1129
3067
-716
-491
4244608
833
640
819
3026
-699
-346
4245633
944
461
471
3142
-735
-148
4246658
1152
303
91
3409
-412
-41
4247683
1254
178
-271
3552
214
-89
4248708
1047
29
-544
3458
370
-64
4249733
655
-199
-810
3452
219
7
4250758
283
-459
-1148
3700
116
122
4251783
63
-704
-1531
4029
104
296
4252808
3
-955
-1934
4529
-173
372
4253833
178
-1137
-2340
4861
-708
502
4254858
557
-1171
-2594
4201
-846
767
4255883
920
-1291
-2674
3731
-701
909
4256908
1161
-1502
-2636
4151
-669
907
4257933
1284
-1619
-2503
4654
-571
925
4258958
1262
-1627
-2277
4825
-397
1024
4259983
956
-1612
-2005
4906
-139
1102
4252800
304
-1553
-1745
4941
-43
1112
4253825
-527
-1429
-1494
4635
-226
1147
4254850
-1299
-1337
-1251
4248
-471
1225
4255875
-1815
-1297
-1064
4052
-686
1314
4256900
-2029
-1256
-944
3969
-917
1322
4257925
-1974
-1197
-871
3890
-1186
1281
4258950
-1718
-1137
-841
3834
-1423
1277
4259975
-1325
-1069
-841
3822
-1528
1324
4261000
-866
-991
-829
3747
-1501
1424
4262025
-481
-921
-776
3661
-1363
1578
4263050
-267
-845
-668
3592
-1242
1763
4264075
-220
-753
-513
3528
-1114
1959
4265100
-345
-654
-316
3431
-938
2009
4266125
-587
-591
-128
3639
-927
1992
4267150
-734
-516
3
4183
-1137
1994
4268175
-690
-377
111
4568
-1219
1984
4260993
-589
-212
214
4698
-1147
1774
4262018
-530
-61
300
4813
-1122
1606
4263043
-487
39
377
5196
-1182
1598
4264068
-441
156
462
5585
-1273
1678
4265093
-308
257
536
6044
-1468
1731
4266118
33
352
570
6789
-1669
1719
4267143
429
694
691
6254
-1477
1590
4268168
688
1006
941
4671
-1092
1350
4269193
817
986
1234
4120
-919
1071
4270218
941
893
1519
4310
-1004
900
4271243
1189
856
1741
4567
-1055
833
4272268
1564
887
1825
4575
-1060
754
4273293
1991
952
1748
4533
-1142
644
4274318
2419
1053
1537
4532
-1179
562
4275343
2698
1198
1277
4446
-1057
568
4276368
2617
1366
1055
4278
-792
559
4269185
2153
1501
887
4134
-535
563
4270210
1358
1585
801
4128
-490
441
4271235
505
1674
793
4181
-593
168
4272260
-207
1769
851
4085
-578
-41
4273285
-860
1818
953
3938
-506
-183
4274310
-1499
1815
1088
3751
-533
-354
4275335
-2042
1739
1237
3526
-558
-548
4276360
-2435
1573
1379
3300
-638
-670
4277385
-2645
1343
1500
3102
-793
-706
4278410
-2610
1059
1539
3133
-992
-672
4279435
-2305
776
1453
3344
-1207
-647
4280460
-1744
529
1258
3377
-1372
-580
4281485
-1026
264
1000
3365
-1409
-538
4282510
-378
-38
676
3767
-1185
-620
4283535
56
-367
221
4724
-884
-727
4284560
393
-598
-207
4659
-1036
-335
4277377
735
-786
-490
3341
-1218
491
4278402
1015
-989
-740
2334
-1267
1200
4279427
1434
-1226
-916
1983
-1662
1491
4280452
2203
-1516
-1079
2279
-1916
1873
4281477
3185
-1761
-1253
3094
-1783
2287
4282502
3990
-1831
-1341
3681
-1252
2339
4283527
4090
-1784
-1355
3882
-345
2090
4284552
3381
-1696
-1382
4095
400
1937
4285577
2135
-1560
-1453
4154
665
1968
4286602
880
-1485
-1414
4184
440
2192
4287627
-11
-1435
-1324
4209
-170
2459
4288652
-332
-1366
-1226
4188
-899
2577
4289677
-121
-1216
-1125
4030
-1427
2590
4290702
442
-1041
-996
3786
-1597
2287
4291727
1089
-932
-839
3607
-1421
1862
4292752
1569
-890
-690
3503
-1092
1687
4285567
1821
-874
-587
3463
-997
1742
4286592
2022
-858
-518
3437
-1149
1892
4287617
2269
-848
-488
3384
-1277
1973
4288642
2585
-871
-501
3559
-1506
1994
4289667
3084
-876
-534
3985
-1827
1955
4290692
3787
-820
-568
4369
-1909
1842
4291717
4486
-720
-591
4674
-1728
1654
4292742
4921
-571
-590
4990
-1408
1475
4293767
5031
-423
-597
5610
-1056
1335
4294792
4846
-144
-598
6158
-657
1413
4295817
4251
333
-503
5696
-267
1478
4296842
3336
736
-361
4850
-236
1221
4297867
2524
937
-287
4768
-458
906
4298892
1959
1173
-197
4677
-637
685
4299917
1555
1373
-85
4375
-723
291
4300942
1349
1451
-29
4445
-914
-210
4293760
1343
1573
-53
4421
-1167
-703
4294785
1642
1704
-87
4408
-1483
-906
4295810
2234
1720
-262
4850
-1633
-1304
4296835
2866
1746
-560
5055
-1481
-1913
4297860
3078
1723
-802
4555
-1027
-2281
4298885
2941
1571
-993
4142
-900
-2254
4299910
2872
1381
-1077
4212
-938
-1814
4300935
2653
1234
-1025
4364
-829
-1426
4301960
2092
1152
-855
4325
-699
-1216
4302985
1322
1078
-589
4151
-755
-1111
4304010
618
982
-236
3835
-815
-1034
4305035
93
843
188
3463
-834
-906
4306060
-239
651
617
3314
-897
-799
4307085
-363
441
1014
3422
-977
-689
4308110
-388
257
1363
3677
-1103
-643
4309135
-336
117
1636
3922
-1207
-625
4301952
-172
-12
1855
4129
-1170
-615
4302977
26
-128
2051
4323
-980
-641
4304002
73
-224
2173
4469
-29
-740
4305027
-244
-231
2094
4279
1276
-597
4306052
-792
-375
1896
4400
1373
-361
4307077
-902
-642
1662
4872
82
-408
4308102
-324
-623
1394
4149
-535
-261
4309127
760
-730
1134
3129
60
306
4310152
1975
-1137
993
3731
524
898
4311177
2876
-1299
925
4761
1082
1262
4312202
3137
-1211
868
5212
2113
1182
4313227
2793
-1067
780
5442
2612
1077
4314252
2274
-880
531
5486
2569
1426
4315277
1905
-690
210
4882
2479
2193
4316302
1530
-576
-50
4218
2385
2677
4317327
1199
-506
-262
3882
2342
2637
4310143
886
-401
-464
3599
2227
2448
4311168
567
-276
-691
3488
2039
2275
4312193
329
-155
-933
3643
1888
2093
4313218
222
-9
-1114
3727
1488
1876
4314243
293
121
-1228
3713
1044
1609
4315268
510
195
-1288
3850
615
1431
4316293
786
255
-1276
3889
282
1294
4317318
1034
269
-1226
3837
261
1198
4318343
1080
250
-1140
3810
229
1129
4319368
933
240
-998
3683
-4
1069
4320393
739
220
-823
3540
-259
1022
4321418
544
188
-641
3413
-381
947
4322443
403
139
-484
3346
-445
894
4323468
346
88
-323
3340
-699
882
4324493
420
46
-171
3312
-985
919
4325518
612
11
-17
3284
-1214
963
4318336
876
-35
136
3374
-1249
989
4319361
1122
-87
282
3617
-1147
988
4320386
1263
-100
465
3805
-1206
961
4321411
1346
-114
688
4025
-1185
937
4322436
1417
-184
919
4658
-1224
952
4323461
1534
-226
1135
5563
-1448
972
4324486
1813
-189
1320
6469
-1639
1022
4325511
2248
14
1459
6935
-1637
1154
4326536
2554
407
1611
5915
-1205
948
4327561
2485
650
1802
4877
-911
517
4328586
2321
654
1972
5419
-1029
258
4329611
2381
802
2087
5919
-1050
407
4330636
2522
1015
2208
5742
-799
432
4331661
2530
1181
2296
5438
-624
300
4332686
2396
1316
2324
5185
-573
253
4333711
2130
1430
2340
4944
-528
234
4326528
1774
1507
2378
4742
-433
181
4327553
1351
1548
2409
4587
-328
127
4328578
890
1559
2409
4482
-356
55
4329603
458
1545
2372
4359
-425
-61
4330628
101
1511
2290
4248
-483
-160
4331653
-187
1470
2156
4103
-464
-237
4332678
-447
1424
1989
3917
-403
-310
4333703
-720
1366
1809
3631
-269
-393
4334728
-1068
1291
1627
3200
-47
-447
4335753
-1486
1151
1456
2797
20
-432
4336778
-1785
920
1297
2588
-145
-331
4337803
-1828
641
1085
2682
-202
-182
4338828
-1629
389
746
3001
-192
-80
4339853
-1174
188
350
3237
-351
-15
4340878
-542
12
-66
3432
-390
-39
4341903
-25
-141
-502
3644
-300
-112
4334719
206
-318
-947
4119
-135
-228
4335744
166
-525
-1399
4796
-32
-292
4336769
-37
-746
-1837
5196
-243
-79
4337794
-189
-924
-2235
4951
-711
535
4338819
-114
-1080
-2600
4398
-1071
1131
4339844
222
-1260
-2928
4499
-1379
1331
4340869
774
-1393
-3103
4843
-1288
1348
4341894
1261
-1448
-3148
5006
-652
1344
4342919
1281
-1447
-3044
5202
78
1254
4343944
584
-1327
-2813
5276
443
1145
4344969
-557
-1119
-2547
5093
404
1046
4345994
-1712
-941
-2315
4824
288
1072
4347019
-2710
-802
-2072
4682
-56
1214
4348044
-3371
-651
-1831
4503
-600
1255
4349069
-3587
-524
-1651
4259
-1035
1128
4350094
-3493
-428
-1528
4009
-1297
922
4342912
-3206
-370
-1448
3831
-1511
751
4343937
-2728
-350
-1412
3718
-1685
698
4344962
-2129
-339
-1414
3530
-1767
745
4345987
-1535
-339
-1436
3263
-1795
845
4347012
-1016
-371
-1463
3079
-1776
1023
4348037
-635
-419
-1469
2971
-1682
1164
4349062
-397
-468
-1436
2927
-1683
1264
4350087
-199
-524
-1376
3062
-1773
1390
4351112
44
-574
-1293
3479
-1877
1515
4352137
308
-580
-1147
3985
-1832
1593
4353162
443
-508
-897
4242
-1669
1555
4354187
356
-431
-555
4446
-1517
1469
4355212
162
-410
-144
5055
-1516
1491
4356237
78
-392
318
6144
-1641
1683
4357262
181
-265
832
7168
-1603
1859
4358287
174
147
1379
6592
-1164
1694
4351104
-109
528
1980
4997
-849
1364
4352129
-320
497
2565
5112
-977
1073
4353154
-242
453
3084
5855
-1055
1000
4354179
13
500
3538
6177
-1038
885
4355204
382
564
3857
6207
-1122
674
4356229
853
623
3987
6054
-1128
534
4357254
1337
664
3984
5949
-1054
414
4358279
1734
770
3898
5553
-927
368
4359304
2008
860
3741
4959
-809
405
4360329
2135
891
3509
4637
-742
493
4361354
2072
933
3219
4658
-662
440
4362379
1841
1047
2917
4430
-530
236
4363404
1523
1137
2612
4059
-446
78
4364429
1161
1175
2280
4043
-476
35
4365454
821
1247
1985
4126
-481
32
4366479
465
1345
1765
4004
-288
-18
4359296
-4
1429
1607
3689
-99
-31
4360321
-551
1444
1511
3559
-70
76
4361346
-1100
1409
1466
3775
-35
25
4362371
-1644
1406
1402
3582
-62
-165
4363396
-2056
1315
1263
3045
-347
-187
4364421
-2127
1081
994
2858
-697
-16
4365446
-1774
829
626
2695
-971
79
4366471
-1176
604
155
2477
-1020
147
4367496
-557
383
-353
2408
-983
172
4368521
-8
153
-910
2600
-850
165
4369546
325
-55
-1535
3047
-787
230
4370571
366
-237
-2248
3855
-885
268
4371596
192
-365
-3058
4525
-929
189
4372621
-227
-465
-3803
4537
-1056
212
4373646
-819
-619
-4373
4563
-1374
323
4374671
-1343
-802
-4778
5148
-1461
603
4367488
-1704
-888
-4950
5928
-1530
835
4368513
-1844
-831
-4894
6306
-1350
781
4369538
-1873
-712
-4630
6367
-1181
617
4370563
-1910
-570
-4277
6204
-1161
286
4371588
-1959
-424
-3853
5835
-1267
-73
4372613
-1929
-325
-3363
5131
-1280
-275
4373638
-1890
-374
-2870
4586
-1070
-185
4374663
-1964
-484
-2419
4555
-1017
32
4375688
-2191
-540
-2040
4597
-1071
118
4376713
-2516
-555
-1709
4489
-1091
22
4377738
-2868
-551
-1444
4280
-1159
-117
4378763
-3132
-566
-1265
4060
-1259
-276
4379788
-3250
-613
-1176
3929
-1340
-409
4380813
-3200
-670
-1143
3859
-1442
-437
4381838
-2966
-703
-1128
3597
-1598
-290
4382863
-2603
-755
-1111
3217
-1704
-98
4375679
-2208
-883
-1088
3159
-1659
-19
4376704
-1867
-1022
-1031
3411
-1604
24
4377729
-1552
-1155
-926
3881
-1619
166
4378754
-1254
-1248
-766
4231
-1684
328
4379779
-971
-1352
-568
4618
-1641
394
4380804
-712
-1449
-343
5112
-1564
498
4381829
-453
-1477
-70
5415
-1635
791
4382854
-133
-1427
217
5525
-1695
1352
4383879
105
-1298
509
5455
-1259
1758
4384904
-40
-1065
802
4924
-536
1613
4385929
-493
-808
1099
4069
-74
1319
4386954
-1026
-716
1321
3827
156
1155
4387979
-1423
-600
1454
4168
-408
1407
4389004
-1383
-362
1602
4204
-1050
1631
4390029
-869
-208
1662
4484
-752
1391
4391054
-396
-23
1629
4798
267
773
4383872
-426
225
1595
4979
725
272
4384897
-720
417
1660
5104
654
214
4385922
-989
599
1821
4499
841
486
4386947
-1421
640
1942
3868
1278
373
4387972
-1995
576
1959
3912
1198
81
4388997
-2246
512
2048
3801
490
-178
4390022
-1987
392
2065
3594
162
-444
4391047
-1513
268
1903
3644
212
-620
4392072
-1038
207
1640
3543
118
-650
4393097
-494
141
1335
3298
-218
-566
4394122
67
73
958
3346
-353
-438
4395147
468
74
558
3537
-465
-399
4396172
665
165
213
3512
-635
-386
4397197
723
271
-98
3532
-671
-394
4398222
624
345
-398
3872
-628
-484
4399247
469
410
-685
4265
-654
-519
4392260
302
463
-948
4573
-646
-430
4393285
124
491
-1171
4794
-705
-263
4394310
-18
483
-1336
4942
-848
-84
4395335
-99
422
-1493
5311
-727
-40
4396360
-139
398
-1603
5452
-804
-4
4397385
-66
420
-1600
4907
-1056
149
4398410
112
336
-1550
4664
-1012
103
4399435
253
272
-1409
4324
-913
60
4400460
387
208
-1136
3602
-704
207
4401485
505
36
-808
3342
-223
280
4402510
427
-125
-501
3738
293
227
4403535
53
-137
-200
4115
510
102
4404560
-441
-31
9
3932
761
101
4405585
-948
43
72
3616
597
270
4406610
-1274
76
48
3281
396
495
4407635
-1383
83
-9
2924
258
706
4400257
-1341
44
-83
2791
-86
770
4401282
-1053
-1
-220
2802
-111
766
4402307
-664
-23
-376
2813
-175
788
4403332
-316
-48
-469
2840
-559
825
4404357
59
-89
-528
2953
-824
948
4405382
434
-146
-543
3158
-897
1084
4406407
790
-199
-554
3339
-743
1222
4407432
1057
-225
-533
3438
-776
1340
4408457
1208
-233
-467
3457
-980
1376
4409482
1257
-227
-386
3389
-970
1375
4410507
1166
-227
-290
3381
-887
1399
4411532
1032
-269
-186
3758
-1064
1443
4412557
1048
-282
-75
4272
-1351
1500
4413582
1272
-252
42
4629
-1494
1500
4414607
1556
-189
135
4830
-1456
1391
4415632
1775
-112
184
5214
-1413
1252
4408448
1934
40
200
5559
-1406
1216
4409473
2064
218
205
6048
-1498
1360
4410498
2303
474
209
6721
-1707
1599
4411523
2444
966
370
5888
-1299
1329
4412548
2161
1286
658
4911
-770
800
4413573
1736
1324
934
5487
-773
472
4414598
1514
1471
1226
5935
-787
543
4415623
1418
1630
1559
5896
-668
542
4416648
1297
1746
1828
5746
-560
420
4417673
1092
1864
2003
5432
-551
336
4418698
814
1944
2149
5106
-659
268
4419723
560
1967
2292
4895
-716
219
4420748
344
1953
2409
4741
-636
164
4421773
107
1913
2492
4625
-552
69
4422798
-149
1849
2541
4538
-553
-59
4423823
-387
1767
2557
4438
-550
-186
4416640
-591
1678
2542
4281
-546
-299
4417665
-767
1585
2500
4025
-537
-377
4418690
-950
1470
2441
3720
-398
-430
4419715
-1175
1339
2365
3279
-170
-424
4420740
-1411
1186
2266
2723
31
-326
4421765
-1573
974
2108
2325
72
-195
4422790
-1526
711
1821
2331
-174
-28
4423815
-1170
475
1416
2592
-585
191
4424840
-517
328
926
2732
-638
410
4425865
102
240
374
2657
-317
401
4426890
429
101
-173
2749
-242
232
4427915
544
-103
-742
3117
-387
168
4428940
578
-326
-1357
3602
-464
317
4429965
542
-581
-1981
4208
-567
617
4430990
513
-835
-2599
4807
-747
941
4432015
547
-999
-3072
4599
-830
1167
4424833
463
-1221
-3367
4160
-752
1206
4425858
216
-1515
-3571
4465
-644
1275
4426883
-43
-1683
-3674
5118
-770
1389
4427908
-119
-1693
-3662
5654
-799
1352
4428933
-178
-1613
-3535
6030
-480
1039
4429958
-459
-1445
-3332
6104
-239
584
4430983
-907
-1236
-3112
5807
-266
353
4432008
-1410
-1068
-2876
5346
-342
425
4433033
-1948
-968
-2601
5038
-421
613
4434058
-2437
-895
-2317
4816
-605
735
4435083
-2805
-814
-2097
4498
-722
813
4436108
-3149
-735
-1943
4200
-920
835
4437133
-3399
-663
-1849
4084
-1261
737
4438158
-3424
-575
-1813
4003
-1523
602
4439183
-3233
-484
-1810
3820
-1650
458
4440208
-2897
-419
-1818
3513
-1733
364
4433024
-2465
-418
-1811
3245
-1865
459
4434049
-1938
-489
-1753
3291
-1971
686
4435074
-1440
-559
-1624
3389
-1931
925
4436099
-1088
-601
-1414
3381
-1860
1082
4437124
-851
-646
-1143
3500
-1864
1199
4438149
-705
-704
-797
3874
-1718
1233
4439174
-711
-732
-368
4265
-1422
1205
4440199
-846
-744
117
4728
-1138
1211
4441224
-1010
-791
653
5506
-961
1229
4442249
-1081
-832
1198
6837
-979
1366
4443274
-1033
-574
1780
7401
-1266
1635
4444299
-933
-74
2422
5917
-1316
1740
4445324
-770
139
3047
4640
-1090
1542
4446349
-497
52
3571
5089
-962
1330
4447374
-136
33
4017
6080
-863
1232
4448399
211
160
4420
6726
-703
1145
4441216
474
407
4714
6883
-417
1023
4442241
580
703
4803
6627
-29
969
4443266
417
978
4731
6060
226
992
4444291
-139
1181
4611
5452
299
927
4445316
-929
1313
4446
5008
71
658
4446341
-1564
1372
4221
4668
-82
376
4447366
-1993
1436
3952
4165
-41
254
4448391
-2384
1457
3655
3471
-384
320
4449416
-2671
1418
3373
3276
-1063
275
4450441
-2578
1477
3002
3066
-1175
87
4451466
-2202
1607
2594
2528
-1274
-87
4452491
-1830
1691
2186
2243
-1533
-180
4453516
-1450
1764
1738
2489
-1717
-185
4454541
-1067
1928
1248
2691
-1655
-250
4455566
-761
2144
783
2513
-1585
-318
4456591
-572
2310
313
2465
-1637
-310
4449408
-486
2452
-181
2533
-1600
-232
4450433
-441
2589
-662
2562
-1668
-125
4451458
-343
2703
-1110
2614
-1736
-60
4452483
-188
2819
-1575
2810
-1657
-51
4453508
-27
2957
-2165
3206
-2000
-324
4454533
176
3039
-2792
3579
-2845
-550
4455558
448
3001
-3459
3567
-2695
-532
4456583
252
2780
-4062
3404
-2294
-342
4457608
-582
2415
-4422
3504
-2476
-106
4458633
-1509
2048
-4478
3861
-3248
-25
4459658
-2097
1722
-4369
3819
-2872
300
4460683
-2677
1407
-4164
3644
-2054
744
4461708
-3337
1221
-3915
3840
-2218
838
4462733
-3479
1181
-3718
4012
-2573
658
4463758
-3118
1187
-3599
4063
-2583
258
4464783
-2624
1187
-3582
4233
-2612
-195
4457600
-2093
1179
-3627
4467
-2611
-509
4458625
-1565
1129
-3663
4706
-2655
-607
4459650
-1106
1022
-3634
4759
-2594
-494
4460675
-851
878
-3486
4595
-2267
-236
4461700
-911
675
-3197
4265
-1803
-2
4462725
-1227
394
-2743
3981
-1562
212
4463750
-1486
91
-2213
3884
-1561
528
4464775
-1504
-164
-1693
3836
-1515
835
4465800
-1378
-366
-1212
3808
-1447
941
4466825
-1183
-545
-775
4033
-1593
828
4467850
-844
-713
-421
4701
-1866
762
4468875
-496
-795
-123
5015
-1928
677
4469900
-276
-691
166
4248
-1705
624
4470925
-229
-642
440
3423
-1491
597
4471950
-287
-681
649
3260
-1260
672
4472975
-478
-676
805
3348
-1044
805
4465792
-726
-648
921
3545
-1045
913
4466817
-867
-623
951
3778
-1075
1041
4467842
-918
-595
816
4004
-773
1136
4468867
-986
-510
593
4108
-771
1286
4469892
-954
-428
406
4211
-1021
1421
4470917
-807
-357
281
4207
-1017
1529
4471942
-677
-291
210
3992
-798
1617
4472967
-527
-270
218
3879
-699
1702
4473992
-260
-277
292
4014
-683
1680
4475017
57
-248
388
4063
-623
1540
4476042
311
-205
475
4112
-570
1337
4477067
499
-147
524
4285
-560
1181
4478092
634
-45
558
4393
-618
1117
4479117
713
61
575
4387
-526
1091
4480142
670
147
550
4320
-384
1083
4481167
483
220
533
4173
-470
1059
4473984
280
271
529
4017
-615
991
4475009
128
312
524
3861
-685
872
4476034
-9
336
522
3719
-726
741
4477059
-122
334
515
3683
-760
579
4478084
-191
323
498
3698
-774
450
4479109
-226
304
476
3726
-824
362
4480134
-225
275
443
3786
-881
295
4481159
-191
247
397
3783
-942
266
4482184
-128
208
350
3738
-1006
249
4483209
-26
152
310
3725
-1052
256
4484234
108
85
281
3706
-1055
280
4485259
241
16
266
3688
-1025
300
4486284
339
-55
262
3684
-1001
306
4487309
400
-120
257
3694
-988
320
4488334
441
-175
249
3704
-983
337
4489359
458
-218
239
3712
-972
368
4482177
468
-254
224
3744
-991
400
4483202
489
-280
203
3769
-1009
455
4484227
519
-301
177
3775
-1010
511
4485252
552
-318
150
3773
-1014
557
4486277
584
-332
127
3805
-1020
605
4487302
614
-339
108
3831
-1030
640
4488327
638
-336
94
3833
-1030
686
4489352
656
-329
83
3821
-1023
720
4490377
660
-320
73
3822
-1014
752
4491402
650
-301
65
3833
-997
779
4492427
634
-277
58
3845
-989
805
4493452
602
-246
52
3844
-975
829
4494477
548
-203
44
3849
-948
838
4495502
467
-155
38
3832
-929
830
4496527
365
-108
32
3831
-923
820
4497552
253
-63
25
3838
-919
790
4490369
142
-22
16
3867
-937
770
4491394
52
20
1
3887
-972
757
4492419
-8
55
-15
3862
-999
735
4493444
-42
74
-29
3828
-1012
687
4494469
-62
76
-38
3821
-1021
600
4495494
-71
68
-42
3777
-1052
543
4496519
-33
43
-46
3727
-1098
543
4497544
57
5
-56
3738
-1117
551
4498569
165
-25
-65
3746
-1115
532
4499594
261
-43
-72
3734
-1094
520
4500619
303
-52
-84
3736
-1036
520
4501644
271
-48
-94
3739
-1008
533
4502669
196
-39
-96
3775
-996
558
4503694
98
-24
-85
3811
-993
590
4504719
-7
-8
-65
3794
-1001
602
4505744
-94
-1
-39
3787
-1038
601
4498561
-143
-1
-8
3801
-1061
600
4499586
-150
-6
26
3827
-1083
598
4500611
-126
-13
59
3809
-1100
600
4501636
-81
-23
81
3788
-1096
627
4502661
-38
-34
92
3812
-1079
648
4503686
-17
-36
94
3807
-1054
650
4504711
-15
-35
90
3804
-1035
658
4505736
-30
-30
83
3783
-1031
669
4506761
-46
-28
75
3770
-1039
688
4507786
-49
-25
65
3782
-1045
694
4508811
-41
-21
54
3804
-1063
690
4509836
-29
-13
42
3808
-1054
688
4510861
-30
-3
34
3789
-1031
678
4511886
-46
4
34
3776
-1033
671
4512911
-62
8
34
3778
-1041
673
4513936
-68
13
31
3781
-1054
668
4506753
-63
14
21
3794
-1058
634
4507778
-53
17
5
3824
-1077
615
4508803
-34
21
-12
3813
-1075
623
4509828
-27
17
-25
3772
-1055
623
4510853
-35
5
-33
3758
-1059
610
4511878
-40
-5
-36
3754
-1075
597
4512903
-23
-13
-37
3759
-1097
592
4513928
10
-23
-38
3764
-1103
590
4514953
37
-28
-40
3766
-1089
589
4515978
42
-31
-40
3749
-1058
585
4517003
21
-35
-33
3752
-1055
577
4518028
-5
-46
-24
3771
-1069
568
4519053
-8
-55
-21
3780
-1086
564
4520078
8
-61
-27
3813
-1079
582
4521103
15
-62
-24
3814
-1117
594
4522128
24
-60
-21
3797
-1098
611
4514943
32
-66
-14
3807
-1071
619
4515968
22
-69
-10
3849
-1075
653
4516993
8
-59
-1
3859
-1097
675
4518018
22
-47
-1
3820
-1087
680
4519043
38
-38
-6
3814
-1070
682
4520068
41
-25
-9
3809
-1064
686
4521093
38
-12
-9
3782
-1056
667
4522118
34
-6
-11
3789
-1074
650
4523143
47
1
-15
3805
-1106
630
4524168
76
6
-21
3821
-1104
618
4525193
94
15
-28
3836
-1103
609
4526218
94
28
-30
3839
-1092
590
4527243
76
38
-25
3840
-1075
574
4528268
46
46
-12
3860
-1078
552
4529293
20
49
6
3886
-1087
536
4530318
6
51
24
3865
-1086
536
4523136
6
45
46
3822
-1066
526
4524161
2
34
75
3754
-1029
473
4525186
-19
14
109
3691
-1009
427
4526211
-24
-27
127
3706
-1024
411
4527236
15
-74
113
3720
-1037
440
4528261
91
-119
71
3722
-1041
487
4529286
162
-148
16
3723
-1019
514
4530311
206
-164
-32
3739
-989
524
4531336
207
-167
-57
3769
-979
557
4532361
188
-162
-60
3767
-986
600
4533386
166
-153
-55
3745
-998
651
4534411
143
-143
-51
3771
-1015
659
4535436
113
-124
-46
3839
-1016
660
4536461
78
-99
-39
3868
-1038
650
4537486
63
-75
-33
3881
-1066
637
4538511
59
-55
-32
3893
-1073
639
4531421
60
-36
-29
3884
-1094
647
4532446
62
-18
-24
3865
-1083
632
4533471
54
-3
-9
3828
-1086
595
4534496
59
5
12
3795
-1087
570
4535521
91
5
28
3789
-1089
540
4536546
128
7
32
3806
-1036
514
4537571
132
16
30
3798
-1009
499
4538596
108
20
29
3787
-978
492
4539621
63
20
31
3798
-983
477
4540646
24
20
36
3820
-1014
463
4541671
9
18
40
3798
-1029
457
4542696
7
9
41
3803
-1020
457
4543721
4
3
44
3806
-1008
448
4544746
-4
-5
47
3823
-1015
466
4545771
-11
-10
44
3820
-1000
488
4546796
-20
-16
36
3811
-993
508
4539519
-25
-21
28
3803
-998
529
4540544
-32
-26
21
3802
-1000
548
4541569
-35
-30
14
3787
-1007
565
4542594
-29
-37
4
3827
-1040
574
4543619
-19
-37
-6
3834
-1056
569
4544644
-9
-36
-14
3824
-1069
587
4545669
2
-36
-16
3823
-1090
580
4546694
13
-34
-11
3820
-1086
576
4547719
16
-31
-3
3825
-1094
558
4548744
18
-27
2
3819
-1103
543
4549769
18
-23
8
3803
-1097
527
4550794
-4
-21
18
3822
-1096
525
4551819
-52
-17
32
3829
-1105
478
4552844
-97
-23
42
3855
-1082
431
4553869
-129
-29
45
3869
-1045
404
4554894
-125
-31
45
3795
-1061
419
4547712
-79
-46
45
3735
-1076
381
4548737
-40
-57
38
3726
-1075
344
4549762
38
-59
27
3773
-1066
312
4550787
47
-40
15
3734
-967
313
4551812
-60
-21
16
3722
-958
316
4552837
-174
-21
15
3723
-958
348
4553862
-247
-33
9
3745
-1025
459
4554887
-246
-49
-6
3826
-1096
615
4555912
-203
-40
-13
3858
-1064
753
4556937
-180
-20
-6
3861
-1039
765
4557962
-160
-2
9
3874
-1062
710
4558987
-140
7
22
3869
-1064
615
4560012
-124
8
33
3849
-1101
461
4561037
-101
13
21
3809
-1123
329
4562062
-76
8
10
3793
-1095
288
4563087
-76
-3
7
3782
-1091
289
4555907
-85
-9
0
3800
-1105
336
4556932
-93
-10
-8
3788
-1132
406
4557957
-93
-19
-2
3747
-1103
429
4558982
-106
-31
9
3738
-1088
460
4560007
-135
-39
10
3771
-1129
483
4561032
-149
-33
-10
3784
-1186
504
4562057
-128
-33
-26
3752
-1194
551
4563082
-101
-42
-34
3795
-1209
566
4564107
-74
-32
-41
3817
-1232
590
4565132
-34
-35
-25
3832
-1245
555
4566157
29
-43
-4
3871
-1226
478
4567182
84
-41
11
3842
-1178
421
4568207
113
-45
14
3844
-1154
393
4569232
129
-49
15
3827
-1117
388
4570257
130
-53
19
3788
-1087
358
4571282
126
-55
14
3785
-1085
347
4564096
119
-54
1
3779
-1078
374
4565121
104
-56
-10
3786
-1055
412
4566146
87
-57
-13
3785
-1071
450
4567171
93
-58
-13
3809
-1079
467
4568196
109
-53
-17
3825
-1070
451
4569221
117
-47
-16
3824
-1067
421
4570246
115
-44
-13
3814
-1058
404
4571271
101
-45
-5
3811
-1059
382
4572296
89
-47
-1
3815
-1067
356
4573321
83
-47
4
3836
-1087
339
4574346
89
-44
6
3823
-1080
368
4575371
88
-39
13
3810
-1069
368
4576396
86
-36
21
3802
-1058
361
4577421
87
-34
24
3791
-1043
380
4578446
84
-33
21
3807
-1021
366
4579471
67
-27
16
3816
-1008
356
4572288
43
-25
14
3822
-1015
350
4573313
29
-24
12
3833
-1043
354
4574338
38
-25
9
3820
-1053
380
4575363
51
-29
8
3817
-1059
382
4576388
58
-27
9
3822
-1062
391
4577413
57
-23
10
3821
-1064
382
4578438
60
-20
10
3824
-1078
375
4579463
72
-21
7
3790
-1053
382
4580488
78
-22
5
3795
-1048
378
4581513
67
-18
7
3803
-1044
371
4582538
50
-13
13
3805
-1050
375
4583563
42
-12
15
3815
-1073
371
4584588
47
-10
14
3843
-1065
359
4585613
45
-6
17
3838
-1063
352
4586638
42
-6
20
3822
-1074
355
4587663
44
-7
23
3810
-1071
363
4580480
46
-11
23
3814
-1075
350
4581505
59
-13
16
3813
-1077
358
4582530
67
-16
8
3803
-1067
378
4583555
60
-18
7
3804
-1067
382
4584580
55
-17
8
3811
-1077
373
4585605
56
-17
6
3811
-1068
372
4586630
58
-17
4
3814
-1073
362
4587655
60
-16
4
3820
-1068
347
4588680
50
-14
5
3822
-1062
346
4589705
35
-12
7
3818
-1077
328
4590730
33
-13
7
3810
-1080
323
4591755
39
-17
6
3820
-1079
339
4592780
37
-20
7
3836
-1079
343
4593805
28
-18
9
3833
-1078
363
4594830
22
-15
8
3832
-1074
370
4595855
21
-12
9
3831
-1075
376
4588672
26
-10
12
3807
-1073
364
4589697
26
-8
14
3811
-1050
365
4590722
16
-5
15
3815
-1033
357
4591747
-4
-1
17
3816
-1034
330
4592772
-24
1
16
3796
-1049
321
4593797
-28
-2
10
3786
-1080
318
4594822
-14
-4
4
3770
-1116
327
4595847
3
-8
-3
3794
-1153
333
4596872
21
-8
-11
3790
-1180
355
4597897
36
-10
-13
3792
-1188
363
4598922
53
-12
-3
3805
-1192
361
4599947
81
-14
8
3808
-1161
364
4600972
107
-19
17
3830
-1119
373
4601997
120
-18
27
3843
-1057
387
4603022
103
-13
38
3839
-1005
392
4604047
69
-9
43
3826
-1004
380
4596864
42
-5
39
3809
-1018
369
4597889
40
-4
29
3786
-1037
354
4598914
34
-5
16
3785
-1031
360
4599939
1
-3
13
3794
-1074
379
4600964
-19
-3
10
3786
-1131
365
4601989
-4
-7
6
3782
-1164
347
4603014
25
-11
6
3799
-1148
360
4604039
35
-12
11
3806
-1127
376
4605064
34
-16
15
3812
-1113
379
4606089
32
-18
16
3823
-1112
387
4607114
29
-18
16
3839
-1105
389
4608139
24
-16
13
3818
-1093
381
4609164
16
-15
13
3807
-1087
375
4610189
4
-14
16
3788
-1088
361
4611214
-9
-14
17
3791
-1079
316
4612239
-14
-14
18
3780
-1069
315
4605213
-18
-24
17
3800
-1072
356
4606238
-22
-31
15
3818
-1103
396
4607263
-8
-27
12
3792
-1119
410
4608288
11
-20
7
3792
-1120
398
4609313
20
-14
0
3797
-1118
375
4610338
17
-14
-5
3790
-1122
371
4611363
4
-15
-4
3798
-1134
364
4612388
-4
-13
2
3822
-1148
358
4613413
-3
-8
10
3828
-1151
341
4614438
7
-8
12
3846
-1137
335
4615463
19
-8
13
3821
-1104
356
4616488
17
-12
15
3804
-1089
369
4617513
7
-9
17
3811
-1075
385
4618538
-6
-1
15
3808
-1068
396
4619563
-24
5
13
3790
-1077
387
4620588
-42
9
11
3777
-1103
373
4613249
-46
8
9
3779
-1126
350
4614274
-33
5
7
3813
-1154
352
4615299
-15
5
6
3807
-1154
349
4616324
-4
1
4
3794
-1151
351
4617349
1
-3
6
3797
-1168
363
4618374
17
-6
7
3796
-1153
375
4619399
32
-9
6
3790
-1149
395
4620424
42
-9
5
3799
-1127
393
4621449
41
-10
6
3813
-1105
375
4622474
36
-10
8
3800
-1097
374
4623499
27
-10
9
3796
-1091
381
4624524
11
-8
10
3799
-1089
368
4625549
-5
-6
10
3802
-1104
350
4626574
-8
-6
10
3810
-1124
330
4627599
-5
-9
8
3790
-1126
349
4628624
-4
-14
9
3786
-1132
352
4621440
-7
-13
9
3788
-1146
355
4622465
-2
-12
9
3789
-1131
356
4623490
-3
-12
10
3790
-1136
369
4624515
0
-14
11
3806
-1141
370
4625540
8
-14
9
3808
-1143
361
4626565
17
-12
6
3804
-1126
359
4627590
20
-11
4
3800
-1112
350
4628615
18
-13
4
3811
-1101
343
4629640
14
-16
6
3796
-1077
342
4630665
10
-17
5
3797
-1074
342
4631690
9
-17
1
3792
-1071
358
4632715
-4
-15
-4
3823
-1085
340
4633740
-20
-11
-10
3827
-1115
342
4634765
-25
-13
-16
3812
-1137
337
4635790
-18
-13
-14
3784
-1140
334
4636815
-11
-14
-8
3768
-1123
332
4629631
-5
-16
-1
3787
-1139
345
4630656
-1
-16
-2
3805
-1118
349
4631681
-16
-11
-2
3807
-1125
345
4632706
-28
-7
0
3806
-1143
333
4633731
-26
-3
2
3804
-1144
322
4634756
-15
-5
4
3808
-1137
325
4635781
-5
-8
4
3826
-1136
331
4636806
-2
-6
4
3811
-1111
335
4637831
-14
-2
6
3786
-1082
324
4638856
-28
-4
6
3774
-1102
324
4639881
-27
-8
4
3783
-1101
341
4640906
-30
-8
3
3796
-1121
354
4641931
-34
-5
1
3820
-1127
347
4642956
-45
4
2
3817
-1138
322
4643981
-47
7
2
3808
-1146
293
4645006
-41
5
6
3793
-1167
292
4637824
-28
1
11
3785
-1160
299
4638849
-19
-1
15
3799
-1160
333
4639874
-15
-2
20
3806
-1148
345
4640899
-18
1
23
3813
-1134
353
4641924
-24
5
21
3812
-1133
341
4642949
-24
9
16
3801
-1131
337
4643974
-25
11
13
3790
-1125
317
4644999
-28
10
13
3782
-1131
297
4646024
-27
9
11
3783
-1136
295
4647049
-22
4
8
3801
-1143
299
4648074
-17
0
5
3811
-1141
311
4649099
-15
-2
3
3792
-1148
324
4650124
-4
-4
0
3785
-1152
343
4651149
7
-7
-5
3820
-1141
346
4652174
9
-4
-9
3831
-1155
349
4653199
11
-2
-12
3811
-1135
356
4646016
12
-3
-11
3806
-1125
338
4647041
14
-2
-6
3799
-1112
342
4648066
11
-3
-3
3806
-1103
335
4649091
8
-4
-1
3813
-1092
319
4650116
4
-5
-1
3813
-1080
324
4651141
-1
-8
-1
3815
-1090
324
4652166
1
-10
-2
3807
-1095
333
4653191
7
-10
-2
3791
-1097
349
4654216
7
-8
-3
3785
-1096
355
4655241
5
-6
-5
3791
-1103
350
4656266
1
-8
-3
3815
-1114
349
4657291
-4
-5
0
3810
-1116
331
4658316
-8
-3
4
3801
-1120
314
4659341
-8
-3
8
3796
-1119
299
4660366
-5
-4
11
3817
-1107
294
4661391
-10
-3
13
3807
-1095
324
4654208
-25
-6
16
3798
-1091
358
4655233
-32
-8
16
3801
-1116
366
4656258
-21
-7
13
3792
-1112
370
4657283
-12
-4
9
3781
-1129
362
4658308
-1
-3
1
3794
-1144
347
4659333
4
-3
-1
3802
-1151
328
4660358
7
-5
4
3807
-1159
304
4661383
20
-7
9
3813
-1146
301
4662408
34
-9
14
3805
-1118
310
4663433
38
-10
15
3807
-1082
324
4664458
25
-6
13
3807
-1065
314
4665483
4
-6
10
3819
-1062
313
4666508
-17
-4
8
3806
-1069
332
4667533
-35
-3
9
3776
-1094
341
4668558
-36
-3
8
3779
-1119
339
4669583
-22
-3
4
3785
-1119
348
4662400
-21
-3
-5
3817
-1135
341
4663425
-19
-2
-12
3815
-1159
326
4664450
-9
-5
-18
3813
-1148
298
4665475
0
-6
-15
3815
-1103
294
4666500
0
-10
-8
3827
-1055
332
4667525
-16
-13
-6
3833
-1043
353
4668550
-21
-10
-12
3797
-1033
340
4669575
-28
-8
-25
3777
-1047
317
4670600
-45
-9
-39
3782
-1090
312
4671625
-61
-10
-42
3786
-1132
314
4672650
-72
-13
-39
3809
-1181
323
4673675
-68
-16
-34
3819
-1204
321
4674700
-38
-17
-28
3813
-1206
325
4675725
-14
-16
-19
3814
-1175
321
4676750
-6
-14
-9
3792
-1147
318
4677775
