Device = VHR-0009
time_stamp = 1777360626043
sample_rate = 50
Data format = INT16
TYPE = 6-AXIS IMU RAW DATA
-6
-1
33
-4154
573
602
10593408
-25
-3
28
-4158
589
611
10594433
-51
-10
20
-4142
597
628
10595458
-74
-14
13
-4111
569
611
10596483
-69
-9
10
-4110
590
582
10597508
-68
-4
9
-4115
578
551
10598533
-56
1
6
-4133
554
566
10599558
-49
3
3
-4158
547
572
10600583
-39
4
0
-4174
551
562
10601608
-40
7
-3
-4174
546
574
10602633
-37
8
-2
-4152
502
588
10603658
-14
8
2
-4136
512
589
10604683
4
9
3
-4149
530
554
10605708
7
8
-4
-4143
567
546
10606733
2
5
-8
-4128
568
583
10607758
20
2
-4
-4151
583
576
10608783
35
-1
-1
-4161
603
545
10601601
32
-2
1
-4179
597
574
10602626
12
-4
0
-4140
581
612
10603651
-9
-8
0
-4097
512
619
10604676
1
-3
3
-4111
507
591
10605701
17
1
4
-4153
590
571
10606726
3
-2
-3
-4173
631
540
10607751
-10
-5
-2
-4135
591
545
10608776
6
-4
10
-4122
542
597
10609801
21
-4
14
-4162
551
608
10610826
7
-11
6
-4202
637
590
10611851
-40
-26
2
-4178
655
584
10612876
-75
-40
1
-4142
524
606
10613901
-44
-33
2
-4106
426
605
10614926
5
-20
16
-4137
507
578
10615951
22
-17
14
-4158
548
537
10616976
6
-4
10
-4122
542
597
10609801
21
-4
14
-4162
551
608
10610826
7
-11
6
-4202
637
590
10611851
-40
-26
2
-4178
655
584
10612876
-75
-40
1
-4142
524
606
10613901
-44
-33
2
-4106
426
605
10614926
5
-20
16
-4137
507
578
10615951
22
-17
14
-4158
548
537
10616976
25
-17
9
-4130
565
572
10609793
28
-16
14
-4132
543
579
10610818
40
-8
4
-4133
483
546
10611843
72
4
1
-4156
561
568
10612868
72
1
8
-4165
628
597
10613893
40
-8
4
-4132
598
610
10614918
15
-8
4
-4112
554
602
10615943
25
-4
12
-4123
560
608
10616968
35
1
10
-4140
609
614
10617993
18
-3
2
-4164
626
564
10619018
-4
-6
0
-4144
613
545
10620043
-17
-1
4
-4149
581
600
10621068
-28
0
0
-4134
536
622
10622093
-27
5
-3
-4132
539
609
10623118
-30
8
6
-4143
582
579
10624143
-49
4
13
-4135
547
566
10625168
-38
3
15
-4123
524
549
10617984
0
3
18
-4105
537
534
10619009
40
7
19
-4123
536
533
10620034
71
12
14
-4153
557
545
10621059
69
9
11
-4161
590
562
10622084
46
7
8
-4135
576
595
10623109
29
7
8
-4125
558
624
10624134
16
8
7
-4140
579
632
10625159
-10
4
4
-4152
620
607
10626184
-45
-6
10
-4151
648
590
10627209
-62
-8
13
-4143
564
553
10628234
-40
2
5
-4154
556
525
10629259
-20
9
10
-4160
574
552
10630284
-30
10
11
-4146
563
605
10631309
-53
10
4
-4142
538
640
10632334
-53
10
-6
-4128
520
629
10633359
-44
5
-14
-4131
556
620
10626176
-50
1
-15
-4160
594
582
10627201
-67
-4
-14
-4155
633
571
10628226
-93
-12
-10
-4178
617
551
10629251
-95
-14
-8
-4204
551
527
10630276
-71
-9
-4
-4202
545
545
10631301
-64
-4
-8
-4183
520
564
10632326
-68
1
-11
-4133
511
606
10633351
-74
7
-6
-4115
490
612
10634376
-68
12
-1
-4115
504
579
10635401
-62
15
0
-4137
577
556
10636426
-70
13
-1
-4128
590
545
10637451
-65
11
-1
-4110
565
549
10638476
-53
8
5
-4151
562
553
10639501
-44
3
5
-4160
557
560
10640526
-42
1
4
-4156
546
578
10641551
-42
-1
9
-4170
532
593
10634368
-40
-3
11
-4147
525
598
10635393
-56
-1
14
-4136
528
577
10636418
-67
2
14
-4153
525
570
10637443
-57
0
14
-4149
534
558
10638468
-44
-1
13
-4140
543
536
10639493
-42
0
9
-4138
560
534
10640518
-41
1
12
-4149
575
556
10641543
-39
-1
16
-4150
530
553
10642568
-28
-1
15
-4151
530
564
10643593
-28
-1
15
-4172
584
598
10644618
-60
-5
11
-4188
579
605
10645643
-81
-11
10
-4165
548
585
10646668
-70
-8
18
-4113
545
574
10647693
-58
-2
23
-4114
554
593
10648718
-58
1
17
-4149
576
578
10649743
-67
1
10
-4148
603
559
10642560
-84
0
10
-4140
614
569
10643585
-94
-3
15
-4091
591
575
10644610
-100
6
19
-4076
559
541
10645635
-100
23
16
-4120
601
499
10646660
-120
39
5
-4148
686
494
10647685
-139
53
0
-4128
702
509
10648710
-141
71
9
-4101
726
543
10649735
-145
89
22
-4096
745
574
10650760
-146
105
19
-4082
771
579
10651785
-143
116
12
-4083
802
606
10652810
-124
119
10
-4165
819
622
10653835
-92
119
16
-4179
814
674
10654860
-30
125
34
-4025
971
634
10655885
-1
136
63
-3991
1067
678
10656910
-62
130
80
-4005
1205
765
10657935
-232
83
84
-4004
1210
769
10650752
-400
22
68
-3999
1014
721
10651777
-434
-16
36
-3920
940
721
10652802
-401
-28
49
-3771
1104
832
10653827
-452
-29
97
-3859
1251
1035
10654852
-577
-67
154
-3943
1175
1059
10655877
-667
-104
217
-3908
1088
1042
10656902
-698
-128
279
-4006
1126
1112
10657927
-697
-167
314
-4386
1146
1184
10658952
-666
-227
304
-4690
1182
1193
10659977
-586
-290
281
-4721
1151
1132
10661002
-446
-316
278
-4474
1131
1063
10662027
-339
-302
347
-4256
1204
1110
10663052
-382
-276
441
-4244
1218
1130
10664077
-508
-245
496
-4194
1162
1134
10665102
-569
-212
520
-3986
1034
1175
10666127
-488
-170
544
-3670
1074
1250
10658944
-414
-128
576
-3539
1227
1386
10659969
-415
-132
594
-3576
1181
1462
10660994
-369
-183
591
-3576
1199
1391
10662019
-331
-237
571
-3507
1371
1259
10663044
-377
-266
532
-3507
1515
1289
10664069
-402
-305
500
-3579
1465
1424
10665094
-301
-369
487
-3580
1299
1401
10666119
-109
-412
496
-3493
1276
1238
10667144
67
-407
525
-3440
1378
1217
10668169
147
-384
559
-3426
1412
1230
10669194
151
-354
596
-3388
1373
1156
10670219
159
-300
638
-3336
1309
1060
10671244
188
-226
671
-3322
1252
987
10672269
221
-155
703
-3384
1178
942
10673294
254
-93
751
-3469
1053
838
10674319
278
-56
810
-3517
817
554
10667136
358
-20
863
-3670
468
170
10668161
534
33
881
-3932
128
-87
10669186
694
99
786
-4288
-268
-191
10670211
885
171
510
-5233
-235
-208
10671236
1052
234
113
-6043
394
-119
10672261
1042
323
-368
-6390
666
28
10673286
980
416
-916
-6133
295
148
10674311
1026
527
-1347
-5641
439
311
10675336
1007
609
-1487
-5074
629
606
10676361
924
659
-1496
-4313
346
824
10677386
960
666
-1446
-3890
279
998
10678411
926
576
-1399
-4064
596
974
10679436
761
389
-1497
-4312
720
615
10680461
736
207
-1717
-4430
843
203
10681486
1001
88
-1874
-4646
787
-210
10682511
1475
46
-1963
-4610
603
-481
10675327
1973
77
-1989
-4600
804
-439
10676352
2146
112
-1957
-4639
1196
-239
10677377
1969
135
-1879
-4501
1039
-229
10678402
1801
192
-1772
-4406
1038
-295
10679427
1534
257
-1664
-4374
1102
-420
10680452
1199
324
-1586
-4366
1037
-529
10681477
951
408
-1531
-4236
1109
-471
10682502
712
490
-1481
-4083
1275
-281
10683527
478
540
-1429
-4013
1335
-16
10684552
255
552
-1375
-4015
1298
147
10685577
81
533
-1307
-4005
1250
192
10686602
19
507
-1204
-3898
1253
191
10687627
26
492
-1069
-3767
1360
328
10688652
-5
470
-907
-3698
1329
525
10689677
-19
424
-723
-3808
1299
722
10690702
-16
345
-555
-4080
1310
741
10683520
-58
245
-417
-4250
1407
709
10684545
-121
151
-262
-4375
1402
685
10685570
-127
59
-90
-4661
1127
639
10686595
-141
-27
40
-4896
1015
646
10687620
-294
-112
164
-5058
1060
698
10688645
-494
-204
305
-5072
951
796
10689670
-717
-309
439
-5302
688
832
10690695
-841
-440
601
-6038
567
798
10691720
-908
-601
744
-6474
522
640
10692745
-962
-730
862
-6310
418
495
10693770
-938
-805
1030
-5031
224
640
10694795
-914
-827
1300
-3633
-81
731
10695820
-988
-830
1663
-3516
-12
770
10696845
-1188
-933
1956
-4306
228
577
10697870
-1365
-1146
2105
-5103
394
174
10698895
-1412
-1363
2159
-5350
393
-35
10691712
-1277
-1508
2173
-5303
371
-10
10692737
-916
-1604
2198
-5254
491
126
10693762
-478
-1678
2277
-5373
588
202
10694787
-71
-1712
2371
-5255
533
22
10695812
298
-1650
2417
-4947
662
-152
10696837
406
-1494
2447
-4643
911
-179
10697862
349
-1311
2492
-4652
901
-72
10698887
252
-1163
2506
-4695
707
-23
10699912
216
-1030
2491
-4400
398
-77
10700937
272
-856
2443
-4074
360
-165
10701962
251
-629
2340
-3813
423
-87
10702987
197
-407
2234
-3598
600
112
10704012
57
-229
2122
-3403
550
250
10705037
-135
-80
1952
-3100
257
243
10706062
-270
72
1711
-2687
-103
220
10707087
-315
239
1419
-2390
-63
316
10699903
-423
404
1119
-2389
217
523
10700928
-583
526
805
-2568
180
669
10701953
-630
606
426
-2910
102
690
10702978
-526
641
33
-3303
156
650
10704003
-257
657
-335
-3675
231
603
10705028
105
685
-758
-4119
247
445
10706053
596
732
-1240
-5149
325
191
10707078
929
753
-1852
-6277
748
52
10708103
912
808
-2524
-6750
1120
176
10709128
699
833
-3173
-6521
1433
542
10710153
644
789
-3470
-5796
1345
662
10711178
877
754
-3402
-5626
1175
703
10712203
976
710
-3240
-6123
1017
692
10713228
863
662
-3154
-6633
1098
513
10714253
689
643
-3110
-6473
1443
212
10715278
586
678
-3006
-5745
1568
136
10708096
574
769
-2791
-5276
1774
244
10709121
304
830
-2458
-4916
1700
349
10710146
-165
880
-2179
-4561
1293
392
10711171
-495
903
-1939
-4212
1182
425
10712196
-669
895
-1641
-4153
1218
283
10713221
-728
858
-1380
-4055
1144
221
10714246
-635
798
-1160
-3869
987
231
10715271
-378
711
-987
-3779
945
277
10716296
-51
594
-868
-3794
947
356
10717321
265
447
-801
-3693
1041
382
10718346
490
300
-766
-3589
1056
321
10719371
667
173
-742
-3472
1062
276
10720396
811
77
-698
-3295
1166
361
10721421
878
0
-603
-3359
1231
408
10722446
831
-67
-517
-3521
1280
369
10723471
697
-114
-419
-3684
1367
354
10716288
509
-143
-306
-3981
1384
407
10717313
337
-180
-180
-4385
1232
452
10718338
209
-220
-49
-4836
1184
444
10719363
105
-259
119
-5088
1101
405
10720388
54
-290
301
-4962
789
541
10721413
2
-309
462
-5247
552
891
10722438
-195
-376
552
-6137
753
1229
10723463
-552
-524
556
-6575
1081
1248
10724488
-953
-648
575
-6606
1170
845
10725513
-1192
-699
722
-5547
784
639
10726538
-1203
-664
1029
-4005
69
748
10727563
-1108
-577
1531
-3492
263
1127
10728588
-1322
-555
2046
-4046
626
1244
10729613
-1844
-707
2330
-5041
243
715
10730638
-1911
-956
2456
-5449
-27
52
10731663
-1542
-1144
2582
-4946
154
-141
10724479
-1041
-1216
2657
-4403
342
-99
10725504
-596
-1221
2648
-4328
590
77
10726529
-304
-1230
2624
-4454
758
159
10727554
-294
-1241
2488
-4445
670
67
10728579
-300
-1233
2283
-4271
625
-122
10729604
-178
-1187
2038
-4070
867
-174
10730629
-88
-1107
1824
-4064
1076
-192
10731654
-40
-989
1685
-4176
994
-259
10732679
50
-834
1562
-4144
830
-164
10733704
178
-661
1487
-4016
682
13
10734729
306
-461
1429
-3800
715
59
10735754
280
-231
1335
-3643
898
131
10736779
33
-23
1193
-3453
1025
340
10737804
-297
123
1032
-3235
932
546
10738829
-532
218
885
-2951
812
550
10739854
-667
289
743
-2738
780
469
10732673
-659
359
600
-2813
860
499
10733698
-607
409
416
-3182
1049
552
10734723
-585
429
202
-3509
1193
548
10735748
-530
444
-6
-3661
1230
507
10736773
-315
467
-178
-3926
1259
538
10737798
29
486
-364
-4741
1384
503
10738823
346
522
-591
-5477
1758
485
10739848
497
611
-828
-5617
1995
674
10740873
506
711
-1057
-4690
2211
963
10741898
423
797
-1105
-3670
2082
1092
10742923
359
882
-989
-3452
1673
1060
10743948
261
958
-917
-3861
1748
1071
10744973
-80
972
-986
-4069
2179
1041
10745998
-674
978
-1233
-3988
2336
942
10747023
-1160
1021
-1504
-3784
2302
838
10748048
-1382
1076
-1624
-3670
2017
922
10740865
-1474
1093
-1623
-3775
1813
1153
10741890
-1526
1014
-1502
-3838
1735
1195
10742915
-1467
886
-1262
-3742
1594
1032
10743940
-1348
780
-944
-3555
1468
768
10744965
-1183
710
-587
-3706
1164
554
10745990
-947
664
-283
-3949
764
393
10747015
-744
650
-119
-3935
464
241
10748040
-563
649
-68
-3847
379
254
10749065
-455
611
-113
-3882
433
253
10750090
-432
536
-224
-4061
460
82
10751115
-391
467
-386
-4200
320
-216
10752140
-190
436
-577
-4280
90
-374
10753165
144
430
-753
-4165
131
-284
10754190
403
433
-882
-4009
300
-118
10755215
496
427
-974
-4031
386
-99
10756240
531
406
-1033
-4495
371
-184
10749057
529
360
-1076
-5102
345
-414
10750082
448
324
-1141
-5720
151
-770
10751107
505
318
-1224
-5948
7
-1033
10752132
713
346
-1245
-5911
-112
-1156
10753157
955
439
-1261
-6408
-413
-1205
10754182
921
573
-1419
-6982
-325
-728
10755207
619
651
-1569
-6806
242
-138
10756232
53
690
-1579
-4776
415
517
10757257
-654
714
-1386
-2706
-509
923
10758282
-729
651
-984
-2278
-1886
767
10759307
17
461
-592
-2972
-2376
484
10760332
837
156
-530
-3465
-1284
102
10761357
1126
-102
-638
-3497
-162
-342
10762382
1194
-220
-755
-3408
-420
-577
10763407
1605
-244
-798
-3424
-760
-494
10764432
2221
-232
-681
-3466
-7
-219
10757248
2345
-214
-503
-3478
641
148
10758273
1979
-204
-358
-3518
561
332
10759298
1728
-187
-227
-3593
382
382
10760323
1761
-143
-73
-3540
566
440
10761348
1786
-66
74
-3487
783
541
10762373
1622
36
181
-3532
1013
628
10763398
1271
151
271
-3684
1068
592
10764423
909
274
386
-3771
1076
603
10765448
477
391
494
-3756
1074
691
10766473
-3
481
610
-3711
938
807
10767498
-348
540
736
-3742
607
798
10768523
-454
579
831
-3674
427
886
10769548
-457
595
913
-3599
348
1021
10770573
-471
564
956
-3816
124
1105
10771598
-411
472
965
-4386
-35
1079
10772623
-346
330
939
-4954
24
890
10765439
-287
179
913
-5304
-85
539
10766464
-133
64
913
-5972
-339
397
10767489
84
-38
918
-7207
-73
413
10768514
113
-170
897
-7750
476
596
10769539
-162
-341
896
-7063
446
533
10770564
-414
-447
942
-5024
-145
268
10771589
-467
-409
1200
-3507
-392
412
10772614
-410
-358
1542
-3316
-416
626
10773639
-294
-375
1748
-4234
-253
678
10774664
-185
-494
1814
-5090
303
288
10775689
-297
-554
1815
-5283
764
-125
10776714
-546
-527
1813
-5333
891
-168
10777739
-737
-522
1888
-5917
632
-383
10778764
-861
-493
1996
-5698
517
-459
10779789
-978
-419
2101
-4905
499
-324
10780814
-1061
-336
2174
-4400
557
-84
10773632
-1207
-295
2186
-4336
678
207
10774657
-1312
-327
2151
-4193
508
152
10775682
-1255
-348
2048
-3808
481
-43
10776707
-1144
-337
1904
-3473
481
-151
10777732
-1073
-309
1688
-3250
544
-139
10778757
-1085
-283
1397
-3163
533
-74
10779782
-1026
-275
1053
-3081
368
-42
10780807
-811
-264
684
-2963
338
6
10781832
-550
-239
334
-2957
409
66
10782857
-303
-217
20
-2935
390
74
10783882
-43
-189
-248
-2882
363
71
10784907
234
-148
-459
-3041
434
93
10785932
417
-118
-684
-3429
463
122
10786957
553
-103
-950
-3999
458
86
10787982
750
-111
-1264
-4478
441
-59
10789007
990
-86
-1621
-4769
509
-235
10781824
1215
-50
-1977
-5323
536
-299
10782849
1470
-14
-2324
-6507
337
-595
10783874
1797
86
-2679
-7612
489
-1043
10784899
1870
321
-3054
-7632
986
-1035
10785924
1352
646
-3333
-6080
1455
-182
10786949
462
910
-3235
-4460
1293
1071
10787974
-29
917
-2702
-4406
131
1410
10788999
-39
656
-2226
-5515
-1413
311
10790024
213
292
-2146
-5471
-1171
-829
10791049
693
160
-2124
-4906
336
-1346
10792074
1252
221
-2052
-4616
623
-1300
10793099
1941
288
-2065
-4242
163
-777
10794124
2567
316
-2000
-4111
378
-247
10795149
2795
261
-1846
-4044
726
-4
10796174
2719
211
-1740
-3889
758
-73
10797199
2504
229
-1683
-3704
913
-196
10790285
2247
319
-1598
-3589
1052
-221
10791310
2062
439
-1504
-3656
1293
-106
10792335
1873
547
-1391
-3757
1454
87
10793360
1652
632
-1263
-3800
1528
279
10794385
1315
696
-1161
-3926
1640
439
10795410
931
749
-1038
-4069
1693
587
10796435
652
793
-844
-4145
1820
800
10797460
441
811
-607
-3952
1499
953
10798485
479
834
-355
-3747
1123
1131
10799510
587
843
-90
-3619
1237
1353
10800535
500
818
196
-3726
1204
1596
10801560
252
753
450
-4159
1058
1859
10802585
-40
615
675
-4553
882
1893
10803610
-253
436
875
-4800
596
1761
10804635
-392
253
1069
-5711
612
1809
10805660
-611
34
1260
-6812
1060
1827
10798208
-1004
-266
1446
-7194
879
1691
10799233
-1258
-621
1662
-6127
-555
958
10800258
-943
-794
1942
-4747
-959
430
10801283
-573
-769
2319
-4664
-125
536
10802308
-815
-770
2602
-5856
702
675
10803333
-1240
-890
2831
-7155
790
205
10804358
-1579
-974
2934
-7184
284
-296
10805383
-1795
-956
2906
-6169
285
-329
10806408
-2050
-918
2895
-5501
634
-130
10807433
-2323
-951
2863
-5660
529
-8
10808458
-2343
-1053
2771
-5261
352
-135
10809483
-2136
-1103
2672
-4664
381
-250
10810508
-1653
-1102
2609
-4266
553
-333
10811533
-1440
-1063
2446
-4282
723
-285
10812558
-1511
-1062
2235
-4361
713
-322
10813583
-1623
-1078
1975
-4221
667
-411
10806400
-1636
-1059
1710
-4126
606
-446
10807425
-1562
-1009
1459
-4068
568
-383
10808450
-1418
-930
1244
-3930
440
-277
10809475
-1187
-829
1068
-3647
358
-178
10810500
-904
-709
931
-3385
242
-59
10811525
-660
-561
803
-3171
157
3
10812550
-491
-388
646
-3065
-3
50
10813575
-388
-214
421
-3269
-43
144
10814600
-350
-69
121
-3694
-116
164
10815625
-360
64
-246
-3913
-209
59
10816650
-299
221
-636
-4037
-407
-93
10817675
-26
406
-1017
-4301
-627
-220
10818700
435
586
-1407
-5279
-548
-422
10819725
848
732
-1814
-6210
-378
-730
10820750
1150
913
-2230
-6414
-107
-834
10821775
1342
1139
-2594
-5706
256
-637
10814591
1353
1332
-2721
-4821
516
-203
10815616
1391
1476
-2582
-4483
309
184
10816641
1483
1583
-2371
-5114
297
468
10817666
1221
1562
-2245
-5878
372
593
10818691
785
1422
-2297
-5746
482
536
10819716
671
1308
-2361
-5277
763
256
10820741
820
1253
-2365
-4889
901
104
10821766
1071
1237
-2364
-4766
942
250
10822791
1328
1196
-2325
-4776
863
517
10823816
1611
1103
-2265
-4741
851
664
10824841
1846
989
-2214
-4668
997
582
10825866
1936
914
-2148
-4699
1250
475
10826891
1895
883
-2076
-4675
1458
543
10827916
1746
887
-1995
-4677
1466
634
10828941
1579
902
-1882
-4819
1457
718
10829966
1372
912
-1707
-4798
1627
842
10822784
1069
906
-1469
-4600
1565
1002
10823809
724
887
-1213
-4422
1283
1183
10824834
452
844
-920
-4243
1065
1298
10825859
325
777
-608
-3991
943
1344
10826884
295
701
-295
-3615
664
1408
10827909
389
620
-23
-3475
371
1585
10828934
570
500
201
-3612
457
1849
10829959
626
324
405
-3858
610
1831
10830984
550
143
554
-4163
395
1540
10832009
494
-13
682
-4663
466
1506
10833034
380
-196
869
-5802
870
1675
10834059
134
-450
1061
-6609
890
1459
10835084
-142
-686
1253
-6103
733
886
10836109
-343
-787
1487
-5043
796
530
10837134
-599
-805
1803
-4609
722
499
10838159
-806
-825
2132
-5098
733
322
10830976
-935
-832
2458
-5901
1017
73
10832001
-1171
-832
2719
-6467
1166
-113
10833026
-1574
-837
2846
-6583
988
-71
10834051
-1828
-904
2940
-6349
677
-104
10835076
-1817
-977
3009
-5990
529
-278
10836101
-1706
-1010
3038
-5766
596
-504
10837126
-1608
-1027
3041
-5683
679
-537
10838151
-1518
-1058
3050
-5352
617
-581
10839176
-1333
-1061
2990
-4971
466
-661
10840201
-1064
-1029
2882
-4796
505
-708
10841226
-905
-996
2740
-4901
548
-765
10842251
-898
-966
2546
-4493
597
-781
10843276
-970
-904
2316
-4038
592
-698
10844301
-1020
-824
2086
-3894
476
-661
10845326
-928
-738
1858
-3884
324
-711
10846351
-744
-628
1627
-3588
338
-718
10839168
-581
-476
1419
-3271
414
-622
10840193
-478
-303
1213
-3120
453
-518
10841218
-423
-138
1007
-3043
190
-448
10842243
-350
25
775
-2868
-88
-349
10843268
-284
189
481
-2881
-129
-236
10844293
-249
325
84
-3241
-75
-102
10845318
-241
432
-395
-3761
76
-61
10846343
-163
519
-899
-4070
-274
-141
10847368
162
610
-1461
-4289
-802
-38
10848393
669
683
-2058
-5220
-435
168
10849418
1041
707
-2621
-6495
328
102
10850443
1194
727
-3148
-7249
498
-90
10851468
1266
865
-3610
-6600
588
-44
10852493
1246
1082
-3766
-5464
982
628
10853518
1167
1260
-3525
-4980
1171
1479
10854543
1027
1306
-3123
-5400
957
1984
10847360
651
1085
-2797
-6103
711
1683
10848385
117
736
-2647
-5895
529
741
10849410
-63
543
-2551
-5351
777
-24
10850435
162
506
-2417
-5045
1216
-230
10851460
478
540
-2277
-4771
1249
50
10852485
801
520
-2159
-4538
1010
414
10853510
1175
453
-2029
-4442
848
504
10854535
1556
365
-1898
-4371
904
496
10855560
1703
295
-1838
-4324
1171
420
10856585
1623
277
-1807
-4268
1455
345
10857610
1458
310
-1750
-4256
1654
407
10858635
1238
359
-1667
-4216
1648
510
10859660
1014
426
-1535
-4082
1778
715
10860685
758
492
-1332
-3913
1897
974
10861710
428
524
-1105
-3725
1879
1167
10862735
130
529
-818
-3571
1710
1249
10855551
-75
530
-492
-3363
1627
1268
10856576
-249
522
-162
-3247
1556
1339
10857601
-443
488
162
-3502
1622
1512
10858626
-673
395
481
-3869
1641
1615
10859651
-856
250
777
-4214
1466
1533
10860676
-936
94
1053
-4767
1390
1334
10861701
-1022
-66
1326
-6005
1696
1349
10862726
-1268
-291
1533
-6973
1899
1304
10863751
-1569
-552
1685
-7123
1761
1002
10864776
-1768
-797
1858
-5868
1282
571
10865801
-1639
-921
2182
-4843
776
195
10866826
-1352
-915
2622
-5116
826
285
10867851
-1463
-913
2967
-6058
1202
563
10868876
-1985
-1019
3100
-6968
1218
433
10869901
-2439
-1168
3059
-7567
1088
84
10870926
-2744
-1316
2905
-7428
1010
-263
10863745
-2894
-1394
2745
-6646
932
-471
10864770
-2862
-1410
2644
-6045
717
-450
10865795
-2539
-1425
2568
-5721
551
-328
10866820
-2113
-1440
2495
-5479
537
-257
10867845
-1801
-1436
2390
-5188
515
-299
10868870
-1551
-1402
2255
-4870
531
-358
10869895
-1336
-1346
2113
-4606
606
-368
10870920
-1189
-1285
1981
-4391
592
-380
10871945
-1023
-1216
1875
-4151
543
-423
10872970
-836
-1129
1779
-3892
433
-474
10873995
-601
-1010
1689
-3646
344
-472
10875020
-357
-871
1582
-3362
279
-461
10876045
-103
-700
1476
-3069
250
-453
10877070
56
-507
1349
-2775
301
-366
10878095
58
-308
1179
-2506
159
-283
10879120
-30
-90
922
-2493
-205
-243
10871936
-105
142
534
-2699
-319
-150
10872961
-175
357
69
-2938
-103
-65
10873986
-224
558
-422
-3198
-254
-162
10875011
-81
794
-958
-3705
-471
-289
10876036
252
1040
-1485
-4471
-383
-335
10877061
670
1257
-1976
-5527
-292
-369
10878086
1136
1411
-2493
-6517
-255
-470
10879111
1538
1546
-3002
-7148
55
-582
10880136
1748
1697
-3390
-7015
720
-501
10881161
1725
1800
-3596
-6136
955
-118
10882186
1732
1896
-3515
-5657
624
293
10883211
1791
1978
-3272
-5903
679
714
10884236
1465
1942
-3054
-6534
935
1047
10885261
794
1785
-2953
-6813
1102
1073
10886286
301
1601
-2862
-6473
1044
712
10887311
322
1474
-2684
-5795
1159
474
10880128
474
1387
-2457
-5270
1246
442
10881153
703
1297
-2237
-5021
918
583
10882178
1124
1178
-2059
-4863
829
671
10883203
1545
1042
-1889
-4616
1095
631
10884228
1712
930
-1761
-4438
1267
564
10885253
1662
855
-1695
-4359
1345
641
10886278
1570
793
-1638
-4433
1501
779
10887303
1435
728
-1567
-4441
1577
808
10888328
1228
673
-1481
-4330
1550
828
10889353
1044
632
-1313
-4244
1508
908
10890378
929
596
-1057
-4073
1478
1063
10891403
847
556
-740
-3896
1317
1139
10892428
764
534
-414
-3677
1120
1207
10893453
638
512
-120
-3402
1056
1420
10894478
419
462
132
-3273
977
1583
10895503
171
374
349
-3408
1029
1741
10888320
-108
226
547
-3783
962
1719
10889345
-354
37
715
-4169
813
1554
10890370
-455
-150
902
-4633
655
1492
10891395
-404
-352
1100
-5735
897
1669
10892420
-515
-608
1273
-6574
1444
1745
10893445
-815
-916
1457
-6887
1280
1400
10894470
-850
-1215
1697
-6292
428
588
10895495
-347
-1337
2043
-5110
0
55
10896520
152
-1230
2490
-5040
832
298
10897545
-78
-1137
2886
-5844
1587
728
10898570
-802
-1167
3114
-6719
1541
728
10899595
-1439
-1236
3205
-7254
1189
441
10900620
-1891
-1310
3223
-7139
1108
81
10901645
-2355
-1380
3184
-6781
941
-180
10902670
-2575
-1428
3105
-6615
735
-248
10903695
-2389
-1467
3018
-6447
720
-224
10896513
-2015
-1507
2934
-6155
723
-279
10897538
-1629
-1528
2841
-5798
533
-415
10898563
-1177
-1506
2748
-5316
341
-509
10899588
-705
-1432
2680
-4864
343
-477
10900613
-346
-1324
2611
-4435
465
-423
10901638
-191
-1191
2529
-4039
566
-348
10902663
-162
-1030
2453
-3804
446
-352
10903688
-140
-859
2322
-3632
408
-311
10904713
-137
-695
2154
-3374
358
-241
10905738
-119
-539
1953
-3040
330
-189
10906763
-81
-385
1711
-2689
213
-147
10907788
-8
-223
1439
-2455
101
-51
10908813
2
-63
1135
-2339
-123
29
10909838
-13
104
749
-2376
-314
53
10910863
70
264
294
-2616
-184
116
10911888
155
400
-201
-3104
-65
106
10904703
173
531
-744
-3572
-352
-82
10905728
406
690
-1350
-3957
-648
-254
10906753
873
860
-1951
-4818
-270
-197
10907778
1260
959
-2559
-5963
84
-213
10908803
1469
973
-3220
-6858
-25
-364
10909828
1637
1034
-3894
-6756
159
-374
10910853
1782
1115
-4259
-6194
891
-10
10911878
1781
1169
-4267
-6202
1035
418
10912903
1771
1177
-4094
-6817
923
794
10913928
1561
1107
-3890
-7415
825
1141
10914953
1073
939
-3782
-7438
929
1270
10915978
760
716
-3682
-7048
850
813
10917003
930
567
-3506
-6521
1027
323
10918028
1150
485
-3285
-5819
1173
124
10919053
1306
436
-3090
-5262
1021
117
10920078
1533
382
-2916
-5034
1026
180
10912896
1715
320
-2730
-4973
1026
102
10913921
1824
284
-2608
-4945
1153
8
10914946
1865
286
-2524
-4901
1484
78
10915971
1751
300
-2443
-4766
1645
313
10916996
1567
311
-2365
-4592
1538
368
10918021
1459
362
-2237
-4473
1640
347
10919046
1336
443
-1995
-4273
1883
497
10920071
1080
514
-1682
-3971
1822
705
10921096
820
584
-1318
-3794
1602
916
10922121
612
633
-915
-3619
1459
1065
10923146
485
664
-509
-3445
1307
1180
10924171
411
671
-142
-3346
1246
1428
10925196
322
628
194
-3390
1265
1639
10926221
202
549
493
-3602
1225
1706
10927246
37
448
741
-3897
1019
1698
10928271
-44
335
994
-4260
945
1628
10921088
-133
209
1279
-5517
1420
1824
10922113
-508
12
1576
-6481
1769
1882
10923138
-1005
-221
1853
-6424
1343
1475
10924163
-1206
-417
2163
-5625
771
1013
10925188
-1118
-530
2534
-4985
440
775
10926213
-1064
-556
2871
-5323
808
856
10927238
-1396
-638
3116
-6120
1367
1037
10928263
-1932
-799
3303
-6986
1363
916
10929288
-2357
-971
3400
-7595
1071
580
10930313
-2618
-1126
3454
-7756
915
254
10931338
-2851
-1254
3511
-7580
870
-26
10932363
-3042
-1371
3539
-7340
528
-154
10933388
-2795
-1477
3513
-7006
207
-152
10934413
-2208
-1556
3437
-6480
232
-187
10935438
-1662
-1591
3330
-6011
423
-244
10936463
-1265
-1590
3189
-5600
454
-280
10929439
-874
-1559
3031
-5138
233
-311
10930464
-449
-1496
2839
-4648
158
-269
10931489
-149
-1410
2631
-4089
228
-335
10932514
55
-1260
2456
-3628
411
-344
10933539
-34
-1079
2223
-3181
227
-224
10934564
-203
-909
1920
-2882
-89
-66
10935589
-306
-768
1591
-2718
-55
-72
10936614
-415
-630
1242
-2423
-250
-180
10937639
-437
-463
834
-2077
-403
-202
10938664
-374
-275
419
-1954
-565
-127
10939689
-214
-73
9
-2318
-542
-134
10940714
-51
133
-403
-2798
-376
-220
10941739
64
342
-792
-3142
-509
-334
10942764
286
584
-1177
-3501
-514
-344
10943789
502
847
-1532
-3993
-305
-206
10944814
564
1076
-1914
-4924
-169
-85
10937472
635
1246
-2322
-6254
90
-220
10938497
714
1414
-2733
-7293
456
-325
10939522
722
1601
-3204
-7176
580
-257
10940547
679
1765
-3566
-6243
754
223
10941572
706
1866
-3588
-6063
1022
844
10942597
809
1854
-3384
-6479
1058
1082
10943622
731
1752
-3229
-6710
918
1126
10944647
494
1599
-3119
-6593
914
1036
10945672
372
1444
-2956
-6378
942
784
10946697
475
1283
-2734
-6049
867
507
10947722
789
1151
-2512
-5741
682
190
10948747
1216
1079
-2365
-5496
811
251
10949772
1638
988
-2246
-5255
1096
505
10950797
1901
857
-2128
-5027
1161
444
10951822
1928
775
-2100
-4816
1242
257
10952847
1730
770
-2108
-4710
1599
406
10945664
1366
771
-2092
-4650
1588
558
10946689
1027
771
-2074
-4588
1448
575
10947714
788
793
-1984
-4541
1600
629
10948739
523
808
-1825
-4416
1815
800
10949764
321
792
-1572
-4197
1758
944
10950789
222
768
-1229
-3951
1445
1028
10951814
149
740
-892
-3742
1172
1171
10952839
69
689
-570
-3666
1115
1343
10953864
-36
605
-251
-3555
1045
1458
10954889
-133
491
18
-3549
953
1638
10955914
-259
336
228
-3613
907
1743
10956939
-353
154
418
-3820
735
1693
10957964
-366
-39
605
-4129
606
1567
10958989
-358
-232
805
-5047
842
1718
10960014
-500
-504
1047
-6455
1407
1902
10961039
-812
-854
1316
-6844
1173
1453
10953856
-901
-1138
1591
-6127
729
885
10954881
-673
-1312
1943
-5451
566
555
10955906
-397
-1382
2368
-5716
502
345
10956931
-309
-1401
2716
-6238
891
395
10957956
-520
-1405
2960
-6797
1316
515
10958981
-950
-1432
3102
-7263
1518
462
10960006
-1506
-1474
3167
-7365
1305
205
10961031
-2060
-1511
3188
-7027
1076
-115
10962056
-2515
-1545
3208
-6677
740
-254
10963081
-2590
-1585
3195
-6352
479
-254
10964106
-2356
-1624
3139
-6034
562
-294
10965131
-2107
-1651
3067
-5714
718
-353
10966156
-1895
-1657
2953
-5436
751
-415
10967181
-1649
-1646
2803
-5164
597
-471
10968206
-1338
-1618
2623
-4811
453
-518
10969231
-987
-1567
2437
-4484
401
-531
10962048
-692
-1511
2245
-4172
429
-573
10963073
-411
-1427
2083
-3834
289
-683
10964098
-84
-1294
1922
-3559
368
-705
10965123
146
-1138
1754
-3246
337
-711
10966148
363
-950
1589
-2923
321
-710
10967173
521
-739
1427
-2646
357
-654
10968198
593
-506
1263
-2587
262
-609
10969223
599
-253
1026
-2776
-46
-552
10970248
528
2
614
-2987
-422
-484
10971273
340
258
90
-3072
-147
-375
10972298
104
520
-406
-3249
-52
-283
10973323
39
769
-934
-3675
-604
-278
10974348
217
1007
-1524
-4778
-771
-172
10975373
549
1190
-2095
-5932
-548
-163
10976398
924
1376
-2706
-6572
-298
-377
10977423
1090
1596
-3356
-6398
95
93
10970241
1087
1709
-3781
-6079
468
829
10971266
1212
1678
-3823
-6144
421
1019
10972291
1469
1616
-3709
-6447
375
1010
10973316
1439
1526
-3614
-6856
589
1033
10974341
1084
1419
-3522
-7021
813
902
10975366
740
1352
-3405
-6540
1008
787
10976391
543
1337
-3222
-6103
1207
998
10977416
525
1285
-3016
-5952
1118
1385
10978441
736
1127
-2879
-5479
1043
1436
10979466
1007
942
-2772
-5012
1308
1172
10980491
1121
795
-2647
-4735
1448
989
10981516
1144
689
-2529
-4675
1484
1035
10982541
1193
596
-2404
-4732
1665
1131
10983566
1228
506
-2250
-4625
1785
1174
10984591
1204
434
-2074
-4451
1966
1200
10985616
1090
384
-1818
-4325
2088
1251
10978433
963
353
-1500
-4127
1956
1323
10979458
854
334
-1148
-4005
1978
1414
10980483
668
310
-759
-3977
1846
1444
10981508
458
286
-400
-3752
1603
1419
10982533
324
278
-55
-3467
1490
1460
10983558
136
256
282
-3474
1627
1628
10984583
-243
181
566
-3782
1649
1714
10985608
-633
54
810
-4174
1449
1566
10986633
-817
-91
1059
-4468
1071
1282
10987658
-753
-207
1329
-4836
985
1110
10988683
-677
-303
1629
-5871
1397
1283
10989708
-898
-442
1880
-6767
1657
1307
10990733
-1256
-600
2098
-7126
1559
1122
10991758
-1532
-769
2307
-6742
1290
859
10992783
-1698
-922
2517
-5869
1028
521
10993808
-1865
-1001
2732
-5676
914
266
10986625
-2139
-1061
2866
-6028
1223
318
10987650
-2607
-1206
2865
-6478
821
75
10988675
-2584
-1352
2697
-6924
838
-42
10989700
-2486
-1508
2559
-6929
934
-91
10990725
-2274
-1641
2423
-6811
813
-209
10991750
-1664
-1709
2348
-6499
824
-373
10992775
-1027
-1680
2425
-6044
987
-479
10993800
-685
-1595
2569
-5624
760
-543
10994825
-357
-1466
2720
-5326
510
-547
10995850
-68
-1304
2872
-5119
613
-539
10996875
-64
-1144
2959
-4837
778
-551
10997900
-245
-991
2967
-4531
751
-629
10998925
-373
-817
2920
-4236
658
-649
10999950
-439
-638
2796
-3842
538
-607
11000975
-427
-440
2634
-3365
478
-504
11002000
-418
-229
2450
-2956
462
-230
10994815
-458
-64
2219
-2708
373
0
10995840
-508
59
1936
-2485
207
77
10996865
-546
177
1597
-2145
-69
64
10997890
-587
309
1179
-1821
-206
103
10998915
-628
450
712
-1969
-274
209
10999940
-624
566
185
-2343
-342
273
11000965
-574
685
-371
-2710
-308
218
11001990
-422
847
-881
-3104
-371
80
11003015
-212
1050
-1381
-3723
-326
225
11004040
76
1179
-1809
-4783
-170
456
11005065
383
1229
-2224
-6001
-455
186
11006090
707
1308
-2802
-6978
-358
-220
11007115
939
1503
-3346
-8034
430
-322
11008140
944
1679
-3897
-7910
839
111
11009165
817
1755
-4250
-6505
763
623
11010190
811
1834
-4164
-5273
780
1055
11003008
883
1903
-3768
-5103
894
1323
11004033
742
1850
-3372
-6187
736
1271
11005058
300
1644
-3169
-7015
695
1037
11006083
-101
1413
-3050
-6818
810
579
11007108
11
1292
-2858
-6485
1149
265
11008133
223
1214
-2665
-6119
1333
206
11009158
520
1146
-2461
-5605
935
584
11010183
1118
1044
-2262
-5166
675
886
11011208
1817
876
-2014
-4736
946
918
11012233
2186
700
-1790
-4369
984
672
11013258
2334
587
-1640
-4156
1032
438
11014283
2429
520
-1462
-4094
1261
435
11015308
2399
451
-1293
-3978
1236
340
11016333
2363
416
-1169
-3784
1086
246
11017358
2332
436
-1026
-3647
1303
409
11018383
2113
442
-867
-3502
1526
597
11011200
1814
442
-684
-3375
1267
543
11012225
1627
496
-481
-3353
1222
551
11013250
1416
568
-250
-3211
1471
814
11014275
1133
605
12
-3084
1272
1135
11015300
965
615
279
-3128
1067
1328
11016325
790
590
526
-3667
1238
1458
11017350
565
498
758
-4334
1313
1414
11018375
389
409
1021
-4620
933
1260
11019400
445
353
1311
-5287
645
1387
11020425
609
255
1615
-6937
1147
1920
11021450
486
20
1899
-8139
1270
1933
11022475
275
-259
2098
-6898
220
1332
11023500
483
-410
2352
-4687
-668
990
11024525
898
-393
2757
-3945
-416
1264
11025550
952
-353
3160
-4685
624
1579
11026575
686
-374
3584
-6196
822
1468
11019391
413
-439
3851
-7237
131
1260
11020416
106
-518
3820
-7503
151
1412
11021441
-207
-707
3832
-7520
482
1478
11022466
-509
-915
3904
-7173
295
963
11023491
-432
-1017
3942
-6447
-184
621
11024516
-12
-1019
3880
-5635
-386
724
11025541
195
-1031
3687
-5107
-38
1087
11026566
75
-1137
3362
-5429
-38
1242
11027591
48
-1305
2985
-5282
-121
939
11028616
110
-1402
2591
-4395
-329
528
11029641
217
-1412
2159
-3634
-591
491
11030666
387
-1418
1685
-3193
-601
663
11031691
566
-1432
1212
-3591
-300
713
11032716
697
-1484
741
-3524
-319
560
11033741
829
-1502
242
-3015
-328
450
11034766
933
-1475
-216
-2824
-188
452
11027584
954
-1466
-633
-2823
-35
420
11028609
927
-1487
-1065
-3013
30
294
11029634
974
-1522
-1482
-3276
186
147
11030659
1116
-1558
-1884
-3674
341
-53
11031684
1345
-1598
-2277
-4177
437
-288
11032709
1680
-1639
-2633
-4706
455
-600
11033734
2108
-1644
-2927
-4729
578
-886
11034759
2490
-1632
-3105
-4357
750
-960
11035784
2829
-1631
-3174
-4792
565
-1092
11036809
3297
-1648
-3292
-6715
283
-1805
11037834
3645
-1619
-3528
-8741
503
-2682
11038859
3393
-1351
-3990
-9457
1467
-2817
11039884
2664
-902
-4537
-7895
2221
-2293
11040909
1802
-387
-4707
-6393
2414
-1275
11041934
767
8
-4524
-5812
1342
-478
11042959
279
151
-4241
-6104
348
-252
11035779
393
98
-3870
-6164
462
-871
11036804
606
41
-3493
-5730
325
-2247
11037829
1214
167
-3142
-5573
190
-3056
11038854
2195
416
-2805
-5001
1071
-2704
11039879
2836
868
-2372
-5565
1481
-1659
11040904
3236
569
-2485
-6140
1413
-1110
11041929
3718
262
-2595
-5667
1378
-769
11042954
4015
248
-2780
-4840
1683
-947
11043979
4016
436
-2541
-4929
2065
-984
11045004
3673
555
-2243
-4261
1810
-978
11046029
3494
720
-2034
-3948
1822
-591
11047054
3322
845
-1649
-4012
1676
-315
11048079
3152
932
-1285
-3916
1497
-215
11049104
2946
1040
-1020
-3862
1602
-107
11050129
2689
1136
-791
-3869
1627
11
11051154
2447
1215
-619
-3839
1499
117
11043968
2285
1298
-473
-3848
1454
262
11044993
2205
1378
-328
-3893
1297
430
11046018
2110
1455
-248
-3991
1399
677
11047043
1935
1516
-165
-4051
1601
1108
11048068
1779
1545
-12
-4018
1342
1374
11049093
1658
1572
131
-4134
1187
1609
11050118
1469
1580
254
-4558
1516
1999
11051143
1165
1514
415
-5404
1848
2527
11052168
768
1353
634
-5925
1876
2760
11053193
356
1160
894
-5792
1446
2720
11054218
143
937
1243
-5390
862
2787
11055243
292
689
1685
-5052
458
3058
11056268
472
452
2057
-4793
322
3371
11057293
435
203
2269
-4917
420
3311
11058318
172
-51
2367
-5468
572
2994
11059343
-296
-310
2429
-6073
765
2559
11052160
-912
-578
2531
-6160
439
1841
11053185
-1278
-804
2707
-6054
695
1362
11054210
-1623
-963
2926
-6126
502
1003
11055235
-1833
-1093
3000
-6165
237
949
11056260
-1675
-1264
2987
-6031
-90
948
11057285
-1054
-1393
2957
-5634
-53
746
11058310
-373
-1449
2894
-4937
304
484
11059335
-29
-1429
2760
-4491
681
366
11060360
-118
-1389
2586
-4296
655
310
11061385
-211
-1317
2383
-4099
351
174
11062410
-171
-1203
2153
-3898
435
108
11063435
-290
-1098
1887
-3659
451
117
11064460
-410
-1007
1583
-3441
428
210
11065485
-418
-926
1290
-3242
339
190
11066510
-244
-819
1029
-3019
172
117
11067535
112
-669
811
-2905
239
155
11060352
255
-535
587
-2717
234
222
11061377
338
-378
311
-2726
190
247
11062402
420
-209
21
-2826
269
228
11063427
474
-28
-321
-2958
374
233
11064452
517
152
-721
-3217
430
257
11065477
591
328
-1163
-3698
413
227
11066502
744
490
-1632
-4284
437
99
11067527
959
649
-2104
-4847
473
-42
11068552
1210
748
-2549
-5531
487
-123
11069577
1465
793
-2946
-6595
564
-344
11070602
1702
837
-3322
-7578
668
-760
11071627
1871
932
-3596
-7753
933
-942
11072652
1962
1059
-3661
-6499
1130
-624
11073677
2018
1180
-3452
-5128
1230
60
11074702
1903
1237
-2995
-4862
1374
736
11075727
1345
1154
-2528
-5653
1024
920
11068593
634
929
-2247
-5865
781
562
11069618
307
757
-2105
-5330
782
-60
11070643
340
627
-1884
-4781
1283
-294
11071668
426
520
-1644
-4284
1088
-235
11072693
725
501
-1506
-4036
697
-24
11073718
1417
481
-1382
-3910
490
369
11074743
2165
365
-1298
-3775
757
475
11075768
2555
255
-1218
-3518
1143
447
11076793
2539
217
-1210
-3458
1427
471
11077818
2339
193
-1210
-3520
1630
622
11078843
2029
159
-1186
-3620
1705
802
11079868
1670
124
-1138
-3745
1732
836
11080893
1367
106
-1042
-3793
1709
761
11081918
1121
140
-879
-3774
1685
799
11082943
835
195
-668
-3736
1597
935
11083968
570
254
-381
-3779
1526
1091
11076736
372
298
-28
-3620
1299
1173
11077761
237
337
296
-3410
940
1255
11078786
72
363
528
-3479
973
1492
11079811
-211
320
725
-3803
1325
1676
11080836
-624
205
923
-4222
1236
1524
11081861
-920
72
1110
-4880
750
1284
11082886
-918
-72
1302
-6315
880
1332
11083911
-843
-281
1540
-7865
1111
1299
11084936
-778
-522
1736
-7851
630
1026
11085961
-582
-716
1930
-6457
259
736
11086986
-283
-804
2212
-5057
198
559
11088011
-227
-789
2478
-4790
631
663
11089036
-588
-766
2738
-5483
1040
747
11090061
-1218
-805
2838
-6268
922
500
11091086
-2016
-867
2691
-6290
872
176
11092111
-2790
-879
2452
-6038
772
9
11084929
-3102
-923
2229
-5784
746
-22
11085954
-3105
-1042
2088
-5499
753
-77
11086979
-2974
-1143
2000
-5214
475
-177
11088004
-2617
-1197
1929
-4951
271
-242
11089029
-2142
-1218
1895
-4718
360
-233
11090054
-1780
-1209
1867
-4531
524
-219
11091079
-1577
-1182
1807
-4340
479
-268
11092104
-1289
-1127
1722
-4116
348
-307
11093129
-965
-1059
1629
-3856
323
-319
11094154
-655
-981
1584
-3646
342
-294
11095179
-440
-876
1508
-3328
255
-306
11096204
-228
-699
1437
-3022
226
-238
11097229
-93
-501
1346
-2885
237
-103
11098254
-22
-312
1149
-2820
159
-37
11099279
-22
-153
928
-2636
12
28
11100304
15
31
653
-2547
-315
-2
11093120
161
266
283
-2659
-246
69
11094145
190
500
-160
-3107
-24
227
11095170
134
703
-661
-3762
-105
330
11096195
104
866
-1228
-4216
-126
217
11097220
277
1042
-1678
-4627
-110
32
11098245
604
1227
-2051
-5469
97
-35
11099270
882
1359
-2427
-6802
341
-129
11100295
1064
1501
-2822
-7676
490
-242
11101320
1212
1593
-3087
-6991
801
-77
11102345
1428
1616
-3081
-5629
865
310
11103370
1799
1604
-2817
-5358
1060
738
11104395
1875
1491
-2439
-5631
1069
906
11105420
1613
1345
-2214
-6004
891
904
11106445
1236
1148
-2121
-5881
1047
693
11107470
778
841
-2021
-5271
1466
354
11108495
623
816
-1965
-4315
1159
69
11101311
977
828
-1730
-4125
1051
155
11102336
1398
698
-1481
-4079
906
409
11103361
1731
607
-1387
-3894
971
509
11104386
1992
569
-1330
-3832
1143
501
11105411
2152
521
-1303
-3753
1393
513
11106436
2060
504
-1316
-3723
1612
592
11107461
1726
492
-1339
-3790
1728
800
11108486
1382
459
-1342
-3938
1758
1060
11109511
1202
398
-1291
-4088
1897
1189
11110536
1070
315
-1167
-4098
1991
1179
11111561
903
256
-969
-4025
1883
1148
11112586
749
233
-696
-3816
1610
1121
11113611
659
237
-363
-3538
1264
1074
11114636
574
263
0
-3371
1187
1134
11115661
375
292
346
-3534
1252
1313
11116686
78
276
584
-3868
1270
1406
11109503
-241
219
698
-4196
1425
1365
11110528
-577
141
809
-4535
1383
1264
11111553
-795
51
941
-5417
1247
1201
11112578
-890
-58
1047
-6875
1612
1415
11113603
-1062
-260
1158
-7678
2126
1865
11114628
-1379
-608
1347
-6714
2002
1808
11115653
-1517
-967
1614
-5385
1282
738
11116678
-1399
-1065
1980
-5389
956
154
11117703
-1295
-1007
2444
-6342
1481
569
11118728
-1760
-1048
2768
-7086
1579
768
11119753
-2491
-1204
2902
-7205
1051
418
11120778
-2884
-1331
2925
-6656
587
-31
11121803
-2807
-1388
2907
-6097
585
-175
11122828
-2618
-1413
2900
-5664
640
-125
11123853
-2359
-1458
2842
-5325
570
-29
11124878
-2077
-1491
2695
-4975
516
2
11117696
-1876
-1494
2499
-4673
517
-33
11118721
-1737
-1469
2264
-4420
646
-171
11119746
-1706
-1429
2003
-4209
697
-361
11120771
-1678
-1388
1749
-4032
574
-490
11121796
-1506
-1343
1527
-3871
473
-535
11122821
-1186
-1258
1310
-3670
351
-509
11123846
-842
-1206
1100
-3492
406
-481
11124871
-496
-1113
935
-3056
89
-557
11125896
24
-932
798
-2883
326
-586
11126921
160
-735
740
-2539
498
-519
11127946
134
-464
645
-2226
268
-313
11128971
286
-196
525
-2380
97
-122
11129996
405
51
324
-2822
135
-72
11131021
391
323
13
-3190
214
-92
11132046
314
606
-354
-3435
271
-145
11133071
256
902
-742
-3797
147
-51
11125888
318
1157
-1144
-4309
133
197
11126913
496
1311
-1523
-5287
192
372
11127938
743
1410
-1933
-6322
314
167
11128963
976
1543
-2364
-6692
133
-33
11129988
1257
1659
-2774
-6061
196
69
11131013
1756
1704
-2929
-5613
481
416
11132038
2251
1695
-2888
-5918
845
735
11133063
2397
1618
-2792
-6215
1059
1012
11134088
2132
1471
-2736
-6282
1177
1096
11135113
1687
1349
-2669
-6040
1238
966
11136138
1378
1285
-2551
-5423
1317
866
11137163
1198
1216
-2335
-4766
1377
864
11138188
1046
1149
-2098
-4596
1366
924
11139213
936
1028
-1934
-4608
1381
943
11140238
912
912
-1841
-4421
1387
805
11141263
898
818
-1748
-4266
1475
664
11134080
825
766
-1646
-4213
1324
580
11135105
849
777
-1595
-4240
1339
695
11136130
927
772
-1547
-4313
1566
945
11137155
873
704
-1467
-4320
1685
1057
11138180
675
633
-1352
-4342
1834
1092
11139205
285
517
-1212
-4270
1824
1148
11140230
73
449
-1004
-3845
1260
1044
11141255
400
511
-706
-3841
1304
1125
11142280
513
453
-367
-3667
1435
1223
11143305
378
382
-88
-3385
1170
1206
11144330
313
355
161
-3509
1160
1323
11145355
187
288
366
-3861
1352
1493
11146380
-77
149
523
-4214
1221
1432
11147405
-287
-17
648
-4605
1083
1212
11148430
-308
-177
782
-5669
1209
1274
11149455
-229
-368
944
-6860
1494
1412
11142384
-314
-598
1142
-6848
1523
1307
11143409
-520
-832
1424
-5661
1309
908
11144434
-668
-979
1787
-4914
1067
498
11145459
-827
-982
2146
-5407
1114
436
11146484
-1172
-978
2372
-6240
1417
548
11147509
-1825
-1078
2438
-6732
1413
416
11148534
-2442
-1205
2404
-6572
1035
176
11149559
-2717
-1266
2361
-6286
871
107
11150584
-2821
-1331
2408
-5927
699
26
11151609
-2713
-1395
2433
-5604
566
-7
11152634
-2447
-1470
2428
-5201
387
-65
11153659
-1990
-1452
2438
-4897
320
-49
11154684
-1600
-1405
2378
-4749
559
18
11155709
-1560
-1424
2237
-4652
695
19
11156734
-1584
-1457
2056
-4424
471
-136
11157759
-1346
-1447
1908
-4129
448
-260
11150464
-1078
-1384
1780
-3871
526
-355
11151489
-930
-1274
1636
-3650
547
-341
11152514
-786
-1161
1486
-3474
430
-317
11153539
-581
-1025
1317
-3251
333
-375
11154564
-255
-836
1152
-3041
299
-485
11155589
-53
-646
991
-2855
608
-513
11156614
-89
-452
827
-2551
385
-518
11157639
94
-213
639
-2621
239
-475
11158664
332
31
404
-2940
321
-372
11159689
413
275
69
-3290
374
-299
11160714
465
526
-304
-3602
369
-281
11161739
584
788
-659
-3812
290
-263
11162764
732
1052
-1049
-4019
-7
-184
11163789
912
1266
-1502
-4872
-20
84
11164814
1033
1376
-1968
-6191
129
200
11165839
1240
1409
-2447
-6959
-251
-55
11158655
1566
1411
-2885
-6467
-483
-602
11159680
2018
1461
-3127
-5650
-241
-683
11160705
2549
1563
-3150
-5698
245
-202
11161730
2825
1649
-3051
-6101
827
672
11162755
2508
1609
-2984
-6602
1154
1564
11163780
1731
1364
-2909
-6806
1149
1716
11164805
1033
1159
-2922
-6296
1166
1231
11165830
665
1011
-2896
-5591
1130
686
11166855
660
870
-2691
-5142
1283
515
11167880
766
770
-2436
-4644
1410
594
11168905
845
687
-2193
-4367
1303
620
11169930
938
615
-2007
-4324
1162
584
11170955
1083
576
-1843
-4373
1256
591
11171980
1173
533
-1669
-4418
1439
688
11173005
1194
492
-1492
-4446
1490
732
11174030
1268
462
-1308
-4390
1547
771
11166848
1337
438
-1118
-4322
1595
795
11167873
1285
438
-886
-4067
1611
797
11168898
1067
470
-617
-3731
1634
909
11169923
694
501
-338
-3494
1478
1036
11170948
305
510
-77
-3277
1245
1071
11171973
32
488
145
-3149
1051
1126
11172998
-105
440
331
-3262
927
1239
11174023
-178
349
467
-3613
790
1369
11175048
-178
206
561
-4004
731
1364
11176073
-84
34
665
-4232
702
1125
11177098
31
-86
792
-4954
817
1122
11178123
47
-203
942
-6626
1257
1506
11179148
-101
-403
1162
-7397
1353
1566
11180173
-363
-643
1468
-6408
1054
1162
11181198
-569
-787
1874
-5129
745
716
11182223
-730
-764
2363
-4987
910
543
11175041
-1063
-686
2801
-5673
1219
587
11176066
-1731
-695
2984
-6408
1335
587
11177091
-2626
-798
2763
-6929
1270
514
11178116
-3318
-1041
2400
-6682
1146
357
11179141
-3579
-1247
2164
-5854
1031
139
11180166
-3434
-1368
2007
-5428
777
-34
11181191
-2972
-1454
1941
-5063
414
-109
11182216
-2388
-1486
1921
-4773
318
-98
11183241
-1964
-1470
1868
-4624
522
-49
11184266
-1861
-1432
1767
-4564
632
-39
11185291
-1859
-1426
1616
-4535
730
-50
11186316
-1900
-1428
1451
-4461
781
-153
11187341
-1855
-1424
1311
-4310
706
-285
11188366
-1666
-1383
1207
-4142
572
-316
11189391
-1371
-1320
1121
-3912
382
-324
11190416
-1017
-1233
1049
-3610
260
-388
11183233
-659
-1098
986
-3235
138
-417
11184258
-313
-911
943
-2936
182
-385
11185283
-68
-692
894
-2681
265
-295
11186308
72
-463
811
-2613
101
-232
11187333
240
-227
643
-2900
100
-159
11188358
296
13
389
-3252
137
-82
11189383
310
256
74
-3440
32
-123
11190408
422
508
-277
-3589
-294
-136
11191433
669
726
-670
-3906
-543
49
11192458
1021
860
-1055
-4661
-453
117
11193483
1390
950
-1452
-5691
-232
-319
11194508
1706
1129
-1874
-6321
-100
-813
11195533
1917
1377
-2253
-6004
46
-566
11196558
2202
1520
-2416
-5205
65
3
11197583
2644
1591
-2361
-5208
150
424
11198608
2810
1613
-2276
-5661
337
642
11191424
2510
1591
-2243
-6084
663
795
11192449
1897
1500
-2241
-6376
1116
918
11193474
1180
1376
-2203
-5999
1222
788
11194499
729
1308
-2190
-5398
1036
530
11195524
568
1259
-2092
-5142
1071
486
11196549
483
1187
-1927
-4665
867
627
11197574
722
1176
-1821
-4551
890
772
11198599
954
1066
-1726
-4566
1192
724
11199624
965
950
-1607
-4543
1193
536
11200649
1015
895
-1483
-4596
1095
541
11201674
1150
873
-1375
-4760
1176
717
11202699
1257
853
-1256
-4878
1264
911
11203724
1293
806
-1107
-4654
1298
987
11204749
1216
770
-979
-4425
1423
994
11205774
1005
727
-844
-4286
1420
998
11206799
825
667
-703
-4132
1386
1010
11199615
675
607
-544
-3839
1407
999
11200640
468
571
-421
-3493
1279
990
11201665
269
563
-340
-3531
1272
1126
11202690
51
537
-252
-3794
1434
1358
11203715
-189
444
-149
-3908
1523
1544
11204740
-383
267
-19
-3974
1418
1600
11205765
-494
49
156
-4354
1376
1502
11206790
-625
-168
340
-5433
1714
1641
11207815
-870
-479
515
-6171
1985
1678
11208840
-1183
-843
685
-5886
1927
1367
11209865
-1419
-1180
991
-4762
1559
779
11210890
-1525
-1351
1340
-4277
1171
431
11211915
-1452
-1413
1717
-5140
1050
603
11212940
-1339
-1519
2034
-6212
1127
803
11213965
-1336
-1685
2188
-6779
1203
640
11214990
-1481
-1816
2204
-7026
1413
373
11207808
-1752
-1942
2207
-6942
1166
122
11208833
-1722
-1977
2346
-6612
896
-27
11209858
-1539
-1925
2496
-6462
763
11
11210883
-1465
-1914
2566
-6233
654
-1
11211908
-1426
-1899
2596
-5755
588
-85
11212933
-1390
-1813
2605
-5195
688
-164
11213958
-1421
-1670
2570
-4781
718
-130
11214983
-1515
-1557
2478
-4608
755
120
11216008
-1593
-1544
2348
-4542
560
116
11217033
-1534
-1522
2178
-4216
409
-213
11218058
-1443
-1396
2003
-3689
416
-189
11219083
-1310
-1290
1825
-3552
377
146
11220108
-1072
-1265
1620
-3478
164
48
11221133
-753
-1190
1375
-3019
-42
-230
11222158
-479
-1013
1148
-2625
-58
-306
11223183
-272
-794
881
-2426
-108
-216
11216001
-128
-565
530
-2425
-219
-100
11217026
-99
-322
103
-2772
-158
72
11218051
-93
-106
-329
-3323
-116
123
11219076
118
96
-745
-3504
-340
-172
11220101
594
355
-1117
-3518
-317
-385
11221126
1123
657
-1400
-4133
34
-381
11222151
1433
939
-1707
-5261
288
-388
11223176
1529
1216
-2083
-6089
512
-387
11224201
1515
1502
-2500
-6174
795
-246
11225226
1386
1714
-2776
-5241
965
52
11226251
1375
1868
-2810
-4902
916
390
11227276
1410
2006
-2677
-5353
979
718
11228301
1227
2024
-2506
-5607
1061
848
11229326
887
1893
-2326
-5606
1089
806
11230351
700
1793
-2172
-5381
813
517
11231376
737
1723
-2052
-5486
1121
330
11224191
632
1622
-1876
-5201
1028
236
11225216
738
1573
-1674
-5111
801
282
11226241
1097
1493
-1535
-5025
935
537
11227266
1406
1417
-1481
-5015
1084
792
11228291
1669
1327
-1461
-5010
1163
969
11229316
1880
1220
-1471
-4902
1319
927
11230341
1961
1157
-1530
-4845
1385
771
11231366
1926
1108
-1560
-4842
1632
898
11232391
1715
1048
-1530
-4817
1728
1151
11233416
1420
978
-1440
-4705
1853
1364
11234441
1020
909
-1290
-4566
1888
1562
11235466
695
807
-1043
-4358
1600
1663
11236491
480
719
-778
-4022
1356
1659
11237516
256
629
-524
-3672
1040
1616
11238541
146
512
-293
-3502
820
1658
11239566
74
373
-157
-3614
919
1798
11232384
-82
196
-102
-3896
974
1841
11233409
-179
-16
-53
-4152
924
1743
11234434
-117
-233
24
-4395
874
1525
11235459
-1
-405
149
-5305
1034
1564
11236484
6
-584
348
-6531
1542
1729
11237509
-103
-852
613
-6536
1545
1475
11238534
-195
-1085
965
-5542
1171
1082
11239559
-184
-1229
1400
-4669
974
798
11240584
-208
-1261
1874
-4792
1042
765
11241609
-466
-1232
2249
-5608
1341
779
11242634
-1071
-1250
2439
-6354
1781
639
11243659
-2136
-1354
2421
-6825
1772
374
11244684
-3034
-1509
2311
-6654
1102
119
11245709
-3267
-1539
2211
-6308
1042
180
11246734
-3403
-1643
2026
-6055
873
125
11247759
-3246
-1802
1890
-5581
416
31
11240576
-2602
-1908
1842
-5109
317
-23
11241601
-1869
-1936
1845
-4811
409
-73
11242626
-1378
-1930
1835
-4722
442
-181
11243651
-1030
-1915
1756
-4563
544
-331
11244676
-839
-1882
1629
-4350
652
-424
11245701
-766
-1840
1493
-4145
614
-486
11246726
-725
-1728
1388
-3875
526
-498
11247751
-642
-1564
1282
-3656
427
-459
11248776
-462
-1410
1170
-3461
382
-443
11249801
-214
-1252
1070
-3218
344
-465
11250826
86
-1066
975
-2905
357
-446
11251851
306
-847
898
-2710
358
-372
11252876
450
-598
787
-2818
204
-393
11253901
536
-308
584
-3038
211
-404
11254926
496
-1
300
-3178
187
-390
11255951
455
328
-35
-3331
-24
-353
11248767
548
673
-396
-3623
-135
-215
11249792
658
1009
-799
-4187
64
74
11250817
673
1292
-1230
-5223
231
373
11251842
679
1509
-1649
-6138
318
470
11252867
772
1673
-2008
-6284
378
472
11253892
916
1793
-2247
-5191
328
559
11254917
1265
1876
-2273
-4471
226
805
11255942
1668
1916
-2153
-4608
433
1083
11256967
1707
1867
-1995
-5024
746
1252
11257992
1287
1717
-1946
-5431
933
1217
11259017
760
1505
-1958
-5619
942
956
11260042
533
1350
-1943
-5486
1078
677
11261067
446
1222
-1868
-5267
1051
502
11262092
532
1073
-1788
-4939
710
554
11263117
893
1022
-1701
-4649
524
831
11264142
1359
1061
-1669
-4657
812
1122
11256961
1596
977
-1638
-4649
1245
1244
11257986
1482
831
-1623
-4428
1264
1072
11259011
1278
761
-1639
-4318
1229
847
11260036
1107
741
-1615
-4404
1412
897
11261061
887
709
-1540
-4431
1517
1052
11262086
679
675
-1440
-4397
1478
1145
11263111
530
639
-1294
-4307
1475
1233
11264136
379
590
-1104
-4097
1536
1316
11265161
228
535
-844
-3817
1374
1343
11266186
119
483
-564
-3620
1235
1405
11267211
6
409
-272
-3550
1159
1457
11268236
-142
301
-15
-3658
1150
1520
11269261
-286
156
190
-3997
1101
1548
11270286
-366
-40
366
-4324
1013
1388
11271311
-350
-239
523
-4744
940
1105
11272336
-248
-402
660
-5923
1208
1040
11265153
-215
-594
775
-6887
1512
1055
11266178
-321
-818
865
-6389
1472
912
11267203
-422
-974
1057
-4864
1285
545
11268228
-478
-989
1393
-4001
1117
268
11269253
-622
-850
1747
-4452
1137
367
11270278
-989
-705
1938
-5405
1444
639
11271303
-1578
-718
1975
-5882
1792
721
11272328
-2297
-798
1959
-5835
2018
579
11273353
-3036
-895
1942
-5738
1773
280
11274378
-3440
-974
2012
-5635
1439
21
11275403
-3519
-1047
2078
-5570
1119
-118
11276428
-3355
-1164
2110
-5474
966
-178
11277453
-3027
-1283
2133
-5314
934
-198
11278478
-2633
-1374
2135
-5135
836
-165
11279503
-2181
-1454
2106
-4962
700
-129
11280528
-1669
-1532
2054
-4694
659
-137
11273344
-1208
-1572
1997
-4386
717
-177
11274369
-886
-1553
1925
-4137
647
-289
11275394
-581
-1491
1828
-3920
630
-359
11276419
-361
-1387
1721
-3726
700
-366
11277444
-273
-1255
1582
-3557
710
-353
11278469
-221
-1123
1424
-3342
695
-339
11279494
-146
-980
1296
-3014
630
-275
11280519
-47
-804
1179
-3069
586
-249
11281544
-6
-588
1030
-3344
515
-257
11282569
-13
-365
797
-3520
543
-181
11283594
-36
-150
538
-3668
515
-162
11284619
42
86
287
-3724
201
-236
11285644
317
372
29
-3973
-143
-250
11286669
638
665
-340
-4592
-177
-147
11287694
819
943
-803
-5285
196
15
11288719
875
1223
-1288
-5751
561
82
11281540
810
1492
-1744
-5062
471
323
11282565
818
1677
-2071
-4073
129
663
11283590
989
1807
-2131
-4038
249
942
11284615
1109
1850
-2024
-4483
342
1121
11285640
1027
1769
-1940
-4931
233
1025
11286665
835
1614
-1967
-5353
289
714
11287690
680
1465
-2042
-5398
545
305
11288715
594
1381
-2099
-5079
868
131
11289740
608
1349
-2163
-5042
865
267
11290765
698
1281
-2205
-5066
879
660
11291790
782
1245
-2198
-5038
915
966
11292815
907
1232
-2174
-4911
817
1029
11293840
1195
1233
-2126
-4705
888
936
11294865
1387
1161
-2023
-4781
1288
856
11295890
1203
1057
-1994
-4886
1554
901
11296915
960
972
-1985
-4898
1587
1073
11289728
809
888
-1882
-4920
1653
1203
11290753
624
781
-1740
-4785
1718
1236
11291778
474
689
-1558
-4569
1584
1238
11292803
443
612
-1314
-4326
1413
1289
11293828
462
539
-1046
-4018
1259
1369
11294853
490
481
-780
-3695
1250
1493
11295878
364
425
-569
-3673
1367
1642
11296903
36
331
-404
-3918
1593
1831
11297928
-371
172
-219
-4178
1606
1868
11298953
-684
-20
-17
-4494
1345
1633
11299978
-854
-196
185
-5422
1397
1572
11301003
-1012
-430
419
-6802
1684
1536
11302028
-1120
-751
705
-7012
1349
961
11303053
-999
-1031
1040
-5673
993
493
11304078
-751
-1156
1498
-4122
893
275
11305103
-590
-1093
2025
-3890
922
430
11297920
-607
-969
2437
-4809
1120
602
11298945
-992
-933
2522
-5619
1546
762
11299970
-1669
-1058
2405
-5931
1815
716
11300995
-2285
-1265
2205
-5771
1977
345
11302020
-2632
-1416
2045
-5694
2036
-63
11303045
-2811
-1558
1954
-5606
1551
-339
11304070
-2708
-1658
1900
-5458
1038
-312
11305095
-2333
-1744
1841
-5350
739
-222
11306120
-1772
-1830
1859
-5262
749
-224
11307145
-1273
-1880
1896
-5199
936
-313
11308170
-987
-1907
1878
-4966
1010
-387
11309195
-836
-1886
1846
-4812
959
-419
11310220
-736
-1826
1784
-4742
926
-421
11311245
-648
-1753
1704
-4727
808
-518
11312270
-501
-1652
1622
-4461
742
-635
11313295
-324
-1490
1554
-4173
743
-688
11306112
-172
-1299
1497
-3680
618
-713
11307137
-9
-1079
1464
-3136
574
-682
11308162
91
-827
1458
-2783
480
-654
11309187
165
-542
1416
-2714
443
-591
11310212
208
-271
1251
-2808
534
-484
11311237
174
-24
972
-2818
598
-376
11312262
152
220
655
-2910
643
-258
11313287
137
470
321
-3096
664
-142
11314312
87
726
-30
-3547
579
55
11315337
69
933
-422
-4451
522
206
11316362
84
1079
-874
-5169
257
190
11317387
163
1251
-1384
-5091
233
209
11318412
349
1490
-1775
-4753
317
447
11319437
497
1770
-2049
-4782
242
927
11320462
472
2011
-2194
-5180
442
1508
11321487
209
2129
-2182
-5618
537
1824
11314303
-223
2082
-2112
-5797
534
1625
11315328
-691
1943
-2062
-5602
525
1057
11316353
-1013
1858
-1964
-5305
489
398
11317378
-1140
1874
-1812
-5140
469
152
11318403
-1090
1931
-1681
-5040
521
426
11319428
-973
1914
-1586
-4996
693
757
11320453
-833
1960
-1488
-5021
895
923
11321478
-648
2043
-1361
-5089
909
1021
11322503
-457
2120
-1263
-5031
1038
1070
11323528
-452
2160
-1184
-4952
1222
1160
11324553
-557
2128
-1092
-4840
1572
1357
11325578
-818
2018
-987
-4586
1766
1542
11326603
-1118
1900
-832
-4228
1704
1535
11327628
-1390
1781
-633
-3931
1586
1441
11328653
-1685
1643
-406
-3867
1433
1315
11329678
-1829
1418
-157
-3879
1116
1248
11322497
-1676
1137
26
-3740
784
1205
11323522
-1375
844
78
-3679
561
1047
11324547
-1010
568
69
-3645
730
1052
11325572
-773
247
87
-3811
754
1024
11326597
-612
-114
107
-3936
492
716
11327622
-311
-402
137
-4214
431
338
11328647
47
-628
145
-5164
729
60
11329672
272
-908
108
-6540
1011
-92
11330697
342
-1265
68
-6340
1123
-364
11331722
340
-1518
190
-4542
896
-811
11332747
392
-1498
577
-3761
456
-1541
11333772
356
-1224
979
-4331
-82
-1766
11334797
83
-934
1127
-5191
-216
-1435
11335822
-330
-759
1021
-5223
340
-1239
11336847
-915
-634
775
-4952
384
-1640
11337872
-1510
-546
566
-4645
-369
-2295
11330688
-1685
-386
490
-4174
-891
-2281
11331713
-1385
-276
536
-3764
-993
-1774
11332738
-1141
-276
488
-3688
-1045
-1479
11333763
-890
-394
473
-3944
-1182
-1655
11334788
-349
-472
507
-3971
-973
-1898
11335813
342
-455
509
-3960
-582
-1896
11336838
922
-418
534
-3847
-319
-2033
11337863
1196
-294
437
-3880
-278
-1867
11338888
1186
-180
251
-4097
-236
-1520
11339913
1151
-93
78
-4193
-63
-1224
11340938
1147
-52
-99
-4057
-31
-1061
11341963
1285
-77
-266
-4015
-550
-992
11342988
1870
-164
-395
-3979
-752
-855
11344013
2695
-268
-450
-3809
-384
-791
11345038
3238
-352
-501
-3824
90
-907
11346063
3105
-390
-631
-4250
355
-1065
11338879
2623
-410
-719
-4616
458
-1248
11339904
2236
-393
-803
-4621
394
-1501
11340929
1939
-332
-916
-4487
159
-1712
11341954
1850
-276
-975
-5240
-94
-1999
11342979
2053
-177
-1027
-6601
-32
-2278
11344004
2144
62
-1237
-6788
394
-2209
11345029
1809
386
-1523
-4922
582
-1277
11346054
1485
647
-1442
-3507
633
-386
11347079
1157
811
-1009
-3268
94
-26
11348104
1009
816
-531
-3673
-942
-156
11349129
1251
657
-105
-3892
-1456
-654
11350154
1735
535
11
-3835
-912
-1190
11351179
2171
470
17
-4154
139
-1384
11352204
2370
439
87
-4426
573
-1104
11353229
2374
459
-23
-4547
197
-792
11354254
2452
474
-109
-4334
111
-576
11347072
2526
550
-111
-4261
311
-394
11348097
2367
654
-85
-4215
340
-76
11349122
2174
714
-25
-4183
338
132
11350147
2035
745
17
-4105
476
175
11351172
1875
756
31
-3885
606
165
11352197
1672
759
30
-3839
682
200
11353222
1545
737
60
-3838
684
322
11354247
1529
713
111
-3771
653
428
11355272
1551
697
173
-3676
604
504
11356297
1574
706
228
-3679
676
638
11357322
1537
700
328
-3751
820
834
11358347
1415
659
447
-3803
693
943
11359372
1270
611
556
-3814
511
958
11360397
1114
561
659
-3846
340
1155
11361422
964
479
726
-3949
204
1426
11362447
847
353
754
-4393
65
1664
11355263
737
136
701
-5700
101
2109
11356288
631
-290
561
-6674
409
2186
11357313
449
-817
491
-5897
207
1490
11358338
288
-1150
526
-4403
-584
586
11359363
562
-1170
646
-3450
-768
552
11360388
990
-1072
894
-3366
-105
1269
11361413
959
-1099
1158
-4174
526
1767
11362438
570
-1264
1295
-5290
993
1700
11363463
15
-1495
1365
-5894
1080
1108
11364488
-562
-1691
1323
-6112
991
591
11365513
-730
-1820
1361
-6227
510
314
11366538
-233
-1857
1574
-6282
468
373
11367563
283
-1895
1775
-6244
729
431
11368588
514
-1930
1962
-5931
794
320
11369613
734
-1880
2158
-5496
680
163
11370638
984
-1758
2347
-5157
784
104
11363455
981
-1593
2480
-4852
900
188
11364480
779
-1425
2565
-4664
910
310
11365505
495
-1272
2549
-4525
890
211
11366530
120
-1118
2388
-4230
900
96
11367555
-282
-968
2151
-3739
844
151
11368580
-599
-821
1911
-3427
780
236
11369605
-772
-683
1671
-3168
541
311
11370630
-732
-556
1413
-2966
450
385
11371655
-585
-453
1217
-2804
426
392
11372680
-395
-337
1001
-2714
434
372
11373705
-222
-195
762
-2699
579
394
11374730
-178
-54
495
-2766
577
403
11375755
-187
77
179
-2815
407
424
11376780
-56
203
-146
-3074
362
466
11377805
173
327
-461
-3467
447
444
11378830
361
464
-780
-3858
597
424
11371649
495
580
-1089
-4288
641
392
11372674
656
691
-1379
-4774
457
270
11373699
886
768
-1698
-5652
338
106
11374724
1158
826
-2162
-6919
369
-82
11375749
1338
945
-2746
-7776
747
-56
11376774
1329
1075
-3213
-6894
1148
395
11377799
1218
1105
-3354
-5054
933
899
11378824
1343
1108
-3138
-4205
721
1342
11379849
1347
887
-2816
-4594
674
1454
11380874
976
502
-2377
-5057
216
985
11381899
730
271
-2296
-4956
361
254
11382924
761
113
-2363
-4803
983
-176
11383949
804
-11
-2353
-4717
1262
-317
11384974
811
-66
-2352
-4843
1144
-100
11385999
976
-14
-2407
-5049
1055
183
11387024
1297
47
-2394
-5008
1151
518
11379840
1593
59
-2392
-4906
1306
646
11380865
1706
72
-2396
-4640
1497
522
11381890
1657
96
-2250
-4230
1758
430
11382915
1368
128
-1975
-3892
1966
501
11383940
870
160
-1663
-3737
2015
615
11384965
284
183
-1318
-3557
1990
631
11385990
-260
221
-956
-3396
1840
581
11387015
-639
250
-593
-3412
1565
606
11388040
-781
236
-273
-3386
1234
671
11389065
-725
214
-16
-3228
1198
732
11390090
-627
195
226
-3100
1295
829
11391115
-600
168
436
-3105
1250
957
11392140
-681
135
619
-3335
1186
1026
11393165
-857
98
795
-3765
1320
1047
11394190
-1075
28
993
-4308
1283
932
11395215
-1194
-76
1209
-4999
1181
748
11388032
-1207
-189
1450
-6233
1376
714
11389057
-1252
-297
1668
-7450
1699
666
11390082
-1391
-449
1830
-7919
1856
328
11391107
-1537
-587
1949
-7015
1697
-324
11392132
-1619
-625
2179
-5759
1416
-872
11393157
-1763
-560
2598
-5181
1161
-953
11394182
-2047
-440
2949
-5341
838
-757
11395207
-2407
-333
3175
-5812
861
-382
11396232
-2937
-348
3235
-5929
1140
-120
11397257
-3604
-457
3171
-5800
1128
-149
11398282
-3962
-590
3083
-5877
1165
-400
11399307
-3913
-699
2947
-6081
1329
-579
11400332
-3672
-850
2772
-5897
1252
-678
11401357
-3189
-966
2577
-5594
933
-662
11402382
-2512
-1063
2368
-5415
911
-540
11403407
-1927
-1161
2142
-5071
949
-458
11396224
-1495
-1225
1932
-4716
986
-443
11397249
-1148
-1271
1782
-4417
936
-517
11398274
-846
-1249
1727
-4032
844
-533
11399299
-592
-1161
1664
-3729
741
-501
11400324
-377
-1059
1554
-3420
728
-476
11401349
-248
-917
1436
-3123
692
-466
11402374
-150
-741
1320
-2885
628
-440
11403399
-70
-537
1157
-2707
663
-364
11404424
-76
-329
974
-2470
582
-287
11405449
-61
-122
711
-2310
541
-193
11406474
-26
87
426
-2379
551
-134
11407499
-5
296
106
-2625
558
-151
11408524
2
514
-257
-2912
567
-169
11409549
16
733
-607
-3282
598
-104
11410574
52
951
-935
-3711
560
2
11411599
127
1165
-1265
-4124
462
57
11404415
243
1363
-1643
-5006
379
22
11405440
363
1539
-2091
-6168
457
-207
11406465
498
1730
-2598
-7007
446
-407
11407490
670
1942
-3084
-7075
624
-289
11408515
815
2100
-3356
-6395
837
235
11409540
976
2162
-3342
-5734
816
785
11410565
1125
2127
-3053
-5637
619
1026
11411590
1121
1993
-2715
-6137
647
1056
11412615
821
1718
-2388
-6322
845
932
11413640
524
1484
-2231
-6009
943
653
11414665
449
1297
-2101
-5433
1035
450
11415690
582
1179
-1872
-4846
815
399
11416715
907
1071
-1652
-4682
1000
729
11417740
1042
856
-1458
-4410
1015
939
11418765
1136
723
-1348
-4099
920
793
11419790
1331
667
-1318
-3887
922
682
11412608
1550
610
-1338
-3869
1237
771
11413633
1607
508
-1330
-3937
1351
827
11414658
1603
396
-1291
-3922
1268
800
11415683
1637
292
-1245
-3937
1257
743
11416708
1663
186
-1152
-3962
1237
570
11417733
1627
113
-986
-3904
1205
433
11418758
1494
97
-764
-3835
1331
483
11419783
1244
126
-496
-3783
1363
631
11420808
907
170
-215
-3707
1093
710
11421833
568
215
29
-3622
889
791
11422858
245
267
217
-3589
804
955
11423883
-54
279
345
-3740
742
1105
11424908
-369
230
413
-3891
607
1138
11425933
-631
135
439
-4142
490
1122
11426958
-754
-7
483
-4545
453
1022
11427983
-728
-185
577
-5314
478
991
11420800
-655
-360
673
-6102
719
899
11421825
-640
-527
782
-6194
958
857
11422850
-730
-689
942
-6095
1211
872
11423875
-774
-880
1218
-6062
963
606
11424900
-588
-1053
1595
-5206
341
-29
11425925
-150
-1041
2039
-4668
588
-220
11426950
58
-872
2510
-5085
1232
-44
11427975
-409
-719
2839
-5754
1618
61
11429000
-1346
-659
2967
-6363
1638
-46
11430025
-2191
-686
2838
-6596
1508
-403
11431050
-2683
-776
2671
-6063
1205
-696
11432075
-2707
-823
2612
-5636
1280
-881
11433100
-2658
-813
2621
-5704
1459
-892
11434125
-2595
-834
2673
-5434
1242
-767
11435150
-2299
-858
2717
-5104
1002
-620
11436175
-1901
-889
2738
-4910
920
-618
11428992
-1515
-881
2736
-4929
1224
-700
11430017
-1359
-862
2696
-4796
1503
-698
11431042
-1373
-849
2597
-4379
1277
-636
11432067
-1289
-815
2487
-4031
1120
-527
11433092
-1189
-775
2385
-3859
1089
-450
11434117
-1181
-721
2232
-3705
1106
-420
11435142
-1213
-650
2037
-3493
1115
-381
11436167
-1226
-559
1800
-3204
1084
-292
11437192
-1201
-442
1563
-2960
1011
-121
11438217
-1053
-332
1355
-2880
1068
109
11439242
-804
-228
1243
-2964
1176
343
11440267
-526
-131
1177
-3058
1303
588
11441292
-225
-50
1072
-3092
1442
782
11442317
131
28
999
-3069
1803
880
11443342
490
140
1009
-3112
2246
1068
11444367
715
280
1021
-3364
2402
1372
11437184
755
404
893
-3524
2717
1507
11438209
668
494
696
-3618
3340
1573
11439234
550
551
483
-3852
4063
1733
11440259
454
580
288
-3879
4408
2057
11441284
466
577
200
-3457
4064
2243
11442309
680
598
315
-2928
3535
2283
11443334
809
633
552
-2372
3253
2563
11444359
602
642
862
-1949
3402
2775
11445384
102
585
1104
-1748
3489
2610
11446409
-553
475
1191
-1657
3574
2260
11447434
-1167
363
1191
-1563
3241
1869
11448459
-1548
283
1100
-1493
2863
1842
11449484
-1697
209
947
-1397
2814
1952
11450509
-1651
139
816
-1387
3052
1939
11451534
-1470
92
768
-1565
3362
1996
11452559
-1332
66
764
-1728
3316
2194
11445376
-1211
44
800
-1748
3161
2335
11446401
-1156
40
905
-1687
3204
2376
11447426
-1379
16
991
-1654
3442
2558
11448451
-1892
-46
1026
-1597
3292
2523
11449476
-2425
-101
1014
-1475
2736
2300
11450501
-2870
-153
948
-1373
2498
2446
11451526
-3232
-216
934
-1327
2282
2647
11452551
-3384
-236
886
-1031
1748
2506
11453576
-3290
-133
855
-780
1704
2429
11454601
-3173
16
866
-768
1524
2576
11455626
-2933
217
868
-754
1045
2626
11456651
-2526
384
893
-730
897
2807
11457676
-2270
491
922
-879
1022
3092
11458701
-2262
528
901
-1046
893
3526
11459726
-2125
564
927
-861
34
3591
11460751
-1725
641
942
-716
73
3679
11453567
-1597
674
808
-938
405
3833
11454592
-1629
737
765
-1072
397
3937
11455617
-1686
824
756
-1332
97
4319
11456642
-1367
666
739
-1498
209
4502
11457667
-1149
455
772
-1424
325
4295
11458692
-1003
338
783
-1329
197
4038
11459717
-790
234
789
-1368
100
4168
11460742
-529
115
762
-1378
90
4385
11461767
-374
26
686
-1328
131
4246
11462792
-400
-43
585
-1301
188
4020
11463817
-427
-86
472
-1292
73
3928
11464842
-340
-109
357
-1362
51
3970
11465867
-278
-127
218
-1371
97
3836
11466892
-282
-126
21
-1501
-47
3939
11467917
-36
-200
-130
-1472
38
4461
11468942
124
-317
-273
-1282
203
4516
11461760
121
-390
-444
-1134
-116
4192
11462785
226
-415
-641
-1102
-554
3755
11463810
535
-422
-840
-1295
-767
3613
11464835
934
-527
-917
-1569
158
4134
11465860
803
-660
-829
-1389
1400
4459
11466885
237
-649
-661
-1071
1040
4211
11467910
207
-572
-501
-982
505
3994
11468935
446
-479
-404
-799
383
3733
11469960
499
-356
-358
-716
210
3668
11470985
515
-256
-323
-675
71
3735
11472010
485
-190
-307
-676
141
3898
11473035
351
-152
-297
-641
247
4138
11474060
257
-120
-278
-588
238
4244
11475085
219
-106
-276
-553
293
4303
11476110
206
-115
-255
-529
417
4417
11477135
227
-139
-204
-518
422
4448
11469954
247
-162
-167
-496
474
4378
11470979
186
-181
-141
-504
576
4321
11472004
163
-195
-111
-484
460
4347
11473029
211
-218
-87
-511
560
4362
11474054
182
-226
-58
-498
679
4304
11475079
106
-216
-15
-452
632
4169
11476104
41
-202
16
-442
612
4114
11477129
26
-163
56
-471
605
4103
11478154
60
-122
94
-496
711
4143
11479179
4
-92
124
-488
648
4205
11480204
11
-58
133
-532
439
4240
11481229
60
-41
128
-585
519
4256
11482254
-16
-10
107
-566
626
4207
11483279
-51
10
86
-621
465
4273
11484304
26
-3
71
-636
349
4392
11485329
70
-19
40
-563
321
4328
11478145
17
-32
-23
-487
418
4180
11479170
-45
-34
-66
-466
526
4123
11480195
-34
-25
-68
-439
543
4112
11481220
-22
-4
-51
-439
542
4051
11482245
5
14
-49
-491
530
4133
11483270
16
20
-54
-521
602
4297
11484295
32
72
-90
-369
591
3678
11485320
-121
117
-82
-560
1001
4143
11486345
-3
6
84
-561
1019
4888
11487370
-50
-55
150
-421
712
4833
11488395
-229
-92
161
-366
466
4635
11489420
-226
-138
159
-296
323
4351
11490445
-222
-159
156
-326
216
4051
11491470
-195
-163
146
-429
315
4004
11492495
-119
-148
154
-477
506
3988
11493520
-31
-90
176
-406
464
3840
11486337
77
3
174
-423
385
3759
11487362
199
71
171
-491
342
3935
11488387
266
67
149
-539
466
4244
11489412
190
32
119
-533
614
4421
11490437
55
13
97
-447
513
4264
11491462
45
6
81
-450
355
4061
11492487
107
-20
67
-521
504
4140
11493512
99
-39
70
-522
652
4309
11494537
26
-38
71
-404
652
4383
11495562
-34
-37
77
-254
638
4435
11496587
-110
-55
101
-217
655
4461
11497612
-185
-83
148
-230
607
4375
11498637
-197
-129
204
-210
632
4369
11499662
-188
-167
274
-180
679
4388
11500687
-207
-186
345
-173
644
4295
11501712
-239
-172
398
-148
507
3938
11494742
-270
-131
432
-239
319
3784
11495767
-178
-125
468
-386
374
4048
11496792
-127
-131
489
-501
581
4237
11497817
-195
-107
450
-391
520
4315
11498842
-183
-81
437
-270
363
4195
11499867
-138
-39
428
-248
302
4230
11500892
-76
-63
417
-244
295
4487
11501917
-92
-122
404
-149
455
4509
11502942
-231
-129
414
24
467
4440
11503967
-270
-151
464
108
400
4552
11504992
-186
-222
527
103
208
4624
11506017
-122
-289
559
189
227
4406
11507042
-168
-291
564
319
460
4216
11508067
-261
-287
599
265
321
4255
11509092
-219
-306
643
134
66
4077
11510117
-140
-293
634
125
184
3838
11502720
-105
-242
639
106
194
3982
11503745
-27
-221
589
-11
164
4249
11504770
-69
-229
526
-227
448
4302
11505795
-249
-200
466
-113
252
4030
11506820
-229
-141
365
-122
-82
4027
11507845
-37
-148
315
-312
57
4349
11508870
-10
-197
275
-247
204
4389
11509895
-123
-185
214
-33
402
4170
11510920
-229
-114
269
10
321
4190
11511945
-186
-93
287
-109
160
4306
11512970
-212
-71
234
-144
72
3956
11513995
-179
34
155
-232
-304
3751
11515020
47
65
60
-457
-219
4088
11516045
161
6
-6
-227
123
4230
11517070
106
-2
-68
-70
154
4131
11518095
148
-11
-91
-94
169
4445
11510912
119
-59
-121
62
110
4380
11511937
20
-40
-207
210
-132
3997
11512962
160
18
-291
150
-302
3834
11513987
435
83
-371
6
-243
3834
11515012
578
119
-435
-114
111
4113
11516037
504
121
-485
-107
203
4321
11517062
411
156
-526
-58
244
4355
11518087
377
166
-554
-78
417
4414
11519112
354
147
-558
-66
517
4322
11520137
327
167
-528
74
503
4184
11521162
370
190
-475
148
583
4287
11522187
374
167
-428
98
745
4360
11523212
271
142
-366
125
720
4282
11524237
165
118
-293
140
697
4218
11525262
83
95
-230
196
658
4195
11526287
83
78
-170
252
624
4295
11519104
95
59
-118
225
706
4190
11520129
79
73
-70
155
726
4061
11521154
69
69
-14
-15
575
4173
11522179
60
32
7
-118
634
4311
11523204
-21
5
17
-151
663
4285
11524229
-85
3
40
-177
487
4270
11525254
-70
4
36
-241
408
4276
11526279
-59
21
-5
-275
532
4146
11527304
-87
72
-14
-257
675
4044
11528329
-79
110
35
-242
559
4195
11529354
-25
119
66
-177
466
4319
11530379
-74
132
51
-131
521
4228
11531404
-158
145
56
-91
464
4147
11532429
-166
135
70
-91
360
4278
11533454
-103
114
79
-58
408
4382
11534479
-130
103
70
-30
471
4326
11527296
-264
88
53
-113
549
4276
11528321
-373
65
50
-80
424
4135
11529346
-242
135
27
33
323
3601
11530371
23
248
-13
-213
157
3581
11531396
301
243
-29
-432
216
4317
11532421
327
148
-108
-526
553
4664
11533446
56
36
-189
-434
683
4753
11534471
-107
-28
-210
-329
470
4576
11535496
-71
-9
-218
-353
227
4255
11536521
-7
29
-255
-486
227
4209
11537546
-29
71
-263
-475
153
4161
11538571
-37
120
-273
-381
142
4146
11539596
-40
131
-288
-280
402
4094
11540621
-92
184
-277
-132
555
3732
11541646
-175
295
-188
-219
660
3654
11542671
-205
303
-86
-243
684
4197
11535488
-102
205
-50
-295
611
4557
11536513
18
115
-12
-224
794
4496
11537538
-23
90
42
-121
722
4369
11538563
4
53
88
-113
509
4367
11539588
48
-5
123
-208
420
4489
11540613
-17
-63
119
-258
248
4456
11541638
-101
-87
65
-252
50
4228
11542663
-41
-84
21
-264
22
4025
11543688
104
-76
0
-365
109
4156
11544713
143
-91
-24
-498
326
4427
11545738
-13
-108
-54
-519
489
4511
11546763
-163
-94
-66
-466
367
4377
11547788
-81
-15
-62
-313
129
3513
11548813
179
61
-119
-674
429
3607
11549838
317
9
-63
-738
846
4601
11550863
89
-22
-31
-483
641
4629
11543679
-106
-48
-60
-393
433
4533
11544704
-124
-90
-76
-292
171
4412
11545729
-72
-90
-114
-328
-25
4210
11546754
-28
-95
-180
-426
93
4126
11547779
-13
-97
-228
-406
216
4133
11548804
36
-68
-233
-347
352
4057
11549829
110
-25
-225
-307
467
4016
11550854
186
12
-187
-297
612
4004
11551879
228
38
-144
-300
714
4077
11552904
223
55
-84
-289
756
4180
11553929
175
42
-2
-267
845
4377
11554954
73
8
92
-232
814
4458
11555979
-50
-18
173
-195
627
4370
11557004
-123
-40
230
-180
490
4308
11558029
-149
-66
285
-179
458
4313
11559054
-172
-74
326
-173
343
4245
11551873
-173
-69
334
-171
254
4069
11552898
-125
-67
341
-254
349
4186
11553923
-80
-80
378
-345
395
4373
11554948
-105
-94
376
-339
297
4344
11555973
-143
-92
335
-328
222
4153
11556998
-114
-66
278
-374
209
4074
11558023
-48
-39
231
-457
328
4142
11559048
-14
-24
215
-418
443
4179
11560073
-26
0
211
-323
442
4177
11561098
-29
11
214
-297
439
4256
11562123
-38
9
217
-279
389
4274
11563148
-44
8
204
-234
317
4178
11564173
-21
-1
198
-212
436
4210
11565198
-14
-20
224
-185
523
4334
11566223
-53
-40
261
-183
458
4358
11567248
-101
-56
272
-229
356
4253
11560064
-123
-51
253
-293
354
4107
11561089
-118
-31
228
-360
302
4121
11562114
-87
-24
199
-413
262
4218
11563139
-68
-30
158
-348
206
4198
11564164
-63
-26
99
-260
214
4219
11565189
-62
-32
67
-176
319
4339
11566214
-80
-53
66
-118
307
4423
11567239
-92
-88
69
-109
333
4285
11568264
-107
-88
86
-133
410
4150
11569289
-83
-91
118
-173
376
4278
11570314
-63
-106
137
-161
315
4318
11571339
-62
-97
148
-159
240
4192
11572364
-48
-78
152
-144
133
4175
11573389
-25
-73
138
-120
171
4262
11574414
-24
-76
133
-165
271
4285
11575439
