Device = VHR-0009
time_stamp = 1777363456379
sample_rate = 50
Data format = INT16
TYPE = 6-AXIS IMU RAW DATA
-31
20
39
-642
3064
2617
15901824
-24
18
39
-637
3103
2599
15902849
-40
21
39
-635
3104
2622
15903874
-42
29
45
-626
3055
2626
15904899
-23
37
49
-636
3083
2625
15905924
-10
41
45
-629
3142
2640
15906949
-23
42
44
-628
3086
2632
15907974
-10
39
47
-631
3042
2605
15908999
-5
28
55
-624
3079
2562
15910024
-44
12
64
-628
3102
2592
15911049
-83
-4
71
-625
3108
2630
15912074
-108
-6
65
-618
3148
2648
15913099
-120
3
53
-654
3127
2671
15914124
-86
9
41
-645
3078
2794
15915149
-84
20
43
-592
2973
2891
15916174
-131
49
53
-635
2950
2853
15917199
-191
58
61
-612
2944
2948
15910016
-272
82
102
-520
2934
3151
15911041
-412
163
169
-497
2853
3120
15912066
-640
240
255
-471
2577
3022
15913091
-828
328
379
-370
2215
2999
15914116
-934
507
560
-479
2053
3319
15915141
-1155
626
851
-305
2536
3574
15916166
-1512
744
1088
-195
2467
3433
15917191
-1963
760
1266
-574
2450
3037
15918216
-2522
599
1453
-513
1925
2773
15919241
-2528
488
1631
-522
1028
2754
15920266
-1895
262
1708
-525
1091
2858
15921291
-1262
-61
1741
-301
1541
2746
15922316
-976
-317
1850
-249
1108
2561
15923341
-691
-595
1951
-58
920
2370
15924366
-422
-913
2032
413
1576
2760
15925391
-1963
760
1266
-574
2450
3037
15918216
-2522
599
1453
-513
1925
2773
15919241
-2528
488
1631
-522
1028
2754
15920266
-1895
262
1708
-525
1091
2858
15921291
-1262
-61
1741
-301
1541
2746
15922316
-976
-317
1850
-249
1108
2561
15923341
-691
-595
1951
-58
920
2370
15924366
-422
-913
2032
413
1576
2760
15925391
-389
-1148
2093
980
2363
3177
15918208
-40
-1223
2053
1334
1983
3172
15919233
437
-1236
1976
1013
1702
2798
15920258
729
-1360
1910
1074
1764
2509
15921283
803
-1471
1885
1217
1775
2467
15922308
693
-1585
1916
1377
1842
2562
15923333
509
-1723
2012
1691
2028
2679
15924358
302
-1820
2118
2103
2121
2550
15925383
79
-1851
2199
2241
1854
2480
15926408
118
-1923
2165
2536
1551
2400
15927433
484
-1988
2091
2855
1438
2453
15928458
834
-2035
1995
3267
1822
2469
15929483
866
-1995
1933
3566
1906
2357
15930508
830
-1925
1880
3662
1581
2335
15931533
904
-1892
1811
3802
1463
2308
15932558
1007
-1846
1767
3981
1375
2212
15933583
1119
-1766
1751
4116
1319
2149
15926400
1180
-1686
1750
4232
1341
2042
15927425
1238
-1598
1725
4361
1295
1967
15928450
1301
-1487
1657
4459
1276
2046
15929475
1349
-1343
1539
4519
1172
2098
15930500
1493
-1160
1375
4508
1057
1978
15931525
1667
-969
1171
4424
1153
1786
15932550
1708
-790
954
4329
1319
1662
15933575
1611
-625
743
4230
1462
1635
15934600
1391
-483
543
4128
1554
1691
15935625
1071
-359
362
4089
1543
1625
15936650
773
-222
210
3994
1464
1444
15937675
572
-114
85
3875
1409
1363
15938700
432
-42
8
3812
1406
1383
15939725
317
17
-31
3769
1370
1367
15940750
245
69
-61
3713
1306
1329
15941775
205
100
-90
3684
1275
1300
15934592
173
121
-110
3687
1266
1231
15935617
147
140
-133
3701
1259
1174
15936642
113
157
-170
3721
1264
1126
15937667
57
172
-222
3737
1249
1098
15938692
-8
185
-287
3757
1220
1055
15939717
-65
191
-361
3769
1180
1016
15940742
-111
192
-433
3768
1137
991
15941767
-144
186
-497
3768
1093
983
15942792
-168
176
-551
3757
1065
981
15943817
-184
164
-594
3731
1031
945
15944842
-193
150
-625
3686
1012
938
15945867
-210
127
-639
3643
997
953
15946892
-239
98
-637
3627
981
950
15947917
-265
71
-615
3611
964
964
15948942
-289
48
-573
3601
942
987
15949967
-296
27
-519
3584
919
981
15942784
-286
4
-456
3555
911
983
15943809
-273
-26
-389
3538
904
1009
15944834
-271
-58
-321
3537
902
1036
15945859
-275
-87
-254
3546
904
1040
15946884
-286
-114
-183
3544
922
1058
15947909
-306
-141
-112
3571
913
1101
15948934
-321
-157
-46
3587
911
1110
15949959
-324
-167
14
3596
915
1124
15950984
-317
-173
65
3618
907
1148
15952009
-289
-168
108
3629
901
1146
15953034
-243
-162
145
3626
921
1134
15954059
-204
-160
178
3632
945
1153
15955084
-181
-157
210
3645
969
1159
15956109
-172
-154
240
3651
997
1165
15957134
-171
-148
264
3656
993
1159
15958159
-161
-136
280
3669
986
1154
15950976
-125
-118
286
3669
964
1152
15952001
-62
-95
281
3678
973
1138
15953026
7
-75
273
3687
1004
1123
15954051
57
-58
264
3690
1035
1120
15955076
78
-48
251
3698
1064
1131
15956101
76
-44
236
3695
1082
1117
15957126
64
-43
220
3698
1095
1097
15958151
50
-40
204
3689
1092
1084
15959176
40
-40
185
3685
1094
1080
15960201
30
-40
161
3663
1104
1079
15961226
16
-41
133
3663
1100
1082
15962251
3
-41
103
3658
1085
1073
15963276
1
-37
74
3652
1077
1074
15964301
6
-34
48
3664
1073
1082
15965326
17
-27
25
3670
1064
1076
15966351
29
-21
2
3679
1066
1080
15959168
35
-18
-19
3689
1074
1082
15960193
34
-16
-39
3691
1068
1077
15961218
28
-15
-62
3688
1047
1084
15962243
24
-14
-83
3688
1030
1078
15963268
23
-12
-100
3701
1023
1084
15964293
16
-11
-114
3704
1019
1092
15965318
-3
-10
-122
3692
1008
1093
15966343
-22
-9
-125
3685
985
1078
15967368
-32
-7
-124
3667
968
1081
15968393
-32
-6
-116
3665
953
1074
15969418
-30
-4
-100
3663
954
1069
15970443
-35
-6
-80
3662
962
1072
15971468
-45
-11
-58
3666
955
1065
15972493
-49
-15
-36
3675
941
1051
15973518
-39
-15
-17
3685
949
1041
15974543
-25
-13
-5
3665
955
1047
15967360
-22
-16
1
3661
969
1047
15968385
-27
-20
2
3676
983
1032
15969410
-35
-21
6
3675
977
1026
15970435
-39
-23
10
3677
967
1032
15971460
-37
-27
16
3687
972
1034
15972485
-33
-28
20
3695
980
1025
15973510
-23
-26
22
3702
971
1010
15974535
-6
-23
23
3696
979
1017
15975560
3
-23
24
3677
980
1018
15976585
4
-25
25
3672
994
1011
15977610
-8
-26
28
3679
1005
1009
15978635
-29
-29
38
3673
1011
1006
15979660
-44
-32
50
3667
1000
1016
15980685
-44
-35
56
3677
995
1005
15981710
-34
-38
58
3689
998
998
15982735
-25
-38
53
3687
1010
996
15975553
-27
-40
45
3696
1027
996
15976578
-38
-41
36
3694
1012
1002
15977603
-40
-40
26
3702
989
997
15978628
-27
-38
20
3700
990
1004
15979653
-11
-34
18
3697
984
1020
15980678
6
-30
13
3697
981
1040
15981703
5
-29
21
3674
981
1022
15982728
19
-34
34
3665
943
1001
15983753
36
-39
26
3684
1025
1024
15984778
-7
-33
23
3670
1074
1021
15985803
-67
-29
34
3679
1000
1025
15986828
-85
-29
31
3702
933
1017
15987853
-31
-25
18
3707
936
998
15988878
16
-16
7
3659
979
1003
15989903
14
-19
4
3657
1007
1012
15990928
-17
-20
6
3673
986
1012
15983744
-17
-15
11
3669
986
994
15984769
-12
-21
14
3677
997
998
15985794
-24
-37
17
3686
1043
1028
15986819
-67
-59
20
3725
1072
1072
15987844
-120
-67
23
3719
1041
1100
15988869
-146
-64
24
3690
1016
1091
15989894
-140
-51
12
3680
1004
1084
15990919
-123
-31
-6
3691
1001
1075
15991944
-107
-9
-27
3705
982
1082
15992969
-91
8
-37
3702
984
1060
15993994
-83
15
-31
3674
990
1019
15995019
-86
5
-18
3693
1012
1011
15996044
-112
-5
-7
3711
1020
1020
15997069
-147
-7
-2
3697
1005
995
15998094
-172
-10
-3
3687
1002
990
15999119
-197
-18
-8
3661
1024
1115
15991936
-280
-22
-5
3674
1116
1267
15992961
-441
75
7
3728
1184
1374
15993986
-812
276
-12
3725
1148
1568
15995011
-1295
411
-80
3903
1516
2029
15996036
-1757
619
-69
4060
1274
2196
15997061
-1894
817
-29
3816
556
2276
15998086
-1481
833
-44
3723
272
2373
15999111
-807
838
-122
3838
496
2331
16000136
-246
893
-179
3762
677
2121
16001161
129
890
-193
3653
822
1836
16002186
317
835
-203
3597
947
1605
16003211
309
768
-196
3532
973
1493
16004236
259
704
-187
3445
885
1386
16005261
304
619
-203
3359
835
1261
16006286
391
515
-217
3290
831
1175
16007311
407
396
-220
3233
927
1162
16000253
312
272
-212
3233
948
1132
16001278
215
159
-190
3232
915
1071
16002303
176
51
-169
3213
855
1027
16003328
215
-53
-149
3204
837
980
16004353
296
-159
-124
3175
865
968
16005378
352
-273
-94
3200
890
1004
16006403
375
-382
-68
3261
886
1065
16007428
391
-476
-52
3282
880
1169
16008453
401
-559
-35
3282
851
1221
16009478
439
-629
-13
3301
820
1244
16010503
516
-689
9
3359
817
1195
16011528
627
-742
29
3465
828
1143
16012553
760
-780
47
3566
889
1160
16013578
851
-804
70
3636
963
1222
16014603
870
-812
103
3686
1048
1248
16015628
810
-819
140
3727
1149
1266
16008319
658
-830
183
3791
1264
1289
16009344
399
-842
238
3868
1353
1357
16010369
65
-849
292
3939
1369
1431
16011394
-262
-840
337
3993
1290
1522
16012419
-513
-815
370
3965
1195
1550
16013444
-677
-787
395
3899
1135
1602
16014469
-743
-736
412
3878
991
1646
16015494
-584
-625
410
3860
830
1619
16016519
-330
-493
404
3868
962
1577
16017544
-288
-344
390
3859
1251
1596
16018569
-440
-226
413
3814
1152
1518
16019594
-424
-150
429
3758
1113
1428
16020619
-400
-113
410
3730
1268
1258
16021644
-519
-73
415
3738
1243
1074
16022669
-624
-21
402
3697
1167
962
16023694
-636
15
355
3692
1121
892
16016512
-583
56
313
3720
1088
835
16017537
-513
97
255
3712
1088
785
16018562
-451
117
172
3789
1101
716
16019587
-389
156
83
3789
1111
646
16020612
-331
181
-19
3751
1086
589
16021637
-272
190
-142
3772
1038
546
16022662
-204
203
-276
3864
980
504
16023687
-119
234
-404
3899
958
444
16024712
-15
263
-518
3876
931
349
16025737
103
287
-627
3820
875
252
16026762
228
290
-741
3801
852
194
16027787
342
285
-845
3816
826
185
16028812
449
277
-925
3832
790
181
16029837
563
269
-964
3844
764
153
16030862
673
256
-957
3860
768
109
16031887
766
235
-908
3960
800
60
16024704
833
222
-813
4017
829
57
16025729
863
201
-676
4066
846
110
16026754
869
196
-511
4030
877
154
16027779
878
204
-339
3849
869
215
16028804
901
186
-179
3745
805
283
16029829
921
185
-59
3671
789
356
16030854
920
212
29
3703
732
404
16031879
956
281
131
3917
539
370
16032904
1084
381
287
4304
536
324
16033929
1238
490
506
4859
596
179
16034954
1460
659
771
5019
577
32
16035979
1739
807
989
4486
587
100
16037004
1976
795
1086
4008
745
307
16038029
2065
686
1086
3527
1010
701
16039054
1803
471
1058
3284
1142
1223
16040079
1255
250
1045
3364
1120
1588
16032896
622
112
1079
3579
1073
1493
16033921
137
98
1156
3815
933
1143
16034946
1
183
1260
3946
598
752
16035971
356
323
1346
3921
170
564
16036996
1127
464
1372
3738
121
590
16038021
1963
548
1335
3600
476
637
16039046
2537
579
1278
3531
824
639
16040071
2836
591
1199
3448
953
600
16041096
2952
556
1092
3432
1024
507
16042121
2903
480
983
3521
1167
436
16043146
2684
403
881
3570
1269
433
16044171
2418
335
779
3581
1244
410
16045196
2226
262
669
3503
1197
442
16046221
2138
171
568
3421
1122
599
16047246
2146
99
451
3309
1063
683
16048271
2194
46
316
3202
963
661
16041088
2279
4
181
3107
977
690
16042113
2333
-42
63
3058
1050
784
16043138
2313
-81
-32
3067
1044
836
16044163
2243
-119
-88
3093
998
840
16045188
2142
-169
-102
3188
1046
896
16046213
2009
-215
-74
3344
1103
930
16047238
1858
-248
-6
3493
1094
906
16048263
1724
-281
72
3626
1037
863
16049288
1657
-309
148
3720
983
821
16050313
1675
-352
218
3836
963
815
16051338
1747
-421
287
4068
985
766
16052363
1791
-524
377
4557
1155
796
16053388
1760
-559
480
4833
1228
974
16054413
1744
-561
582
5079
1340
1133
16055438
1684
-550
640
5574
1519
1337
16056463
1486
-434
707
5656
1714
1452
16049279
1039
-249
676
4978
1693
1318
16050304
555
-129
490
4278
1482
1131
16051329
258
-60
194
4230
1104
997
16052354
318
89
-161
4397
800
947
16053379
533
325
-533
4311
672
819
16054404
709
533
-839
4163
800
677
16055429
768
688
-1026
4033
827
622
16056454
816
828
-1199
3859
823
614
16057479
906
917
-1367
3606
859
599
16058504
888
935
-1473
3563
838
556
16059529
810
948
-1549
3583
873
496
16060554
721
951
-1565
3649
907
435
16061579
619
963
-1523
3799
858
259
16062604
565
999
-1436
3842
802
66
16063629
567
1014
-1314
3796
790
-26
16064654
591
995
-1157
3771
781
-55
16057472
631
960
-970
3636
792
-36
16058497
704
886
-773
3520
756
-37
16059522
801
781
-569
3359
760
-14
16060547
877
655
-365
3129
792
44
16061572
896
506
-169
2949
785
79
16062597
861
342
19
2863
799
95
16063622
767
188
219
2859
847
101
16064647
622
52
449
2868
861
123
16065672
473
-80
714
2919
855
159
16066697
368
-216
1007
3132
876
221
16067722
332
-328
1326
3496
878
256
16068747
361
-408
1667
3861
903
255
16069772
437
-475
2009
4220
1014
282
16070797
511
-537
2337
4586
1183
429
16071822
516
-587
2622
4959
1290
613
16072847
488
-616
2797
5576
1353
552
16065664
552
-600
2868
6135
1400
393
16066689
738
-538
2806
6369
1486
359
16067714
979
-507
2587
6653
1511
370
16068739
1219
-349
2198
5814
1537
792
16069764
1280
-141
1681
3775
1427
1472
16070789
1104
-188
1027
2359
1131
1836
16071814
801
-452
334
2594
941
1676
16072839
431
-458
-259
3222
1213
1362
16073864
-32
-213
-686
3396
1252
946
16074889
-214
52
-1026
3528
909
459
16075914
13
316
-1255
3648
755
220
16076939
374
555
-1344
3667
525
346
16077964
840
745
-1382
3576
322
787
16078989
1481
912
-1434
3388
340
856
16080014
2182
1018
-1435
2923
644
583
16081039
2600
897
-1363
2668
1063
668
16073855
2538
619
-1227
2773
1470
1073
16074880
2036
400
-1036
2873
1677
1128
16075905
1201
190
-827
2835
1700
1137
16076930
161
-75
-635
3043
1697
1320
16077955
-870
-239
-431
3270
1454
1350
16078980
-1597
-253
-266
3230
1076
1224
16080005
-1892
-259
-231
3031
642
1158
16081030
-1820
-276
-260
3018
343
1121
16082055
-1489
-266
-296
3110
190
1120
16083080
-1036
-264
-339
3278
232
1141
16084105
-621
-278
-327
3632
441
1132
16085130
-369
-292
-216
4040
571
1041
16086155
-216
-297
-55
4441
707
847
16087180
-81
-310
149
4920
839
616
16088205
45
-346
378
5467
955
403
16089230
129
-397
635
5966
1216
468
16082048
65
-393
890
6049
1524
807
16083073
-126
-327
1081
5412
1662
986
16084098
-350
-280
1093
4518
1521
799
16085123
-455
-275
869
3933
1442
568
16086148
-668
-267
525
3687
1416
499
16087173
-1081
-236
116
3698
1234
506
16088198
-1493
-169
-333
3840
998
460
16089223
-1731
-30
-735
4010
979
410
16090248
-1832
133
-987
4033
845
332
16091273
-1741
261
-1127
3950
748
314
16092298
-1583
359
-1204
3844
811
363
16093323
-1444
444
-1216
3745
810
414
16094348
-1301
494
-1195
3695
792
439
16095373
-1124
530
-1131
3719
723
375
16096398
-880
570
-1042
3714
703
253
16097423
-630
624
-949
3608
681
164
16090240
-369
638
-877
3526
699
152
16091265
-179
642
-827
3433
681
159
16092290
-17
636
-817
3307
651
115
16093315
123
617
-815
3243
683
76
16094340
212
593
-779
3152
686
112
16095365
263
555
-718
3108
670
187
16096390
291
521
-638
3241
668
160
16097415
346
504
-519
3355
681
99
16098440
436
449
-358
3551
669
87
16099465
567
390
-176
3840
626
48
16100490
779
360
33
3999
570
5
16101515
1036
294
259
3981
621
182
16102540
1235
177
529
4231
697
377
16103565
1407
104
842
4454
802
342
16104590
1592
-2
1189
4778
904
226
16105615
1695
-211
1579
5660
1179
275
16098431
1586
-272
1966
5499
1650
810
16099456
1200
-245
2247
4059
1644
1402
16100481
826
-332
2248
3013
1188
1529
16101506
722
-515
1984
3025
890
1436
16102531
755
-603
1659
3835
737
1282
16103556
781
-425
1346
4296
596
1057
16104581
862
-149
1025
4256
469
662
16105606
1138
89
724
4124
397
306
16106631
1582
275
461
3968
431
278
16107656
2035
379
263
3749
605
535
16108681
2274
410
143
3562
963
793
16109706
2270
402
114
3344
1284
922
16110731
2075
324
186
3116
1441
936
16111756
1728
182
306
2973
1471
982
16112781
1276
14
439
2943
1410
1023
16113806
835
-122
555
2911
1277
982
16106625
555
-197
644
2852
1155
929
16107650
467
-243
708
2801
1132
939
16108675
436
-288
740
2850
1106
976
16109700
424
-292
727
2855
1053
943
16110725
444
-300
674
2784
1079
970
16111750
434
-383
614
3052
1125
1071
16112775
378
-455
574
3562
1281
1183
16113800
235
-483
552
3995
1400
1245
16114825
41
-500
537
4354
1441
1223
16115850
-137
-492
496
4593
1483
1187
16116875
-273
-451
399
4690
1443
1170
16117900
-352
-430
236
4970
1295
1142
16118925
-324
-402
34
5454
1180
1091
16119950
-200
-320
-172
5980
1224
972
16120975
-123
-131
-337
5963
1391
952
16122000
-166
140
-485
4895
1333
1035
16114816
-219
271
-681
3839
1142
1042
16115841
-289
218
-963
3668
1086
1020
16116866
-473
178
-1246
4147
1179
948
16117891
-768
269
-1453
4562
1254
866
16118916
-1071
427
-1607
4745
1007
624
16119941
-1189
599
-1747
4705
803
414
16120966
-1150
723
-1869
4725
691
307
16121991
-1018
854
-1960
4566
579
251
16123016
-806
942
-2025
4275
548
333
16124041
-556
955
-2059
4183
571
415
16125066
-294
973
-2056
4070
593
370
16126091
-55
981
-2014
3840
609
257
16127116
110
949
-1938
3621
637
158
16128141
177
879
-1842
3591
718
136
16129166
133
834
-1705
3607
739
86
16130191
40
806
-1545
3457
714
58
16123008
-53
752
-1369
3294
678
48
16124033
-130
685
-1173
3047
681
119
16125058
-191
581
-967
2982
648
264
16126083
-196
497
-759
2960
539
338
16127108
-117
448
-530
2871
475
270
16128133
21
391
-271
2843
456
212
16129158
207
315
31
2956
520
256
16130183
373
252
381
3100
616
388
16131208
491
207
767
3101
558
486
16132233
635
132
1173
3290
447
450
16133258
902
18
1618
3975
451
272
16134283
1319
-81
2166
4844
518
0
16135308
1809
-202
2819
5754
823
-76
16136333
2187
-271
3436
6035
1327
243
16137358
2294
-293
3858
5509
1607
660
16138383
2256
-341
3986
4745
1613
1080
16131200
2125
-461
3761
4529
1429
1259
16132225
1910
-527
3310
4908
1034
1018
16133250
1699
-397
2775
5128
788
567
16134275
1550
-132
2203
4887
685
111
16135300
1631
106
1615
4404
547
-143
16136325
2034
260
1100
4015
531
-66
16137350
2535
350
708
3840
650
152
16138375
2906
437
440
3735
905
307
16139400
3091
514
282
3593
1089
235
16140425
3138
531
241
3471
1275
125
16141450
3044
495
318
3296
1457
148
16142475
2832
417
477
3126
1534
220
16143500
2584
299
665
3041
1522
287
16144525
2302
141
852
3015
1511
397
16145550
1947
-40
1026
3007
1563
533
16146575
1527
-214
1195
2947
1628
717
16139404
1065
-408
1324
2958
1723
941
16140429
560
-606
1410
3094
1870
1139
16141454
19
-767
1460
3309
1951
1321
16142479
-519
-908
1457
3629
1948
1490
16143504
-988
-1025
1369
4120
1915
1537
16144529
-1359
-1113
1201
4984
1904
1357
16145554
-1735
-1123
986
6247
1760
1160
16146579
-2069
-849
669
6877
1578
1056
16147604
-2116
-323
210
6130
1412
1073
16148629
-1848
74
-299
5160
1078
1184
16149654
-1419
306
-838
4571
783
1373
16150679
-1056
480
-1391
4185
771
1434
16151704
-915
604
-1874
4183
886
1232
16152729
-981
710
-2206
4407
1028
919
16153754
-1158
840
-2366
4617
1151
620
16154779
-1420
993
-2395
4778
1161
355
16147584
-1683
1139
-2335
4884
982
140
16148609
-1805
1274
-2205
4847
817
8
16149634
-1744
1381
-2024
4637
764
-72
16150659
-1559
1436
-1823
4418
780
-184
16151684
-1336
1441
-1622
4243
772
-251
16152709
-1132
1399
-1432
4268
746
-351
16153734
-951
1375
-1262
4165
749
-496
16154759
-794
1338
-1108
4013
797
-592
16155784
-722
1267
-977
4036
884
-646
16156809
-695
1215
-848
3949
924
-676
16157834
-694
1152
-737
3755
880
-695
16158859
-668
1048
-681
3593
790
-695
16159884
-604
906
-663
3559
802
-640
16160909
-562
771
-653
3487
773
-611
16161934
-501
627
-650
3427
742
-610
16162959
-425
458
-648
3494
773
-615
16155776
-376
278
-632
3621
821
-588
16156801
-369
96
-612
3695
814
-456
16157826
-385
-95
-599
3694
764
-149
16158851
-361
-285
-591
4075
736
165
16159876
-196
-345
-534
4922
800
147
16160901
69
-313
-376
5609
1056
128
16161926
374
-243
-30
5049
815
371
16162951
757
-301
396
3642
250
747
16163976
1213
-517
689
2366
168
1325
16165001
1528
-840
872
1713
547
1892
16166026
1450
-1239
1128
1853
995
2313
16167051
905
-1584
1517
2439
1249
2629
16168076
49
-1761
1956
3005
1340
2716
16169101
-832
-1827
2276
3716
1332
2256
16170126
-1580
-1697
2394
4386
1186
1788
16171151
-2057
-1416
2322
4673
814
1667
16163968
-2094
-1066
2076
4732
225
1398
16164993
-1567
-713
1728
4409
-262
1297
16166018
-706
-476
1347
4078
-15
1542
16167043
-6
-320
1014
3957
504
1815
16168068
434
-203
771
3865
911
1937
16169093
491
-116
557
3886
1168
1788
16170118
294
-46
417
3841
1219
1548
16171143
-67
-8
324
3795
1277
1363
16172168
-452
18
310
3752
1260
1273
16173193
-701
35
320
3619
1140
1272
16174218
-745
40
294
3512
1027
1288
16175243
-621
72
249
3376
937
1237
16176268
-413
96
169
3175
894
1130
16177293
-186
62
39
3100
986
1034
16178318
-81
25
-81
3252
1135
976
16179343
-143
-15
-186
3551
1198
889
16172161
-322
-62
-305
3981
1263
742
16173186
-560
-59
-389
4287
1290
560
16174211
-765
-63
-470
4532
1262
442
16175236
-872
-101
-581
4918
1210
406
16176261
-822
-81
-693
4993
1139
454
16177286
-645
-87
-798
4874
1074
519
16178311
-452
-151
-908
4983
1097
544
16179336
-329
-177
-1014
4893
1237
658
16180361
-366
-182
-1095
4605
1299
664
16181386
-511
-225
-1219
4507
1232
491
16182411
-745
-267
-1351
4731
1344
401
16183436
-1164
-204
-1407
4640
1445
436
16184461
-1672
-123
-1402
4367
1355
483
16185486
-2074
-69
-1393
4188
1163
447
16186511
-2281
8
-1382
4010
1067
384
16187536
-2352
126
-1336
3728
906
276
16180352
-2241
209
-1323
3550
742
197
16181377
-2033
283
-1325
3576
659
170
16182402
-1800
383
-1304
3599
590
142
16183427
-1465
462
-1324
3691
646
114
16184452
-1136
502
-1351
3868
804
71
16185477
-965
546
-1339
3951
899
20
16186502
-901
572
-1326
3877
855
-22
16187527
-832
542
-1328
3852
829
-94
16188552
-762
496
-1329
3785
763
-147
16189577
-654
432
-1333
3611
730
-102
16190602
-560
349
-1327
3401
733
49
16191627
-467
261
-1299
3380
651
78
16192652
-329
186
-1237
3518
686
2
16193677
-238
114
-1122
3497
787
103
16194702
-251
18
-967
3425
821
218
16195727
-320
-125
-778
3605
784
303
16188543
-411
-263
-535
3806
806
488
16189568
-511
-376
-234
3944
796
635
16190593
-523
-486
112
4066
637
585
16191618
-313
-609
532
4150
537
446
16192643
49
-803
1015
4168
812
739
16193668
331
-981
1448
3604
1205
1433
16194693
379
-1148
1764
3018
1184
1922
16195718
235
-1345
1886
3063
1008
2058
16196743
6
-1482
1863
3673
1023
1933
16197768
-251
-1441
1806
4383
1014
1641
16198793
-361
-1204
1707
4743
888
1263
16199818
-234
-895
1541
4696
740
968
16200843
112
-607
1344
4460
445
978
16201868
680
-377
1107
4062
233
1221
16202893
1310
-240
847
3657
436
1485
16203918
1712
-169
669
3399
780
1642
16196736
1833
-131
606
3236
1013
1565
16197761
1774
-89
613
3145
1131
1279
16198786
1618
-54
661
3170
1207
1094
16199811
1388
-26
748
3247
1314
1036
16200836
1121
-10
888
3283
1366
1019
16201861
860
-21
1042
3281
1369
997
16202886
651
-51
1173
3184
1360
1021
16203911
491
-100
1274
3048
1383
1097
16204936
354
-183
1337
2987
1425
1153
16205961
214
-296
1366
3133
1503
1208
16206986
19
-397
1357
3594
1604
1220
16208011
-247
-428
1305
4104
1711
1147
16209036
-515
-424
1211
4655
1730
1004
16210061
-669
-371
1053
5135
1620
757
16211086
-657
-275
779
5472
1442
577
16212111
-479
-164
423
5618
1219
522
16204928
-199
-67
13
5600
1162
634
16205953
-22
-14
-382
5585
1301
862
16206978
-59
108
-719
5058
1407
1051
16208003
-167
189
-1002
4358
1377
883
16209028
-278
133
-1288
4336
1364
610
16210053
-488
85
-1533
4763
1478
586
16211078
-877
174
-1694
4781
1469
662
16212103
-1339
280
-1795
4523
1292
654
16213128
-1700
326
-1876
4503
1115
554
16214153
-1891
409
-1910
4431
1055
504
16215178
-2030
534
-1885
4110
1097
470
16216203
-2314
603
-1827
3840
1300
407
16217228
-2847
656
-1726
3786
1321
286
16218253
-3216
777
-1611
3839
937
186
16219278
-3176
915
-1540
3855
634
62
16220303
-2834
1031
-1491
3913
434
-78
16213196
-2297
1128
-1442
3862
376
-122
16214221
-1745
1169
-1416
3783
442
-107
16215246
-1330
1174
-1398
3716
526
-79
16216271
-1000
1170
-1387
3572
521
-65
16217296
-723
1138
-1383
3351
550
-67
16218321
-465
1064
-1362
3120
511
-109
16219346
-175
933
-1312
3095
473
-143
16220371
103
776
-1225
3209
450
-117
16221396
352
621
-1077
3279
519
-87
16222421
554
452
-868
3238
581
-69
16223446
748
202
-589
3396
548
48
16224471
941
-71
-236
3613
582
305
16225496
1071
-327
188
3939
676
512
16226521
1153
-529
681
4129
739
476
16227546
1276
-773
1231
4365
864
545
16228571
1309
-1016
1768
4224
1130
1121
16221312
1076
-1173
2199
3565
1205
1773
16222337
742
-1321
2425
3256
889
1981
16223362
552
-1496
2448
3608
608
1944
16224387
474
-1614
2386
4496
597
1824
16225412
429
-1502
2255
5198
662
1585
16226437
394
-1146
2097
5287
566
1238
16227462
548
-754
1851
4946
273
901
16228487
1046
-460
1544
4583
26
878
16229512
1758
-242
1221
4277
152
1192
16230537
2369
-59
938
3918
602
1478
16231562
2619
73
763
3581
1013
1468
16232587
2589
143
697
3313
1172
1243
16233612
2418
155
666
3149
1295
1055
16234637
2106
143
649
3144
1351
942
16235662
1747
142
675
3169
1352
845
16236687
1436
133
743
3136
1348
786
16229504
1189
92
825
3069
1377
845
16230529
967
19
902
3037
1424
984
16231554
741
-63
959
2992
1443
1075
16232579
523
-156
988
2958
1433
1091
16233604
307
-281
980
3116
1456
1106
16234629
82
-394
936
3537
1508
1146
16235654
-128
-458
870
4061
1532
1155
16236679
-264
-456
764
4487
1446
1080
16237704
-234
-384
598
4657
1263
880
16238729
-39
-311
345
4733
1131
756
16239754
208
-316
49
5203
1120
716
16240779
347
-288
-236
5660
1239
729
16241804
315
-211
-471
5831
1456
901
16242829
153
-44
-632
5148
1486
1132
16243854
29
70
-794
4256
1281
1109
16244879
13
57
-1076
4071
1169
864
16237696
-85
26
-1402
4545
1183
722
16238721
-357
95
-1703
5022
1206
744
16239746
-684
226
-2027
5391
1139
612
16240771
-985
393
-2383
5502
1007
371
16241796
-1257
547
-2730
5509
854
188
16242821
-1462
692
-3068
5530
624
20
16243846
-1535
851
-3357
5583
55
-250
16244871
-1336
1041
-3576
5419
-381
-328
16245896
-892
1177
-3711
5127
-194
-212
16246921
-386
1257
-3673
4794
34
-132
16247946
172
1304
-3476
4427
58
-139
16248971
773
1280
-3214
4098
168
-180
16249996
1133
1220
-2892
3733
309
-156
16251021
1209
1160
-2525
3385
283
-64
16252046
1117
1130
-2112
3027
301
62
16253071
918
1120
-1637
2712
290
172
16245888
692
1135
-1099
2471
381
235
16246913
489
1179
-492
2331
401
271
16247938
412
1209
148
2290
424
265
16248963
475
1207
797
2537
532
211
16249988
702
1231
1411
2788
832
375
16251013
923
1260
1904
3276
1531
560
16252038
986
1383
2307
3787
1921
449
16253063
1107
1557
2694
4207
1873
125
16254088
1471
1657
3015
4717
1887
-229
16255113
2044
1755
3259
4941
2076
-320
16256138
2558
1809
3445
5019
2125
-176
16257163
3100
1808
3534
5023
2069
57
16258188
3681
1782
3455
4931
2313
260
16259213
4029
1756
3252
4559
2245
277
16260238
4162
1677
2998
4254
2081
95
16261263
4079
1581
2753
4079
2093
-74
16254079
3758
1499
2508
3964
2086
-153
16255104
3289
1445
2279
3899
1917
-198
16256129
2854
1395
2076
3909
1625
-338
16257154
2638
1335
1916
3963
1507
-463
16258179
2637
1277
1800
3884
1489
-494
16259204
2784
1194
1685
3658
1438
-369
16260229
3002
1072
1546
3537
1341
-235
16261254
3181
957
1405
3422
1296
-231
16262279
3233
838
1281
3259
1328
-243
16263304
3165
700
1202
3066
1392
-199
16264329
3000
532
1178
2968
1464
-70
16265354
2779
357
1182
2994
1455
-8
16266379
2613
219
1202
3047
1405
-25
16267404
2600
101
1220
3122
1403
-31
16268429
2700
-9
1234
3236
1444
33
16269454
2794
-117
1217
3403
1520
153
16262272
2827
-201
1161
3508
1600
197
16263297
2763
-277
1082
3540
1709
210
16264322
2593
-377
985
3614
1741
187
16265347
2413
-501
866
3900
1698
153
16266372
2281
-645
751
4571
1702
230
16267397
2138
-737
669
5272
1910
549
16268422
1847
-715
660
5443
2140
977
16269447
1451
-615
702
4911
2172
1183
16270472
1130
-560
693
4391
2033
1040
16271497
896
-529
602
4386
1855
758
16272522
679
-505
433
4814
1734
677
16273547
458
-384
189
5249
1602
638
16274572
361
-109
-112
5056
1305
486
16275597
471
153
-465
4341
985
485
16276622
759
257
-862
3838
839
611
16277647
1061
299
-1220
3564
865
755
16270464
1194
345
-1498
3340
920
812
16271489
1147
389
-1678
3242
976
768
16272514
1000
428
-1752
3331
1058
603
16273539
772
501
-1739
3419
1109
359
16274564
513
585
-1642
3500
1097
174
16275589
259
659
-1458
3610
1061
87
16276614
49
716
-1205
3778
1008
61
16277639
-54
764
-911
3860
922
70
16278664
-11
775
-605
3893
874
78
16279689
141
762
-294
3785
838
95
16280714
387
706
-34
3604
798
103
16281739
657
621
137
3416
772
125
16282764
897
521
224
3209
783
157
16283789
988
400
240
3068
821
145
16284814
920
267
230
3086
857
125
16285839
781
159
251
3253
940
152
16278655
596
81
321
3467
1051
231
16279680
368
22
447
3769
1069
344
16280705
199
-18
612
4209
1100
435
16281730
90
-16
791
4697
1105
458
16282755
18
22
944
5118
1056
494
16283780
32
64
1026
5684
863
386
16284805
347
118
1025
6525
378
-125
16285830
1053
269
992
6791
298
-308
16286855
1838
514
995
5330
584
223
16287880
2472
517
987
3558
733
876
16288905
2773
303
877
2576
914
1361
16289930
2742
63
802
2285
1170
1676
16290955
2220
-103
749
2414
1416
1661
16291980
1291
-146
734
2757
1602
1346
16293005
371
-42
762
3123
1389
781
16294030
-125
152
749
3413
1036
223
16286848
-213
325
697
3667
694
8
16287873
68
479
663
3708
432
266
16288898
622
604
624
3460
411
688
16289923
1298
590
502
3196
552
988
16290948
1857
482
344
3117
861
1027
16291973
2062
349
238
2994
1075
1076
16292998
1936
160
193
2911
1216
1199
16294023
1498
-48
191
2955
1445
1229
16295048
868
-213
245
3041
1493
1212
16296073
316
-312
323
3051
1453
1281
16297098
-75
-380
382
3060
1372
1421
16298123
-309
-399
392
3108
1161
1475
16299148
-312
-338
315
3061
846
1367
16300173
-77
-279
141
3022
561
1215
16301198
242
-284
-83
3153
560
1230
16302223
432
-325
-283
3568
783
1349
16295040
412
-329
-413
4030
1027
1389
16296065
243
-299
-450
4373
1129
1269
16297090
29
-291
-389
4778
1160
1051
16298115
-159
-285
-245
5203
1240
928
16299140
-304
-261
-30
5445
1384
1020
16300165
-452
-259
209
5632
1511
1205
16301190
-594
-193
390
5291
1524
1270
16302215
-703
-139
428
4743
1455
1164
16303240
-812
-159
275
4708
1416
938
16304265
-975
-118
17
5003
1275
603
16305290
-1206
59
-296
4917
1091
340
16306315
-1476
244
-631
4456
983
268
16307340
-1713
326
-953
4184
1007
332
16308365
-1881
389
-1227
4076
906
354
16309390
-1984
487
-1456
3793
738
365
16310415
-1968
566
-1656
3551
575
298
16303231
-1827
649
-1776
3341
506
203
16304256
-1631
712
-1797
3233
517
198
16305281
-1373
744
-1746
3432
509
223
16306306
-999
854
-1638
3482
446
159
16307331
-571
982
-1481
3283
428
74
16308356
-166
1035
-1284
3144
557
10
16309381
141
1005
-1065
3240
745
1
16310406
303
952
-864
3436
839
15
16311431
379
930
-716
3420
776
-57
16312456
411
884
-625
3183
759
-88
16313481
388
724
-569
3355
778
-12
16314506
330
550
-537
3896
776
65
16315531
275
475
-509
4052
731
72
16316556
258
377
-471
4153
615
100
16317581
327
242
-405
4455
541
190
16318606
426
155
-242
4704
568
177
16311424
534
56
76
4962
542
31
16312449
730
-93
522
5159
691
1
16313474
894
-301
1093
4825
1292
533
16314499
717
-539
1688
3631
1721
1460
16315524
259
-859
2096
2812
1495
2045
16316549
-234
-1240
2148
2905
1179
2307
16317574
-642
-1449
1993
3525
951
2071
16318599
-854
-1324
1815
3867
619
1411
16319624
-682
-1081
1560
4055
322
816
16320649
-289
-801
1327
4119
350
539
16321674
172
-531
1143
3926
345
789
16322699
668
-356
909
3835
357
1267
16323724
1154
-197
663
3608
591
1494
16324749
1431
-120
491
3280
968
1507
16325774
1388
-152
385
3106
1250
1421
16326799
1123
-212
353
3054
1340
1378
16319616
762
-262
353
3079
1251
1316
16320641
456
-278
362
3076
1142
1169
16321666
259
-295
401
3043
1149
1135
16322691
145
-315
471
2981
1139
1193
16323716
114
-325
540
2798
1088
1313
16324741
117
-351
553
2636
1037
1346
16325766
100
-405
514
2631
1090
1315
16326791
-6
-483
469
2878
1247
1388
16327816
-211
-537
460
3402
1291
1416
16328841
-429
-515
462
4022
1264
1273
16329866
-537
-427
447
4625
1200
998
16330891
-468
-285
392
5027
1082
713
16331916
-236
-158
273
5345
964
535
16332941
90
-118
99
5932
1005
501
16333966
295
-100
-83
6642
1279
668
16334991
254
66
-235
6389
1525
932
16327810
57
226
-365
5279
1562
928
16328835
-183
200
-590
4732
1464
456
16329860
-508
94
-916
4832
1370
160
16330885
-972
95
-1212
4864
1121
210
16331910
-1405
188
-1469
4661
843
245
16332935
-1623
280
-1709
4329
704
244
16333960
-1629
331
-1867
4138
679
222
16334985
-1523
384
-1946
3975
672
226
16336010
-1374
435
-2003
3791
626
241
16337035
-1210
489
-2023
3612
507
231
16338060
-1002
533
-2017
3506
454
217
16339085
-786
574
-1977
3500
480
168
16340110
-607
642
-1883
3413
501
119
16341135
-480
696
-1741
3247
524
109
16342160
-401
713
-1564
3235
550
144
16343185
-335
735
-1373
3293
615
132
16336001
-259
786
-1152
3125
620
80
16337026
-165
780
-919
2909
620
65
16338051
-95
705
-680
2850
684
166
16339076
-60
609
-438
3103
710
186
16340101
-19
572
-202
3252
655
83
16341126
70
524
30
3327
595
-22
16342151
209
430
260
3623
616
-98
16343176
369
357
501
3827
659
-96
16344201
527
299
772
3766
666
29
16345226
666
183
1076
3689
718
198
16346251
778
28
1408
3941
826
309
16347276
849
-93
1767
4179
926
394
16348301
908
-225
2139
4569
970
397
16349326
997
-316
2447
4580
1070
485
16350351
1103
-404
2620
4281
1197
622
16351376
1221
-581
2602
4358
1307
764
16344191
1237
-809
2454
4705
1479
1241
16345216
986
-938
2219
4999
1498
1558
16346241
595
-876
1886
4753
1320
1425
16347266
237
-756
1484
4279
1090
1104
16348291
76
-629
1058
3877
877
819
16349316
236
-478
661
3575
667
727
16350341
640
-277
347
3305
437
683
16351366
1195
-101
133
3059
401
588
16352391
1756
17
26
2981
567
508
16353416
2218
94
17
2931
774
471
16354441
2503
100
68
2931
1053
528
16355466
2540
36
208
3068
1345
601
16356491
2354
-56
454
3237
1607
678
16357516
1982
-174
749
3328
1826
806
16358541
1472
-320
1032
3272
1861
911
16359566
917
-480
1223
3132
1744
1020
16352384
430
-646
1277
3083
1620
1106
16353409
33
-827
1235
3330
1548
1229
16354434
-258
-971
1128
3868
1448
1408
16355459
-298
-995
936
4487
1138
1445
16356484
-6
-860
634
4936
886
1278
16357509
443
-641
247
4989
954
1084
16358534
786
-504
-127
5384
1244
1105
16359559
884
-338
-460
5985
1486
1266
16360584
758
-118
-732
6453
1713
1388
16361609
442
188
-933
6218
1727
1385
16362634
176
540
-1101
5003
1307
1061
16363659
164
665
-1330
4178
1019
746
16364684
178
571
-1622
4410
1055
746
16365709
16
573
-1806
4821
1215
791
16366734
-332
700
-1869
4668
1233
670
16367759
-748
752
-1863
4472
1157
443
16360576
-1121
763
-1786
4353
1155
298
16361601
-1437
807
-1655
4088
1085
237
16362626
-1653
842
-1528
3726
915
205
16363651
-1735
830
-1413
3535
802
180
16364676
-1719
811
-1287
3493
779
133
16365701
-1663
811
-1151
3519
764
50
16366726
-1584
834
-1004
3554
739
-72
16367751
-1480
863
-843
3568
745
-170
16368776
-1374
886
-676
3582
749
-213
16369801
-1259
910
-523
3564
705
-248
16370826
-1112
946
-392
3434
636
-308
16371851
-884
936
-298
3178
566
-337
16372876
-576
877
-250
3009
499
-334
16373901
-206
774
-213
2958
501
-334
16374926
135
634
-159
3063
619
-331
16375951
318
445
-64
3416
718
-210
16368768
380
245
90
3840
825
-58
16369793
425
90
267
3962
718
-149
16370818
535
-99
445
4142
643
-204
16371843
668
-315
609
4588
678
-123
16372868
761
-481
818
4963
807
110
16373893
730
-659
1123
5275
1001
518
16374918
536
-802
1473
5109
1253
1108
16375943
225
-814
1776
3926
1335
1559
16376968
-54
-853
1917
2756
1100
1725
16377993
-156
-1041
1870
2541
913
1874
16379018
-205
-1265
1722
3311
898
2068
16380043
-306
-1199
1512
4069
870
1907
16381068
-326
-889
1248
4282
589
1499
16382093
-101
-598
925
4290
286
1134
16383118
373
-343
596
4244
102
967
16384143
1026
-118
322
4041
130
1142
16376961
1644
28
96
3710
465
1396
16377986
1979
97
-34
3426
827
1508
16379011
2046
111
-59
3172
1103
1457
16380036
1899
70
-36
2967
1293
1383
16381061
1533
-13
24
2888
1361
1321
16382086
1029
-103
131
2892
1381
1289
16383111
514
-190
262
2977
1402
1264
16384136
83
-241
413
3034
1343
1265
16385161
-191
-270
543
2925
1185
1341
16386186
-322
-327
616
2834
1073
1400
16387211
-375
-398
623
2926
1066
1430
16388236
-445
-456
591
3287
1121
1443
16389261
-562
-426
534
3565
1180
1391
16390286
-669
-393
452
3893
1230
1298
16391311
-780
-380
378
4375
1298
1228
16392336
-883
-329
319
4784
1306
1096
16385152
-923
-282
245
5225
1239
968
16386177
-900
-236
139
5550
1262
925
16387202
-880
-190
24
5770
1340
991
16388227
-907
-111
-106
5749
1381
1060
16389252
-954
56
-272
5008
1285
958
16390277
-963
150
-496
4251
1115
686
16391302
-986
109
-746
4219
1076
500
16392327
-1121
85
-954
4626
1209
526
16393352
-1416
207
-1047
4543
1308
576
16394377
-1821
292
-1041
4329
1232
485
16395402
-2166
323
-1010
4323
1148
310
16396427
-2386
414
-961
4198
1029
146
16397452
-2453
534
-919
3869
826
40
16398477
-2357
616
-914
3592
695
-7
16399502
-2150
677
-922
3479
645
-67
16400527
-1896
735
-939
3453
592
-114
16393343
-1619
778
-960
3521
557
-121
16394368
-1336
841
-977
3585
566
-98
16395393
-1010
921
-963
3467
565
-87
16396418
-675
950
-945
3380
506
-182
16397443
-316
941
-951
3444
386
-295
16398468
67
942
-1004
3409
403
-321
16399493
374
932
-1056
3271
474
-277
16400518
603
879
-1088
3209
527
-250
16401543
751
768
-1080
3327
594
-271
16402568
783
619
-1011
3609
649
-299
16403593
724
465
-871
3892
726
-222
16404618
614
331
-646
4040
703
-112
16405643
576
179
-340
4083
682
-37
16406668
612
-16
23
4207
670
46
16407693
689
-224
442
4356
708
155
16408718
783
-433
909
4491
807
398
16401536
835
-642
1398
4677
1150
909
16402561
674
-749
1860
3924
1208
1344
16403586
480
-854
2162
2831
861
1532
16404611
415
-1101
2195
2660
642
1762
16405636
359
-1344
2108
3299
805
1988
16406661
167
-1316
2018
3865
934
1936
16407686
-10
-1119
1865
4091
806
1499
16408711
-35
-892
1648
4342
680
944
16409736
111
-627
1398
4447
507
591
16410761
458
-378
1056
4325
355
553
16411786
973
-221
675
4157
460
729
16412811
1410
-155
344
3986
724
992
16413836
1601
-147
111
3832
987
1157
16414861
1621
-165
-28
3580
1161
1192
16415886
1497
-242
-114
3387
1252
1155
16416911
1199
-339
-140
3348
1300
1098
16409728
792
-400
-94
3337
1347
1076
16410753
359
-417
9
3256
1377
1097
16411778
5
-397
131
3101
1266
1114
16412803
-161
-356
235
2861
1123
1148
16413828
-211
-352
298
2644
998
1169
16414853
-189
-424
315
2822
997
1199
16415878
-194
-477
321
3266
1140
1271
16416903
-311
-492
339
3770
1315
1301
16417928
-547
-501
378
4450
1445
1230
16418953
-804
-414
412
4849
1471
1129
16419978
-988
-290
377
4894
1339
1000
16421003
-1016
-225
252
5051
1138
960
16422028
-883
-170
71
5280
983
999
16423053
-660
-74
-126
5345
985
1037
16424078
-514
-19
-283
5560
1214
1081
16425103
-547
145
-387
5245
1409
1074
16417920
-717
318
-433
4602
1387
856
16418945
-976
363
-502
4652
1378
615
16419970
-1333
421
-549
5069
1489
562
16420995
-1772
603
-527
5020
1390
470
16422020
-2073
771
-516
4736
1084
246
16423045
-2134
875
-552
4449
967
99
16424070
-2080
963
-604
4107
880
44
16425095
-1954
1019
-701
3787
776
43
16426120
-1779
1048
-831
3560
644
59
16427145
-1523
1073
-962
3370
566
11
16428170
-1204
1077
-1093
3263
558
-63
16429195
-891
1055
-1205
3320
606
-106
16430220
-663
1049
-1272
3427
679
-155
16431245
-515
1040
-1298
3539
753
-225
16432270
-473
1024
-1288
3545
835
-223
16433295
-738
913
-1215
3491
1317
-43
16426112
-1723
790
-1030
3634
1680
-60
16427137
-2401
903
-818
3568
662
-298
16428162
-1993
964
-686
3311
197
-427
16429187
-1257
838
-640
3419
209
-506
16430212
-715
677
-590
3725
326
-479
16431237
-349
567
-541
3931
352
-277
16432262
-18
428
-505
4035
401
-211
16433287
185
148
-382
4436
582
-273
16434312
251
-156
-132
4688
684
-87
16435337
342
-451
186
4635
568
170
16436362
619
-821
507
4578
569
583
16437387
820
-1082
765
3708
701
1449
16438412
838
-1219
886
2588
434
1961
16439437
884
-1430
823
2343
191
1895
16440462
934
-1636
729
3025
93
1803
16441487
915
-1603
721
3699
36
1744
16434305
968
-1411
715
4010
-4
1466
16435330
1112
-1191
756
4471
22
1131
16436355
1371
-913
815
4639
65
846
16437380
1755
-676
824
4542
232
911
16438405
2160
-527
832
4308
390
1309
16439430
2474
-450
839
3970
756
1767
16440455
2512
-420
862
3717
1066
1858
16441480
2315
-397
925
3400
1146
1643
16442505
2000
-424
952
3184
1152
1447
16443530
1600
-464
943
3175
1246
1342
16444555
1107
-448
974
3237
1357
1305
16445580
619
-389
1035
3210
1351
1274
16446605
211
-348
1094
3120
1411
1233
16447630
-385
-380
1177
3051
1725
1154
16448655
-1089
-410
1242
3064
1368
1088
16449680
-1268
-466
1208
3306
929
1215
16442496
-1082
-547
1095
3737
794
1341
16443521
-735
-592
959
4317
755
1315
16444546
-303
-540
818
4793
878
1130
16445571
122
-461
627
5261
1069
871
16446596
443
-389
356
6018
1210
725
16447621
582
-251
65
6651
1398
716
16448646
459
-23
-215
6614
1534
901
16449671
180
302
-493
5395
1429
1036
16450696
-22
493
-813
3955
1167
952
16451721
-160
456
-1166
3320
1074
861
16452746
-329
310
-1473
3758
1075
810
16453771
-571
345
-1671
4351
1213
765
16454796
-923
536
-1753
4439
1164
606
16455821
-1174
671
-1783
4538
993
324
16456846
-1271
774
-1784
4693
963
149
16457871
-1337
919
-1718
4573
869
96
16450688
-1290
1001
-1657
4353
743
98
16451713
-1136
1024
-1613
4233
745
114
16452738
-967
1041
-1547
4042
749
99
16453763
-800
1025
-1488
3822
722
28
16454788
-660
961
-1452
3714
712
-77
16455813
-555
911
-1424
3658
658
-197
16456838
-446
869
-1391
3622
674
-263
16457863
-396
841
-1347
3441
646
-291
16458888
-323
785
-1301
3229
564
-300
16459913
-218
700
-1235
3166
577
-260
16460938
-147
631
-1144
3077
574
-225
16461963
-76
565
-1006
2999
562
-230
16462988
-7
460
-812
3138
614
-177
16464013
24
361
-574
3355
663
-117
16465038
44
280
-305
3517
672
-84
16466063
79
198
-32
3611
639
-64
16458880
159
97
247
3672
594
49
16459905
276
-41
551
3900
560
222
16460930
393
-194
913
4323
635
402
16461955
542
-313
1362
4595
658
459
16462980
767
-494
1881
5000
811
603
16464005
933
-588
2342
4632
1173
1098
16465030
925
-619
2657
3657
1113
1435
16466055
909
-761
2723
3294
780
1559
16467080
972
-996
2600
3723
704
1847
16468105
898
-1106
2449
4506
838
1965
16469130
708
-948
2284
4863
856
1642
16470155
679
-706
2084
4884
740
1162
16471180
862
-449
1849
4667
676
851
16472205
1216
-200
1605
4273
505
867
16473230
1717
-19
1314
3894
538
1064
16474255
2140
104
1015
3615
872
1186
16467072
2278
179
820
3369
1148
1142
16468097
2231
192
709
3203
1334
1007
16469122
2035
151
631
3177
1511
908
16470147
1639
84
592
3281
1653
900
16471172
1102
30
603
3356
1728
916
16472197
563
-28
637
3277
1690
965
16473222
126
-108
643
3148
1543
1057
16474247
-148
-184
586
3002
1342
1120
16475272
-246
-249
455
2846
1202
1120
16476297
-245
-345
277
2922
1170
1197
16477322
-245
-418
94
3216
1200
1272
16478347
-265
-419
-87
3605
1193
1230
16479372
-283
-380
-266
4007
1167
1097
16480397
-274
-302
-427
4286
1113
918
16481422
-219
-247
-562
4558
1058
777
16482447
-161
-247
-693
5019
1097
748
16475264
-136
-202
-793
5218
1133
705
16476289
-187
-240
-844
5598
1268
819
16477314
-380
-247
-886
5749
1475
1099
16478339
-649
-118
-933
4965
1312
1144
16479364
-836
-68
-1063
4157
1014
931
16480389
-964
-175
-1305
4377
990
745
16481414
-1171
-161
-1518
4965
1036
650
16482439
-1419
51
-1639
5079
783
525
16483464
-1531
251
-1717
4899
480
369
16484489
-1457
395
-1753
4669
311
243
16485514
-1252
536
-1747
4311
237
189
16486539
-964
613
-1753
4003
281
157
16487564
-666
623
-1771
3857
331
131
16488589
-411
626
-1757
3716
284
71
16489614
-181
609
-1710
3570
308
26
16490639
-7
553
-1633
3524
379
-45
16483455
76
504
-1492
3535
521
-127
16484480
79
472
-1273
3458
642
-189
16485505
-2
430
-1006
3272
690
-202
16486530
-106
359
-720
3088
717
-165
16487555
-221
274
-422
2982
746
-87
16488580
-312
199
-133
2861
725
2
16489605
-354
134
125
2686
726
65
16490630
-367
63
344
2625
730
112
16491655
-350
-7
536
2831
753
150
16492680
-310
-40
720
3185
774
161
16493705
-253
-31
905
3494
786
189
16494730
-187
-14
1086
3744
755
208
16495755
-33
-9
1260
4119
608
112
16496780
357
-88
1481
5101
407
-142
16497805
981
-197
1811
6504
549
-394
16498830
1584
-208
2249
7151
1200
-98
16491648
1818
-169
2681
5997
1846
861
16492673
1739
-305
2943
4665
1798
1708
16493698
1717
-455
2756
3589
1458
2016
16494723
1689
-567
2206
2671
1002
2083
16495748
1474
-667
1596
2660
769
1945
16496773
1034
-640
1021
3286
1180
1617
16497798
533
-424
521
3923
1306
1019
16498823
338
-71
78
4318
931
490
16499848
503
224
-266
4543
502
406
16500873
854
423
-477
4543
568
835
16501898
1052
538
-619
4316
843
1313
16502923
1103
567
-784
3920
1148
1630
16503948
921
488
-881
3491
1337
1905
16504973
460
326
-806
3196
1395
2016
16505998
-110
109
-631
2883
1150
1873
16507023
-474
-43
-386
2697
1028
1735
16499841
-855
-181
-372
2511
863
1564
16500866
-975
-313
-263
2896
714
1395
16501891
-944
-226
-78
2782
672
1358
16502916
-886
-207
-38
2507
591
1299
16503941
-750
-261
-3
2580
702
1222
16504966
-728
-383
62
3254
769
1172
16505991
-822
-548
164
4752
892
1065
16507016
-906
-447
317
5790
1023
848
16508041
-928
-105
410
5319
1144
788
16509066
-882
149
467
4028
1063
737
16510091
-689
168
395
3269
903
733
16511116
-472
71
125
3242
755
738
16512141
-353
53
-213
3435
565
627
16513166
-301
104
-522
3588
647
457
16514191
-224
172
-724
3816
795
287
16515216
-74
227
-857
4038
838
131
16508031
90
254
-949
4195
749
101
16509056
232
234
-1008
4229
773
181
16510081
258
165
-1020
4191
963
322
16511106
151
72
-981
4130
1100
438
16512131
-32
-23
-913
4004
1131
491
16513156
-262
-123
-847
3870
1066
495
16514181
-485
-202
-795
3797
942
461
16515206
-628
-252
-769
3764
869
480
16516231
-691
-279
-741
3735
811
526
16517256
-673
-272
-667
3731
759
582
16518281
-616
-251
-599
3683
705
655
16519306
-542
-233
-511
3721
687
696
16520331
-457
-196
-396
3745
673
704
16521356
-352
-163
-273
3742
668
707
16522381
-228
-139
-143
3727
677
729
16523406
-105
-128
-10
3697
700
776
16516224
-5
-126
117
3707
746
802
16517249
52
-127
235
3726
800
801
16518274
58
-123
355
3760
863
799
16519299
29
-114
474
3756
902
798
16520324
0
-99
582
3742
890
787
16521349
9
-80
669
3720
856
748
16522374
70
-60
731
3709
851
710
16523399
157
-41
776
3737
876
679
16524424
241
-25
807
3818
907
630
16525449
309
-7
820
3876
946
573
16526474
344
9
818
3816
1014
521
16527499
314
-12
811
3737
1080
492
16528524
213
-65
800
3715
1138
487
16529549
55
-129
797
3795
1198
504
16530574
-143
-169
799
3813
1221
511
16531599
-316
-190
787
3782
1175
480
16524417
-386
-195
742
3755
1075
456
16525442
-343
-191
651
3745
988
440
16526467
-210
-179
525
3765
921
455
16527492
-28
-158
376
3755
905
503
16528517
133
-141
220
3715
939
529
16529542
235
-139
78
3722
1006
552
16530567
252
-144
-44
3746
1059
577
16531592
197
-157
-137
3812
1094
581
16532617
93
-170
-205
3857
1088
609
16533642
-14
-184
-252
3939
1025
613
16534667
-76
-185
-286
3962
971
624
16535692
-95
-187
-308
3927
928
662
16536717
-102
-190
-322
3898
918
705
16537742
-122
-188
-333
3896
918
747
16538767
-164
-176
-342
3914
882
744
16539792
-196
-150
-345
3919
824
736
16532608
-210
-120
-344
3909
814
738
16533633
-220
-90
-337
3878
820
763
16534658
-233
-66
-326
3891
805
759
16535683
-254
-39
-325
3899
796
755
16536708
-268
-12
-325
3890
754
722
16537733
-255
13
-314
3884
723
707
16538758
-215
37
-296
3865
737
693
16539783
-182
55
-263
3837
750
674
16540808
-161
67
-224
3792
768
660
16541833
-157
72
-185
3757
794
645
16542858
-163
76
-148
3749
827
611
16543883
-171
78
-112
3745
842
588
16544908
-171
80
-82
3749
837
561
16545933
-152
81
-55
3757
846
538
16546958
-126
77
-25
3746
855
527
16547983
-97
68
6
3755
871
521
16540800
-69
61
34
3742
886
509
16541825
-52
48
56
3737
911
498
16542850
-45
36
72
3740
929
493
16543875
-45
24
79
3744
936
487
16544900
-45
13
78
3749
934
480
16545925
-40
-1
76
3736
945
497
16546950
-38
-19
79
3724
948
518
16547975
-37
-40
82
3737
959
518
16549000
-39
-55
84
3751
969
532
16550025
-42
-64
82
3773
969
545
16551050
-43
-68
80
3776
966
558
16552075
-35
-68
72
3770
965
580
16553100
-32
-68
62
3780
962
596
16554125
-28
-67
51
3775
969
608
16555150
-26
-67
38
3776
965
627
16556175
-24
-64
26
3788
951
629
16548992
-14
-54
16
3791
952
635
16550017
-5
-45
13
3774
956
653
16551042
1
-37
14
3769
956
659
16552067
2
-31
13
3782
958
659
16553092
0
-23
12
3782
961
659
16554117
-4
-15
9
3796
945
657
16555142
0
-5
7
3791
945
650
16556167
6
5
3
3792
942
642
16557192
14
14
-2
3791
941
637
16558217
21
21
-7
3785
944
626
16559242
21
26
-10
3786
948
613
16560267
18
30
-13
3765
948
607
16561292
5
30
-13
3748
950
598
16562317
-10
25
-9
3745
940
580
16563342
-20
20
-5
3747
939
560
16564367
-25
12
3
3744
950
568
16557184
-33
5
12
3750
952
574
16558209
-38
1
17
3772
950
549
16559234
-28
0
14
3772
955
535
16560259
-14
-4
5
3779
962
545
16561284
-8
-9
-9
3765
955
562
16562309
-9
-16
-29
3762
958
553
16563334
-20
-19
-43
3775
968
565
16564359
-40
-18
-41
3760
956
570
16565384
-56
-20
-32
3722
931
586
16566409
-61
-24
-28
3703
918
590
16567434
-56
-29
-25
3704
920
586
16568459
-47
-32
-20
3730
934
582
16569484
-53
-31
-11
3763
947
573
16570509
-69
-28
-3
3792
947
562
16571534
-73
-30
-2
3815
940
563
16572559
-61
-33
-9
3805
935
563
16565553
-45
-36
-21
3805
944
562
16566578
-38
-37
-34
3792
960
570
16567603
-49
-36
-40
3776
947
580
16568628
-61
-33
-38
3763
931
586
16569653
-63
-33
-31
3776
918
586
16570678
-55
-30
-18
3784
927
587
16571703
-49
-26
-6
3790
933
583
16572728
-49
-21
-1
3801
936
583
16573753
-48
-18
-4
3799
937
573
16574778
-46
-15
-8
3788
936
577
16575803
-43
-14
-12
3781
935
574
16576828
-40
-12
-14
3801
926
563
16577853
-36
-4
-12
3781
919
564
16578878
-28
-2
-10
3752
920
561
16579903
-21
-5
-6
3758
923
556
16580928
-24
-7
0
3772
929
559
16573568
-32
-9
10
3780
934
559
16574593
-38
-14
21
3780
943
555
16575618
-36
-15
25
3794
936
562
16576643
-27
-12
22
3776
930
556
16577668
-16
-15
16
3781
950
562
16578693
-18
-16
13
3779
957
583
16579718
-28
-15
12
3781
946
584
16580743
-27
-11
8
3795
944
587
16581768
-15
-1
7
3778
933
596
16582793
2
8
6
3759
930
596
16583818
21
13
2
3769
936
590
16584843
30
15
0
3760
943
586
16585868
30
18
5
3753
951
568
16586893
19
14
10
3744
958
547
16587918
1
7
19
3722
960
548
16588943
-17
-8
31
3708
960
543
16581760
-37
-25
46
3701
978
553
16582785
-59
-42
61
3711
989
549
16583810
-77
-55
69
3732
1004
559
16584835
-89
-63
70
3740
1011
582
16585860
-99
-67
67
3753
1019
599
16586885
-107
-71
53
3769
1039
614
16587910
-116
-67
38
3794
1042
618
16588935
-119
-57
20
3781
1016
625
16589960
-108
-50
-6
3774
1019
628
16590985
-100
-44
-33
3789
1015
640
16592010
-98
-33
-52
3786
1012
647
16593035
-99
-24
-62
3786
1006
633
16594060
-101
-16
-66
3784
986
629
16595085
-95
-7
-71
3799
968
625
16596110
-81
2
-77
3814
965
604
16597135
-69
9
-79
3798
963
605
16589952
-72
11
-79
3781
966
609
16590977
-86
11
-78
3776
950
590
16592002
-96
9
-74
3759
935
589
16593027
-94
6
-69
3765
926
585
16594052
-93
4
-59
3734
925
577
16595077
-105
-4
-44
3712
934
559
16596102
-123
-15
-23
3713
933
564
16597127
-134
-23
0
3703
924
560
16598152
-138
-26
13
3700
927
530
16599177
-142
-33
31
3710
969
528
16600202
-156
-43
51
3709
964
509
16601227
-163
-60
67
3735
991
508
16602252
-182
-76
81
3778
1020
527
16603277
-209
-87
87
3790
1041
543
16604302
-228
-96
85
3790
1040
561
16605327
-225
-98
71
3804
1038
571
16598143
-215
-91
45
3808
1047
593
16599168
-204
-78
14
3804
1045
618
16600193
-197
-65
-19
3810
1038
643
16601218
-191
-46
-55
3843
1034
642
16602243
-178
-19
-86
3841
1008
640
16603268
-151
5
-113
3816
979
634
16604293
-117
25
-139
3818
969
619
16605318
-92
42
-161
3824
959
616
16606343
-78
58
-175
3822
952
592
16607368
-75
66
-179
3816
940
565
16608393
-77
70
-177
3788
929
557
16609418
-76
70
-172
3776
898
551
16610443
-66
66
-162
3774
886
534
16611468
-47
63
-147
3765
873
523
16612493
-24
61
-126
3751
869
520
16613518
-7
53
-101
3731
870
525
16606337
0
40
-72
3726
875
530
16607362
3
28
-41
3721
875
534
16608387
5
17
-10
3718
883
540
16609412
2
2
22
3717
901
551
16610437
-8
-10
54
3721
915
560
16611462
-19
-22
81
3720
910
565
16612487
-18
-36
104
3750
919
589
16613512
-6
-41
123
3758
930
597
16614537
3
-45
137
3732
948
603
16615562
1
-52
142
3746
975
621
16616587
-13
-57
147
3762
990
638
16617612
-35
-58
156
3749
976
649
16618637
-39
-57
164
3751
968
661
16619662
-19
-50
168
3766
966
653
16620687
13
-42
167
3768
988
652
16621712
32
-33
161
3765
1018
664
16614528
24
-25
154
3779
1048
682
16615553
6
-18
139
3812
1055
694
16616578
-12
-1
118
3816
1012
648
16617603
9
17
95
3818
1005
598
16618628
46
24
69
3811
1037
619
16619653
58
41
41
3807
1000
625
16620678
84
64
9
3753
1000
640
16621703
101
71
-19
3741
1024
636
16622728
87
76
-31
3746
1015
618
16623753
77
82
-42
3743
995
611
16624778
92
85
-56
3758
968
599
16625803
118
86
-67
3741
967
580
16626828
135
77
-76
3748
986
576
16627853
119
64
-77
3756
1004
569
16628878
77
49
-72
3753
990
572
16629903
46
33
-67
3751
967
570
16622720
32
16
-63
3747
968
583
16623745
23
1
-56
3740
961
610
16624770
4
-11
-49
3738
964
616
16625795
-20
-19
-43
3742
959
626
16626820
-38
-24
-35
3747
949
646
16627845
-43
-27
-30
3752
930
655
16628870
-36
-28
-28
3766
925
654
16629895
-26
-26
-27
3778
934
668
16630920
-20
-23
-25
3758
935
678
16631945
-21
-20
-24
3755
935
674
16632970
-29
-16
-25
3759
941
668
16633995
-42
-11
-22
3754
937
679
16635020
-49
-10
-13
3762
921
677
16636045
-42
-7
-3
3762
911
668
16637070
-26
-4
5
3769
914
652
16638095
-10
-3
10
3774
926
654
16630912
-6
-1
15
3768
938
641
16631937
-10
-3
19
3762
934
638
16632962
-5
-5
22
3753
926
636
16633987
3
-10
29
3746
926
632
16635012
4
-17
38
3727
944
629
16636037
-10
-24
52
3725
958
631
16637062
-29
-33
66
3731
962
631
16638087
-43
-42
80
3744
965
642
16639112
-52
-47
91
3746
966
644
16640137
-55
-53
95
3746
980
638
16641162
-59
-57
92
3751
996
649
16642187
-68
-57
85
3758
997
658
16643212
-74
-56
73
3763
986
655
16644237
-70
-54
60
3767
985
651
16645262
-61
-50
48
3776
983
649
16646287
